TRACENO
              1         122.125
              2         122.125
              3         121.148
              4         121.148
              5         121.148
              6         121.148
              7         121.148
              8         121.148
              9         121.148
             10         121.148
             11         121.148
             12         121.148
             13         121.148
             14         121.148
             15         121.148
             16         121.148
             17         121.148
             18         121.148
             19         121.148
             20         122.125
             21         122.125
             22         122.125
             23         122.125
             24         122.125
             25         122.125
             26         122.125
             27         122.125
             28         122.125
             29         122.125
             30         122.125
             31         122.125
             32         122.125
             33         122.125
             34         122.125
             35         122.125
             36         122.125
             37         122.125
             38         122.125
             39         122.125
             40         122.125
             41         122.125
             42         122.125
             43         122.125
             44         122.125
             45         122.125
             46         122.125
             47         122.125
             48         122.125
             49         122.125
             50         122.125
             51         122.125
             52         122.125
             53         122.125
             54         122.125
             55         122.125
             56         122.125
             57         122.125
             58         122.125
             59         123.102
             60         123.102
             61         123.102
             62         123.102
             63         123.102
             64         123.102
             65         123.102
             66         123.102
             67         123.102
             68         123.102
             69         123.102
             70         123.102
             71         123.102
             72         123.102
             73         123.102
             74         123.102
             75         123.102
             76         123.102
             77         123.102
             78         123.102
             79         123.102
             80         123.102
             81         123.102
             82         123.102
             83         123.102
             84         123.102
             85         123.102
             86         123.102
             87         123.102
             88         123.102
             89         123.102
             90         123.102
             91         123.102
             92         123.102
             93         123.102
             94         123.102
             95         123.102
             96         123.102
             97         123.102
             98         123.102
             99         123.102
            100         123.102
            101         123.102
            102         123.102
            103         123.102
            104         123.102
            105         123.102
            106         123.102
            107         123.102
            108         123.102
            109         123.102
            110         123.102
            111         124.079
            112         124.079
            113         124.079
            114         124.079
            115         124.079
            116         124.079
            117         124.079
            118         124.079
            119         124.079
            120         124.079
            121         124.079
            122         124.079
            123         124.079
            124         124.079
            125         124.079
            126         125.056
            127         125.056
            128         125.056
            129         125.056
            130         125.056
            131         125.056
            132         125.056
            133         125.056
            134         125.056
            135         125.056
            136         125.056
            137         125.056
            138         125.056
            139         125.056
            140         125.056
            141         125.056
            142         125.056
            143         125.056
            144         125.056
            145         125.056
            146         125.056
            147         125.056
            148         125.056
            149         125.056
            150         126.033
            151         126.033
            152         126.033
            153         126.033
            154         126.033
            155         126.033
            156         126.033
            157         126.033
            158         126.033
            159         126.033
            160         126.033
            161         126.033
            162         126.033
            163         126.033
            164         126.033
            165         126.033
            166         126.033
            167         126.033
            168         127.010
            169         127.010
            170         127.010
            171         127.010
            172         127.010
            173         127.010
            174         127.010
            175         127.010
            176         127.010
            177         127.010
            178         127.010
            179         127.010
            180         127.010
            181         127.987
            182         127.987
            183         127.987
            184         127.987
            185         127.987
            186         127.987
            187         127.987
            188         127.987
            189         127.987
            190         127.987
            191         127.987
            192         127.987
            193         127.987
            194         127.987
            195         127.987
            196         127.987
            197         127.987
            198         127.987
            199         127.987
            200         127.987
            201         127.987
            202         127.987
            203         127.987
            204         127.987
            205         127.987
            206         127.987
            207         127.987
            208         127.987
            209         127.987
            210         127.987
            211         127.987
            212         127.987
            213         127.987
            214         127.987
            215         127.987
            216         127.987
            217         127.987
            218         128.964
            219         128.964
            220         128.964
            221         128.964
            222         128.964
            223         128.964
            224         128.964
            225         128.964
            226         128.964
            227         128.964
            228         128.964
            229         128.964
            230         128.964
            231         128.964
            232         128.964
            233         128.964
            234         128.964
            235         128.964
            236         128.964
            237         128.964
            238         128.964
            239         128.964
            240         128.964
            241         128.964
            242         128.964
            243         128.964
            244         128.964
            245         128.964
            246         128.964
            247         128.964
            248         128.964
            249         128.964
            250         128.964
            251         128.964
            252         128.964
            253         128.964
            254         128.964
            255         128.964
            256         128.964
            257         128.964
            258         128.964
            259         128.964
            260         128.964
            261         128.964
            262         128.964
            263         128.964
            264         128.964
            265         128.964
            266         128.964
            267         128.964
            268         128.964
            269         128.964
            270         128.964
            271         128.964
            272         128.964
            273         128.964
            274         128.964
            275         128.964
            276         128.964
            277         128.964
            278         128.964
            279         128.964
            280         128.964
            281         128.964
            282         128.964
            283         128.964
            284         128.964
            285         128.964
            286         128.964
            287         128.964
            288         128.964
            289         128.964
            290         128.964
            291         128.964
            292         128.964
            293         128.964
            294         128.964
            295         128.964
            296         128.964
            297         127.987
            298         127.987
            299         127.987
            300         127.987
            301         127.987
            302         127.987
            303         127.987
            304         127.987
            305         127.987
            306         127.987
            307         127.987
            308         127.987
            309         127.987
            310         127.987
            311         127.987
            312         127.987
            313         127.987
            314         127.987
            315         127.987
            316         127.987
            317         127.987
            318         127.987
            319         127.987
            320         127.987
            321         127.987
            322         127.987
            323         127.987
            324         127.987
            325         127.987
            326         127.987
            327         127.987
            328         127.987
            329         127.987
            330         127.987
            331         127.987
            332         127.987
            333         127.987
            334         127.987
            335         127.987
            336         127.987
            337         127.987
            338         127.987
            339         127.987
            340         127.987
            341         127.987
            342         127.987
            343         127.987
            344         127.987
            345         127.987
            346         127.987
            347         127.987
            348         127.987
            349         127.987
            350         127.987
            351         127.987
            352         127.010
            353         127.010
            354         127.010
            355         127.010
            356         127.010
            357         127.010
            358         127.010
            359         127.010
            360         127.010
            361         127.010
            362         127.010
            363         127.010
            364         127.010
            365         127.010
            366         127.010
            367         127.010
            368         127.010
            369         127.010
            370         127.010
            371         127.010
            372         127.010
            373         127.010
            374         127.010
            375         127.010
            376         127.010
            377         127.010
            378         127.010
            379         127.010
            380         127.010
            381         127.010
            382         127.010
            383         127.010
            384         127.010
            385         127.010
            386         127.010
            387         126.033
            388         126.033
            389         126.033
            390         126.033
            391         126.033
            392         126.033
            393         126.033
            394         126.033
            395         126.033
            396         126.033
            397         126.033
            398         126.033
            399         126.033
            400         126.033
            401         126.033
            402         126.033
            403         126.033
            404         126.033
            405         126.033
            406         126.033
            407         126.033
            408         126.033
            409         126.033
            410         126.033
            411         126.033
            412         126.033
            413         126.033
            414         126.033
            415         126.033
            416         126.033
            417         126.033
            418         126.033
            419         126.033
            420         126.033
            421         126.033
            422         127.010
            423         127.010
            424         127.010
            425         127.010
            426         127.010
            427         127.010
            428         127.010
            429         127.010
            430         127.010
            431         127.010
            432         127.010
            433         127.010
            434         127.010
            435         127.010
            436         127.010
            437         127.010
            438         127.010
            439         127.010
            440         127.010
            441         127.010
            442         127.010
            443         127.010
            444         127.010
            445         127.010
            446         127.010
            447         127.010
            448         127.010
            449         127.010
            450         127.010
            451         127.010
            452         127.010
            453         127.010
            454         127.010
            455         127.010
            456         127.010
            457         127.010
            458         127.010
            459         127.010
            460         127.987
            461         127.987
            462         127.987
            463         127.987
            464         127.987
            465         127.987
            466         127.987
            467         127.987
            468         127.987
            469         127.987
            470         127.987
            471         127.987
            472         127.987
            473         127.987
            474         127.987
            475         127.987
            476         127.987
            477         127.987
            478         127.987
            479         127.987
            480         127.987
            481         127.987
            482         127.987
            483         127.987
            484         127.987
            485         127.987
            486         127.987
            487         127.987
            488         127.987
            489         127.987
            490         127.987
            491         127.987
            492         127.987
            493         127.987
            494         127.987
            495         127.987
            496         127.987
            497         127.987
            498         127.987
            499         127.987
            500         127.987
            501         127.987
            502         127.987
            503         128.964
            504         128.964
            505         128.964
            506         128.964
            507         128.964
            508         128.964
            509         128.964
            510         128.964
            511         128.964
            512         128.964
            513         128.964
            514         129.941
            515         129.941
            516         129.941
            517         129.941
            518         129.941
            519         129.941
            520         129.941
            521         129.941
            522         129.941
            523         129.941
            524         130.918
            525         130.918
            526         130.918
            527         130.918
            528         130.918
            529         130.918
            530         130.918
            531         130.918
            532         130.918
            533         131.895
            534         131.895
            535         131.895
            536         131.895
            537         131.895
            538         131.895
            539         131.895
            540         131.895
            541         131.895
            542         131.895
            543         132.872
            544         132.872
            545         132.872
            546         132.872
            547         132.872
            548         132.872
            549         132.872
            550         132.872
            551         131.895
            552         131.895
            553         131.895
            554         131.895
            555         131.895
            556         131.895
            557         131.895
            558         132.872
            559         132.872
            560         132.872
            561         132.872
            562         133.849
            563         133.849
            564         133.849
            565         133.849
            566         133.849
            567         133.849
            568         133.849
            569         133.849
            570         133.849
            571         133.849
            572         133.849
            573         133.849
            574         133.849
            575         133.849
            576         133.849
            577         133.849
            578         133.849
            579         133.849
            580         133.849
            581         133.849
            582         133.849
            583         133.849
            584         133.849
            585         133.849
            586         133.849
            587         133.849
            588         133.849
            589         134.826
            590         134.826
            591         134.826
            592         134.826
            593         134.826
            594         134.826
            595         134.826
            596         134.826
            597         134.826
            598         134.826
            599         134.826
            600         134.826
            601         134.826
            602         134.826
            603         134.826
            604         134.826
            605         134.826
            606         134.826
            607         134.826
            608         134.826
            609         134.826
            610         134.826
            611         134.826
            612         134.826
            613         134.826
            614         134.826
            615         134.826
            616         134.826
            617         134.826
            618         134.826
            619         134.826
            620         134.826
            621         134.826
            622         134.826
            623         134.826
            624         134.826
            625         134.826
            626         134.826
            627         134.826
            628         134.826
            629         134.826
            630         134.826
            631         133.849
            632         133.849
            633         133.849
            634         133.849
            635         133.849
            636         133.849
            637         133.849
            638         133.849
            639         133.849
            640         133.849
            641         133.849
            642         133.849
            643         133.849
            644         133.849
            645         133.849
            646         133.849
            647         133.849
            648         133.849
            649         133.849
            650         133.849
            651         133.849
            652         133.849
            653         133.849
            654         133.849
            655         133.849
            656         133.849
            657         132.872
            658         133.849
            659         133.849
            660         133.849
            661         133.849
            662         133.849
            663         133.849
            664         134.826
            665         134.826
            666         134.826
            667         134.826
            668         134.826
            669         134.826
            670         134.826
            671         134.826
            672         133.849
            673         133.849
            674         133.849
            675         133.849
            676         133.849
            677         133.849
            678         133.849
            679         133.849
            680         133.849
            681         133.849
            682         133.849
            683         133.849
            684         133.849
            685         132.872
            686         132.872
            687         132.872
            688         132.872
            689         132.872
            690         132.872
            691         132.872
            692         132.872
            693         132.872
            694         132.872
            695         131.895
            696         131.895
            697         131.895
            698         131.895
            699         131.895
            700         131.895
            701         131.895
            702         131.895
            703         131.895
            704         131.895
            705         131.895
            706         131.895
            707         131.895
            708         131.895
            709         131.895
            710         131.895
            711         131.895
            712         131.895
            713         131.895
            714         131.895
            715         131.895
            716         131.895
            717         131.895
            718         131.895
            719         131.895
            720         131.895
            721         131.895
            722         131.895
            723         131.895
            724         131.895
            725         131.895
            726         131.895
            727         131.895
            728         131.895
            729         131.895
            730         131.895
            731         131.895
            732         131.895
            733         131.895
