TRACENO
              1         156.320
              2         156.320
              3         156.320
              4         156.320
              5         156.320
              6         156.320
              7         156.320
              8         156.320
              9         156.320
             10         156.320
             11         156.320
             12         156.320
             13         156.320
             14         156.320
             15         156.320
             16         156.320
             17         156.320
             18         156.320
             19         156.320
             20         156.320
             21         157.297
             22         157.297
             23         157.297
             24         157.297
             25         157.297
             26         157.297
             27         157.297
             28         157.297
             29         157.297
             30         157.297
             31         157.297
             32         157.297
             33         157.297
             34         157.297
             35         158.274
             36         158.274
             37         158.274
             38         158.274
             39         158.274
             40         158.274
             41         158.274
             42         158.274
             43         158.274
             44         159.251
             45         159.251
             46         159.251
             47         159.251
             48         159.251
             49         160.228
             50         160.228
             51         160.228
             52         160.228
             53         160.228
             54         160.228
             55         161.205
             56         161.205
             57         161.205
             58         161.205
             59         161.205
             60         162.182
             61         162.182
             62         162.182
             63         162.182
             64         162.182
             65         163.159
             66         163.159
             67         163.159
             68         163.159
             69         163.159
             70         163.159
             71         164.136
             72         164.136
             73         164.136
             74         164.136
             75         164.136
             76         165.113
             77         165.113
             78         165.113
             79         165.113
             80         165.113
             81         165.113
             82         165.113
             83         165.113
             84         165.113
             85         165.113
             86         165.113
             87         166.090
             88         166.090
             89         166.090
             90         166.090
             91         166.090
             92         166.090
             93         166.090
             94         167.067
             95         167.067
             96         167.067
             97         167.067
             98         167.067
             99         167.067
            100         167.067
            101         168.044
            102         168.044
            103         168.044
            104         168.044
            105         168.044
            106         168.044
            107         169.021
            108         169.021
            109         169.021
            110         169.021
            111         169.021
            112         169.021
            113         169.021
            114         169.998
            115         169.998
            116         169.998
            117         169.998
            118         169.998
            119         169.998
            120         169.998
            121         170.975
            122         170.975
            123         170.975
            124         170.975
            125         170.975
            126         170.975
            127         171.952
            128         171.952
            129         171.952
            130         171.952
            131         171.952
            132         171.952
            133         171.952
            134         172.929
            135         172.929
            136         172.929
            137         172.929
            138         172.929
            139         172.929
            140         172.929
            141         173.906
            142         173.906
            143         173.906
            144         173.906
            145         173.906
            146         173.906
            147         173.906
            148         174.883
            149         174.883
            150         174.883
            151         174.883
            152         174.883
            153         174.883
            154         175.860
            155         175.860
            156         175.860
            157         175.860
            158         175.860
            159         175.860
            160         175.860
            161         176.837
            162         176.837
            163         176.837
            164         176.837
            165         176.837
            166         176.837
            167         177.814
            168         177.814
            169         177.814
            170         177.814
            171         177.814
            172         177.814
            173         178.791
            174         178.791
            175         178.791
            176         178.791
            177         178.791
            178         178.791
            179         179.768
            180         178.791
            181         178.791
            182         178.791
            183         178.791
            184         178.791
            185         178.791
            186         177.814
            187         177.814
            188         177.814
            189         177.814
            190         177.814
            191         177.814
            192         177.814
            193         177.814
            194         178.791
            195         178.791
            196         178.791
            197         178.791
            198         178.791
            199         178.791
            200         179.768
            201         179.768
            202         179.768
            203         179.768
            204         179.768
            205         179.768
            206         179.768
            207         180.745
            208         180.745
            209         180.745
            210         180.745
            211         180.745
            212         180.745
            213         180.745
            214         180.745
            215         180.745
            216         180.745
            217         180.745
            218         180.745
            219         181.722
            220         181.722
            221         181.722
            222         181.722
            223         181.722
            224         181.722
            225         181.722
            226         181.722
            227         181.722
            228         181.722
            229         181.722
            230         181.722
            231         181.722
            232         182.699
            233         182.699
            234         182.699
            235         182.699
            236         182.699
            237         182.699
            238         182.699
            239         182.699
            240         182.699
            241         182.699
            242         183.676
            243         183.676
            244         183.676
            245         183.676
            246         183.676
            247         184.653
            248         184.653
            249         184.653
            250         184.653
            251         184.653
            252         185.630
            253         185.630
            254         185.630
            255         185.630
            256         185.630
            257         185.630
            258         185.630
            259         185.630
            260         185.630
            261         185.630
            262         185.630
            263         185.630
            264         185.630
            265         185.630
            266         185.630
            267         185.630
            268         185.630
            269         186.607
            270         186.607
            271         186.607
            272         186.607
            273         186.607
            274         186.607
            275         186.607
            276         186.607
            277         186.607
            278         186.607
            279         186.607
            280         186.607
            281         186.607
            282         186.607
            283         186.607
            284         186.607
            285         186.607
            286         186.607
            287         187.584
            288         187.584
            289         187.584
            290         187.584
            291         187.584
            292         187.584
            293         187.584
            294         187.584
            295         187.584
            296         187.584
            297         187.584
            298         187.584
            299         187.584
            300         187.584
            301         187.584
            302         187.584
            303         187.584
            304         188.561
            305         188.561
            306         188.561
            307         188.561
            308         188.561
            309         188.561
            310         188.561
            311         188.561
            312         188.561
            313         188.561
            314         188.561
            315         188.561
            316         188.561
            317         188.561
            318         188.561
            319         188.561
            320         188.561
            321         189.538
            322         189.538
            323         189.538
            324         189.538
            325         189.538
            326         189.538
            327         189.538
            328         189.538
            329         189.538
            330         189.538
            331         189.538
            332         189.538
            333         189.538
            334         189.538
            335         189.538
            336         189.538
            337         189.538
            338         190.515
            339         190.515
            340         190.515
            341         190.515
            342         190.515
            343         190.515
            344         190.515
            345         190.515
            346         190.515
            347         190.515
            348         190.515
            349         190.515
            350         190.515
            351         190.515
            352         190.515
            353         190.515
            354         190.515
            355         190.515
            356         190.515
            357         190.515
            358         190.515
            359         190.515
            360         190.515
            361         190.515
            362         190.515
            363         190.515
            364         190.515
            365         190.515
            366         190.515
            367         190.515
            368         191.492
            369         191.492
            370         191.492
            371         191.492
            372         191.492
            373         191.492
            374         191.492
            375         191.492
            376         191.492
            377         191.492
            378         191.492
            379         191.492
            380         191.492
            381         191.492
