TRACENO
              3         241.319
              4         241.319
              5         241.319
              6         241.319
              7         241.319
              8         241.319
              9         241.319
             10         241.319
             11         241.319
             12         241.319
             13         241.319
             14         241.319
             15         241.319
             16         241.319
             17         241.319
             18         241.319
             19         241.319
             20         241.319
             21         241.319
             22         241.319
             23         241.319
             24         241.319
             25         241.319
             26         241.319
             27         241.319
             28         241.319
             29         241.319
             30         241.319
             31         241.319
             32         241.319
             33         241.319
             34         241.319
             35         241.319
             36         241.319
             37         241.319
             38         241.319
             39         241.319
             40         241.319
             41         241.319
             42         241.319
             43         241.319
             44         241.319
             45         242.296
             46         242.296
             47         242.296
             48         242.296
             49         242.296
             50         242.296
             51         242.296
             52         242.296
             53         242.296
             54         243.273
             55         243.273
             56         243.273
             57         243.273
             58         243.273
             59         243.273
             60         243.273
             61         243.273
             62         243.273
             63         243.273
             64         243.273
             65         243.273
             66         243.273
             67         244.250
             68         244.250
             69         244.250
             70         244.250
             71         244.250
             72         244.250
             73         244.250
             74         244.250
             75         244.250
             76         244.250
             77         244.250
             78         244.250
             79         244.250
             80         244.250
             81         244.250
             82         244.250
             83         244.250
             84         244.250
             85         244.250
             86         244.250
             87         244.250
             88         244.250
             89         244.250
             90         244.250
             91         245.227
             92         245.227
             93         245.227
             94         245.227
             95         245.227
             96         245.227
             97         245.227
             98         245.227
             99         245.227
            100         245.227
            101         245.227
            102         245.227
            103         245.227
            104         245.227
            105         245.227
            106         245.227
            107         245.227
            108         245.227
            109         245.227
            110         245.227
            111         245.227
            112         245.227
            113         245.227
            114         245.227
            115         245.227
            116         245.227
            117         245.227
            118         245.227
            119         245.227
            120         245.227
            121         246.204
            122         246.204
            123         246.204
            124         245.227
            125         245.227
            126         245.227
            127         245.227
            128         245.227
            129         245.227
            130         245.227
            131         245.227
            132         245.227
            133         245.227
            134         245.227
            135         245.227
            136         245.227
            137         245.227
            138         245.227
            139         245.227
            140         245.227
            141         245.227
            142         245.227
            143         245.227
            144         245.227
            145         245.227
            146         245.227
            147         245.227
            148         245.227
            149         245.227
            150         245.227
            151         245.227
            152         245.227
            153         245.227
            154         245.227
            155         245.227
            156         245.227
            157         245.227
            158         245.227
            159         245.227
            160         245.227
            161         245.227
            162         245.227
            163         245.227
            164         245.227
            165         245.227
            166         245.227
            167         245.227
            168         245.227
            169         245.227
            170         245.227
            171         245.227
            172         245.227
            173         245.227
            174         245.227
            175         245.227
            176         245.227
            177         245.227
            178         245.227
            179         245.227
            180         245.227
            181         245.227
            182         245.227
            183         245.227
            184         245.227
            185         245.227
            186         245.227
            187         245.227
            188         245.227
            189         245.227
            190         245.227
            191         245.227
            192         245.227
            193         245.227
            194         245.227
            195         245.227
            196         245.227
            197         245.227
            198         245.227
            199         245.227
            200         245.227
            201         245.227
            202         245.227
            203         245.227
            204         245.227
            205         245.227
            206         245.227
            207         245.227
            208         245.227
            209         245.227
            210         245.227
            211         245.227
            212         245.227
            213         245.227
            214         245.227
            215         245.227
            216         245.227
            217         245.227
            218         246.204
            219         246.204
            220         246.204
            221         246.204
            222         246.204
            223         245.227
            224         245.227
            225         245.227
            226         245.227
            227         245.227
            228         245.227
            229         245.227
            230         245.227
            231         245.227
            232         245.227
            233         245.227
            234         245.227
            235         245.227
            236         245.227
            237         245.227
            238         245.227
            239         245.227
            240         245.227
            241         245.227
            242         245.227
            243         245.227
            244         245.227
            245         245.227
            246         245.227
            247         245.227
            248         245.227
            249         245.227
            250         245.227
            251         245.227
            252         245.227
            253         244.250
            254         244.250
            255         244.250
            256         244.250
            257         244.250
            258         244.250
            259         244.250
            260         244.250
            261         244.250
            262         244.250
            263         244.250
            264         243.273
            265         243.273
            266         243.273
            267         243.273
            268         243.273
            269         243.273
            270         243.273
            271         243.273
            272         243.273
            273         242.296
            274         242.296
            275         242.296
            276         242.296
            277         242.296
            278         242.296
            279         242.296
            280         242.296
            281         241.319
            282         241.319
            283         241.319
            284         241.319
            285         241.319
            286         241.319
            287         241.319
            288         241.319
            289         241.319
            290         240.342
            291         240.342
            292         240.342
            293         240.342
            294         240.342
            295         240.342
            296         240.342
            297         240.342
            298         240.342
            299         240.342
            300         239.365
            301         239.365
            302         239.365
            303         239.365
            304         239.365
            305         239.365
            306         238.388
            307         238.388
            308         238.388
            309         238.388
            310         237.411
            311         237.411
            312         237.411
            313         237.411
            314         237.411
            315         237.411
            316         237.411
            317         237.411
            318         237.411
            319         237.411
            320         237.411
            321         236.434
            322         236.434
            323         236.434
            324         236.434
            325         236.434
            326         236.434
            327         236.434
            328         236.434
            329         236.434
            330         236.434
            331         236.434
            332         236.434
            333         236.434
            334         236.434
            335         236.434
            336         236.434
            337         236.434
            338         236.434
            339         236.434
            340         236.434
            341         236.434
            342         236.434
            343         235.457
            344         235.457
            345         235.457
            346         235.457
            347         234.480
            348         234.480
            349         234.480
            350         234.480
            351         234.480
            352         233.503
            353         233.503
            354         233.503
            355         233.503
            356         233.503
            357         233.503
            358         233.503
            359         233.503
            360         233.503
            361         233.503
            362         233.503
            363         233.503
            364         233.503
            365         233.503
            366         233.503
            367         233.503
            368         233.503
            369         232.526
            370         232.526
            371         232.526
            372         232.526
            373         232.526
            374         231.549
            375         231.549
            376         231.549
            377         231.549
            378         231.549
            379         231.549
            380         231.549
            381         230.572
            382         230.572
            383         230.572
            384         230.572
            385         230.572
            386         230.572
            387         230.572
            388         230.572
            389         230.572
            390         230.572
            391         230.572
            392         229.595
            393         229.595
            394         229.595
            395         229.595
            396         229.595
            397         229.595
            398         229.595
            399         229.595
            400         229.595
            401         229.595
            402         229.595
            403         229.595
            404         229.595
            405         229.595
            406         229.595
            407         229.595
            408         228.618
            409         228.618
            410         228.618
            411         228.618
            412         228.618
            413         228.618
            414         228.618
            415         228.618
            416         228.618
            417         228.618
            418         228.618
            419         228.618
            420         228.618
            421         228.618
            422         228.618
            423         227.641
            424         227.641
            425         227.641
            426         226.664
            427         226.664
            428         226.664
            429         226.664
            430         226.664
            431         226.664
            432         226.664
            433         225.687
            434         225.687
            435         225.687
            436         225.687
            437         225.687
            438         225.687
            439         225.687
            440         224.710
            441         224.710
            442         224.710
            443         224.710
            444         224.710
            445         223.733
            446         223.733
            447         223.733
            448         223.733
            449         223.733
            450         223.733
            451         223.733
            452         223.733
            453         223.733
            454         223.733
            455         223.733
            456         223.733
            457         223.733
            458         223.733
            459         223.733
            460         223.733
            461         223.733
            462         222.756
            463         222.756
            464         222.756
            465         222.756
            466         221.779
            467         221.779
            468         221.779
            469         220.802
            470         220.802
            471         220.802
            472         220.802
            473         220.802
            474         220.802
            475         220.802
            476         220.802
            477         220.802
            478         220.802
            479         219.825
            480         219.825
            481         219.825
            482         219.825
            483         219.825
            484         219.825
            485         219.825
            486         219.825
            487         218.848
            488         218.848
            489         218.848
            490         218.848
            491         218.848
            492         218.848
            493         218.848
            494         218.848
            495         217.871
            496         217.871
            497         217.871
            498         217.871
            499         217.871
            500         217.871
            501         217.871
            502         217.871
            503         216.894
            504         216.894
            505         216.894
            506         216.894
            507         216.894
            508         216.894
            509         216.894
            510         215.917
            511         215.917
            512         215.917
            513         215.917
            514         215.917
            515         215.917
            516         215.917
            517         215.917
            518         214.940
            519         214.940
            520         214.940
            521         214.940
            522         214.940
            523         214.940
            524         214.940
            525         214.940
            526         213.963
            527         213.963
            528         213.963
            529         213.963
            530         213.963
            531         213.963
            532         213.963
            533         213.963
            534         212.986
            535         212.986
            536         212.986
            537         212.986
            538         212.986
            539         212.986
            540         212.986
            541         212.986
            542         212.009
            543         212.009
            544         212.009
            545         212.009
            546         212.009
            547         212.009
            548         212.009
            549         212.009
            550         211.032
            551         211.032
            552         211.032
            553         211.032
            554         211.032
            555         211.032
            556         211.032
            557         210.055
            558         210.055
            559         210.055
            560         210.055
            561         210.055
            562         210.055
            563         210.055
            564         210.055
            565         210.055
            566         210.055
            567         210.055
            568         210.055
            569         209.078
            570         209.078
            571         209.078
            572         209.078
            573         209.078
            574         209.078
            575         209.078
            576         209.078
            577         209.078
            578         209.078
            579         209.078
            580         209.078
            581         208.101
            582         208.101
            583         208.101
            584         208.101
            585         208.101
            586         208.101
            587         208.101
            588         208.101
            589         208.101
            590         208.101
            591         208.101
            592         208.101
            593         208.101
            594         207.124
            595         207.124
            596         207.124
            597         207.124
            598         207.124
            599         207.124
            600         207.124
            601         207.124
            602         207.124
            603         207.124
            604         207.124
            605         206.147
            606         206.147
            607         206.147
            608         206.147
            609         206.147
            610         206.147
            611         205.170
            612         205.170
            613         205.170
            614         205.170
            615         205.170
            616         204.193
            617         204.193
            618         204.193
            619         204.193
            620         204.193
            621         204.193
            622         203.216
            623         203.216
            624         203.216
            625         203.216
            626         203.216
            627         202.239
            628         202.239
            629         202.239
            630         202.239
            631         202.239
            632         201.262
            633         201.262
            634         201.262
            635         201.262
            636         201.262
            637         200.285
            638         200.285
            639         200.285
            640         200.285
            641         200.285
            642         200.285
            643         200.285
            644         200.285
            645         201.262
            646         201.262
            647         201.262
            648         201.262
            649         201.262
            650         201.262
            651         201.262
            652         201.262
            653         201.262
            654         201.262
            655         201.262
            656         201.262
            657         200.285
            658         200.285
            659         200.285
            660         200.285
            661         200.285
            662         199.308
            663         199.308
            664         199.308
            665         199.308
            666         198.331
            667         198.331
            668         198.331
            669         198.331
            670         198.331
            671         198.331
            672         198.331
            673         197.354
            674         197.354
            675         197.354
            676         197.354
            677         197.354
            678         197.354
            679         197.354
            680         196.377
            681         196.377
            682         196.377
            683         196.377
            684         196.377
            685         196.377
            686         196.377
            687         196.377
            688         196.377
            689         196.377
            690         196.377
            691         197.354
            692         197.354
            693         197.354
            694         197.354
            695         197.354
            696         196.377
            697         196.377
            698         196.377
            699         195.400
            700         195.400
            701         195.400
            702         194.423
            703         194.423
            704         194.423
            705         194.423
            706         193.446
            707         193.446
            708         193.446
            709         193.446
            710         193.446
            711         193.446
            712         193.446
            713         193.446
            714         193.446
            715         193.446
            716         193.446
            717         193.446
            718         193.446
            719         193.446
            720         193.446
            721         193.446
            722         193.446
            723         193.446
            724         193.446
            725         193.446
            726         193.446
            727         193.446
            728         192.469
            729         192.469
            730         192.469
            731         192.469
            732         192.469
            733         192.469
            734         191.492
            735         191.492
            736         191.492
            737         191.492
            738         191.492
            739         191.492
            740         191.492
            741         191.492
            742         191.492
            743         191.492
            744         191.492
            745         191.492
            746         191.492
            747         191.492
            748         191.492
            749         190.515
            750         190.515
            751         190.515
            752         190.515
            753         190.515
            754         190.515
            755         190.515
            756         190.515
            757         190.515
            758         190.515
            759         190.515
            760         190.515
            761         190.515
            762         189.538
            763         189.538
            764         189.538
            765         189.538
            766         189.538
            767         189.538
            768         189.538
            769         189.538
            770         189.538
            771         189.538
            772         188.561
            773         188.561
            774         188.561
            775         188.561
            776         188.561
            777         187.584
            778         187.584
            779         187.584
            780         187.584
            781         187.584
            782         186.607
            783         186.607
            784         186.607
            785         186.607
            786         186.607
            787         186.607
            788         186.607
            789         186.607
            790         186.607
            791         186.607
            792         186.607
            793         186.607
            794         186.607
            795         186.607
            796         186.607
            797         186.607
            798         186.607
            799         186.607
            800         186.607
            801         186.607
            802         186.607
            803         186.607
            804         185.630
            805         185.630
            806         185.630
            807         185.630
            808         185.630
            809         185.630
            810         185.630
            811         185.630
            812         185.630
            813         185.630
            814         185.630
            815         185.630
            816         185.630
            817         185.630
            818         185.630
            819         185.630
            820         185.630
            821         185.630
            822         185.630
            823         185.630
            824         185.630
            825         185.630
            826         185.630
            827         185.630
            828         184.653
            829         184.653
            830         184.653
            831         184.653
            832         184.653
            833         184.653
            834         184.653
            835         184.653
            836         184.653
            837         184.653
            838         184.653
            839         183.676
            840         183.676
            841         183.676
            842         183.676
            843         183.676
            844         183.676
            845         183.676
            846         183.676
            847         183.676
            848         183.676
            849         182.699
            850         182.699
            851         182.699
            852         182.699
            853         182.699
            854         182.699
            855         182.699
            856         182.699
            857         182.699
            858         182.699
            859         182.699
            860         182.699
            861         181.722
            862         181.722
            863         182.699
            864         182.699
            865         182.699
            866         182.699
            867         182.699
            868         182.699
            869         182.699
            870         182.699
            871         182.699
            872         182.699
            873         182.699
            874         182.699
            875         182.699
            876         182.699
            877         182.699
            878         182.699
            879         182.699
            880         182.699
            881         182.699
            882         182.699
            883         181.722
            884         181.722
            885         181.722
            886         181.722
            887         181.722
            888         181.722
            889         181.722
            890         181.722
            891         181.722
            892         180.745
            893         180.745
            894         180.745
            895         180.745
            896         180.745
            897         180.745
            898         180.745
            899         180.745
            900         180.745
            901         180.745
            902         180.745
            903         180.745
            904         180.745
            905         180.745
            906         180.745
            907         180.745
            908         180.745
            909         180.745
            910         180.745
            911         180.745
            912         180.745
            913         179.768
            914         179.768
            915         179.768
            916         179.768
            917         179.768
            918         179.768
            919         179.768
            920         179.768
            921         179.768
            922         179.768
            923         179.768
            924         179.768
            925         179.768
            926         179.768
            927         179.768
            928         179.768
            929         179.768
            930         179.768
            931         179.768
            932         179.768
            933         179.768
            934         179.768
            935         179.768
            936         179.768
            937         179.768
            938         179.768
            939         179.768
            940         179.768
            941         179.768
            942         179.768
            943         179.768
            944         179.768
            945         179.768
            946         179.768
            947         179.768
            948         179.768
            949         179.768
            950         179.768
            951         179.768
            952         179.768
            953         179.768
            954         179.768
            955         179.768
            956         179.768
            957         179.768
            958         179.768
            959         179.768
            960         178.791
            961         178.791
            962         178.791
            963         178.791
            964         178.791
            965         178.791
            966         178.791
            967         178.791
            968         178.791
            969         178.791
            970         178.791
            971         178.791
            972         178.791
            973         178.791
            974         178.791
            975         178.791
            976         178.791
            977         178.791
            978         178.791
            979         178.791
            980         178.791
            981         178.791
            982         178.791
            983         178.791
            984         178.791
            985         178.791
            986         178.791
            987         178.791
            988         178.791
            989         178.791
            990         178.791
            991         178.791
            992         178.791
            993         178.791
            994         178.791
            995         178.791
            996         178.791
            997         178.791
            998         178.791
            999         178.791
           1000         178.791
           1001         178.791
           1002         178.791
           1003         178.791
           1004         178.791
           1005         178.791
           1006         178.791
           1007         178.791
           1008         178.791
           1009         178.791
           1010         178.791
           1011         179.768
           1012         179.768
           1013         179.768
           1014         179.768
           1015         179.768
           1016         179.768
           1017         179.768
           1018         179.768
           1019         179.768
           1020         179.768
           1021         180.745
           1022         180.745
           1023         180.745
           1024         180.745
           1025         180.745
           1026         180.745
           1027         180.745
           1028         180.745
           1029         180.745
           1030         180.745
           1031         180.745
           1032         180.745
           1033         180.745
           1034         180.745
           1035         180.745
           1036         180.745
           1037         180.745
           1038         180.745
           1039         180.745
           1040         180.745
           1041         180.745
           1042         180.745
           1043         180.745
           1044         180.745
           1045         180.745
           1046         180.745
           1047         180.745
           1048         180.745
           1049         180.745
           1050         180.745
           1051         180.745
           1052         180.745
           1053         180.745
           1054         180.745
           1055         180.745
           1056         180.745
           1057         180.745
           1058         180.745
           1059         180.745
           1060         180.745
           1061         180.745
           1062         180.745
           1063         180.745
           1064         180.745
           1065         180.745
           1066         180.745
           1067         180.745
           1068         180.745
           1069         180.745
           1070         180.745
           1071         180.745
           1072         180.745
           1073         180.745
           1074         180.745
           1075         180.745
           1076         180.745
           1077         181.722
           1078         181.722
           1079         181.722
           1080         181.722
           1081         181.722
           1082         181.722
           1083         181.722
           1084         181.722
           1085         181.722
           1086         181.722
           1087         181.722
           1088         181.722
           1089         181.722
           1090         181.722
           1091         181.722
           1092         181.722
           1093         181.722
           1094         181.722
           1095         181.722
           1096         181.722
           1097         181.722
           1098         181.722
           1099         181.722
           1100         181.722
           1101         181.722
           1102         181.722
           1103         181.722
           1104         181.722
           1105         181.722
           1106         181.722
           1107         181.722
           1108         181.722
           1109         181.722
           1110         181.722
           1111         181.722
           1112         181.722
           1113         181.722
           1114         181.722
           1115         181.722
           1116         181.722
           1117         181.722
           1118         181.722
           1119         181.722
           1120         181.722
           1121         181.722
           1122         181.722
           1123         181.722
           1124         181.722
           1125         181.722
           1126         181.722
           1127         181.722
           1128         181.722
           1129         181.722
           1130         181.722
           1131         181.722
           1132         181.722
           1133         181.722
           1134         181.722
           1135         181.722
           1136         181.722
           1137         181.722
           1138         181.722
           1139         181.722
           1140         181.722
           1141         181.722
           1142         181.722
           1143         181.722
           1144         181.722
           1145         181.722
           1146         181.722
           1147         181.722
           1148         181.722
           1149         181.722
           1150         181.722
           1151         181.722
           1152         181.722
           1153         181.722
           1154         181.722
           1155         181.722
           1156         181.722
           1157         181.722
           1158         181.722
           1159         181.722
           1160         181.722
           1161         181.722
           1162         181.722
           1163         181.722
           1164         181.722
           1165         181.722
           1166         181.722
           1167         181.722
           1168         181.722
           1169         181.722
           1170         181.722
           1171         181.722
           1172         181.722
           1173         181.722
           1174         181.722
           1175         182.699
           1176         182.699
           1177         182.699
           1178         183.676
           1179         183.676
           1180         183.676
           1181         183.676
           1182         183.676
           1183         183.676
           1184         184.653
           1185         184.653
           1186         184.653
           1187         184.653
           1188         184.653
           1189         184.653
           1190         184.653
           1191         184.653
           1192         184.653
           1193         184.653
           1194         184.653
           1195         184.653
           1196         184.653
           1197         184.653
           1198         184.653
           1199         184.653
           1200         185.630
           1201         185.630
           1202         185.630
           1203         185.630
           1204         185.630
           1205         185.630
           1206         185.630
           1207         185.630
           1208         185.630
           1209         185.630
           1210         185.630
           1211         185.630
           1212         185.630
           1213         185.630
           1214         185.630
           1215         185.630
           1216         185.630
           1217         185.630
           1218         185.630
           1219         185.630
           1220         185.630
           1221         185.630
           1222         185.630
           1223         185.630
           1224         185.630
           1225         185.630
           1226         185.630
           1227         185.630
           1228         185.630
           1229         185.630
           1230         185.630
           1231         185.630
           1232         185.630
           1233         185.630
           1234         185.630
           1235         185.630
           1236         185.630
           1237         185.630
           1238         185.630
           1239         185.630
           1240         185.630
           1241         185.630
           1242         185.630
           1243         185.630
           1244         185.630
           1245         185.630
           1246         185.630
           1247         185.630
           1248         185.630
           1249         185.630
           1250         185.630
           1251         185.630
           1252         185.630
           1253         185.630
           1254         185.630
           1255         185.630
           1256         185.630
           1257         185.630
           1258         185.630
           1259         185.630
           1260         185.630
           1261         185.630
           1262         185.630
           1263         185.630
           1264         185.630
           1265         185.630
           1266         185.630
           1267         185.630
           1268         185.630
           1269         185.630
           1270         185.630
           1271         185.630
           1272         185.630
           1273         185.630
           1274         185.630
           1275         185.630
           1276         185.630
           1277         185.630
           1278         185.630
           1279         185.630
           1280         185.630
           1281         185.630
           1282         185.630
           1283         185.630
           1284         185.630
           1285         185.630
           1286         185.630
           1287         185.630
           1288         185.630
           1289         185.630
           1290         185.630
           1291         185.630
           1292         185.630
           1293         185.630
           1294         185.630
           1295         185.630
           1296         185.630
           1297         185.630
           1298         185.630
           1299         185.630
           1300         185.630
           1301         185.630
           1302         185.630
           1303         185.630
           1304         185.630
           1305         185.630
           1306         185.630
           1307         185.630
           1308         185.630
           1309         185.630
           1310         185.630
           1311         185.630
           1312         185.630
           1313         185.630
           1314         185.630
           1315         185.630
           1316         185.630
           1317         185.630
           1318         185.630
           1319         185.630
           1320         185.630
           1321         185.630
           1322         185.630
           1323         185.630
           1324         185.630
           1325         185.630
           1326         185.630
           1327         185.630
           1328         185.630
           1329         185.630
           1330         185.630
           1331         185.630
           1332         185.630
           1333         185.630
           1334         185.630
           1335         185.630
           1336         185.630
           1337         185.630
           1338         185.630
           1339         185.630
           1340         185.630
           1341         185.630
           1342         184.653
           1343         184.653
           1344         184.653
           1345         184.653
           1346         184.653
           1347         184.653
           1348         184.653
           1349         184.653
           1350         184.653
           1351         184.653
           1352         184.653
           1353         184.653
           1354         184.653
           1355         184.653
           1356         184.653
           1357         184.653
           1358         184.653
           1359         184.653
           1360         184.653
           1361         184.653
           1362         184.653
           1363         184.653
           1364         184.653
           1365         184.653
           1366         184.653
           1367         184.653
           1368         185.630
           1369         185.630
           1370         185.630
           1371         185.630
           1372         186.607
           1373         186.607
           1374         186.607
           1375         186.607
           1376         187.584
           1377         187.584
           1378         187.584
           1379         187.584
           1380         187.584
           1381         187.584
           1382         187.584
           1383         187.584
           1384         187.584
           1385         186.607
           1386         186.607
           1387         186.607
           1388         186.607
           1389         186.607
           1390         186.607
           1391         186.607
           1392         186.607
           1393         186.607
           1394         186.607
           1395         186.607
           1396         186.607
           1397         186.607
           1398         186.607
           1399         186.607
           1400         186.607
           1401         186.607
           1402         186.607
           1403         186.607
           1404         186.607
           1405         186.607
           1406         186.607
           1407         186.607
           1408         186.607
           1409         186.607
           1410         186.607
           1411         186.607
           1412         185.630
           1413         185.630
           1414         185.630
           1415         185.630
           1416         185.630
           1417         185.630
           1418         185.630
           1419         185.630
           1420         185.630
           1421         185.630
           1422         185.630
           1423         185.630
           1424         185.630
           1425         185.630
           1426         185.630
           1427         185.630
           1428         185.630
           1429         185.630
           1430         185.630
           1431         185.630
           1432         185.630
           1433         185.630
           1434         185.630
           1435         185.630
           1436         185.630
           1437         185.630
           1438         185.630
           1439         185.630
           1440         185.630
           1441         185.630
           1442         185.630
           1443         185.630
           1444         185.630
           1445         185.630
           1446         185.630
           1447         185.630
           1448         185.630
           1449         185.630
           1450         185.630
           1451         185.630
           1452         185.630
           1453         185.630
           1454         185.630
           1455         185.630
           1456         185.630
           1457         185.630
           1458         185.630
           1459         185.630
           1460         185.630
           1461         185.630
           1462         185.630
           1463         185.630
           1464         185.630
           1465         185.630
           1466         185.630
           1467         185.630
           1468         185.630
           1469         185.630
           1470         185.630
           1471         185.630
           1472         185.630
           1473         185.630
           1474         185.630
           1475         185.630
           1476         186.607
           1477         186.607
           1478         186.607
           1479         186.607
           1480         186.607
           1481         186.607
           1482         186.607
           1483         186.607
           1484         186.607
           1485         186.607
           1486         186.607
           1487         186.607
           1488         186.607
           1489         186.607
           1490         186.607
           1491         186.607
           1492         186.607
           1493         186.607
           1494         186.607
           1495         186.607
           1496         186.607
           1497         186.607
           1498         186.607
           1499         186.607
           1500         186.607
           1501         186.607
           1502         186.607
           1503         186.607
           1504         186.607
           1505         186.607
           1506         186.607
           1507         186.607
           1508         186.607
           1509         186.607
           1510         186.607
           1511         186.607
           1512         186.607
           1513         186.607
           1514         186.607
           1515         186.607
           1516         186.607
           1517         186.607
           1518         186.607
           1519         185.630
           1520         185.630
           1521         185.630
           1522         185.630
           1523         185.630
           1524         185.630
           1525         185.630
           1526         185.630
           1527         185.630
           1528         184.653
           1529         184.653
           1530         184.653
           1531         184.653
           1532         184.653
           1533         184.653
           1534         184.653
           1535         184.653
           1536         184.653
           1537         184.653
           1538         184.653
           1539         184.653
           1540         184.653
           1541         184.653
           1542         184.653
           1543         184.653
           1544         184.653
           1545         184.653
           1546         184.653
           1547         184.653
           1548         184.653
           1549         184.653
           1550         184.653
           1551         184.653
           1552         184.653
           1553         184.653
