TRACENO
              1          65.438
             15          66.282
             17          65.720
             27          63.846
             36          64.127
             58          65.465
             77          66.019
             99          67.903
            136          69.677
            185          68.236
            199          67.127
            237          66.462
            247          65.243
            287          66.019
            322          66.130
            349          65.243
            379          67.239
            403          67.152
            422          65.676
            452          65.676
            463          64.460
            538          65.329
            551          67.674
            563          70.301
            570          70.079
            584          69.746
            605          70.411
            627          70.744
            642          69.414
            677          71.454
            681          71.454
            702          71.454
            728          70.742
            730          70.945
            743          71.047
            755          71.148
            767          69.826
            774          71.250
            783          72.267
            792          73.081
            796          72.979
            807          70.437
            817          69.420
            824          72.165
            832          71.759
            843          73.042
            866          73.042
            877          72.730
            892          71.690
            897          71.170
            908          72.106
            929          73.042
            937          72.002
            941          70.858
            946          72.002
            952          73.146
            960          73.354
            966          74.602
            986          71.170
            997          71.378
           1033          71.170
           1052          71.586
           1068          70.650
           1081          70.546
           1086          72.471
           1102          72.877
           1135          70.538
           1147          71.250
           1181          67.754
           1197          67.539
           1233          66.679
           1238          64.639
           1248          64.639
           1257          62.813
           1272          63.350
           1280          63.242
           1297          61.953
           1309          62.061
           1331          62.061
           1349          61.631
           1368          61.524
           1391          61.201
           1395          62.383
           1401          61.094
