TRACENO
              1         143.619
              2         143.619
              3         143.619
              4         143.619
              5         143.619
              6         143.619
              7         143.619
              8         143.619
              9         143.619
             10         143.619
             11         143.619
             12         143.619
             13         143.619
             14         143.619
             15         143.619
             16         143.619
             17         143.619
             18         143.619
             19         143.619
             20         143.619
             21         143.619
             22         143.619
             23         143.619
             24         143.619
             25         143.619
             26         143.619
             27         143.619
             28         143.619
             29         143.619
             30         143.619
             31         143.619
             32         143.619
             33         143.619
             34         143.619
             35         143.619
             36         143.619
             37         143.619
             38         143.619
             39         143.619
             40         143.619
             41         143.619
             42         143.619
             43         143.619
             44         143.619
             45         143.619
             46         143.619
             47         143.619
             48         143.619
             49         143.619
             50         143.619
             51         143.619
             52         143.619
             53         143.619
             54         144.596
             55         144.596
             56         144.596
             57         144.596
             58         144.596
             59         144.596
             60         144.596
             61         144.596
             62         144.596
             63         144.596
             64         144.596
             65         144.596
             66         144.596
             67         144.596
             68         144.596
             69         144.596
             70         144.596
             71         144.596
             72         144.596
             73         144.596
             74         144.596
             75         144.596
             76         144.596
             77         144.596
             78         144.596
             79         144.596
             80         144.596
             81         144.596
             82         144.596
             83         144.596
             84         144.596
             85         144.596
             86         144.596
             87         143.619
             88         143.619
             89         143.619
             90         143.619
             91         143.619
             92         143.619
             93         143.619
             94         143.619
             95         144.596
             96         144.596
             97         144.596
             98         144.596
             99         144.596
            100         144.596
            101         144.596
            102         144.596
            103         144.596
            104         144.596
            105         144.596
            106         144.596
            107         144.596
            108         144.596
            109         144.596
            110         144.596
            111         145.573
            112         145.573
            113         145.573
            114         145.573
            115         145.573
            116         145.573
            117         145.573
            118         145.573
            119         145.573
            120         145.573
            121         145.573
            122         145.573
            123         146.550
            124         146.550
            125         146.550
            126         146.550
            127         146.550
            128         146.550
            129         146.550
            130         146.550
            131         146.550
            132         146.550
            133         146.550
            134         146.550
            135         146.550
            136         146.550
            137         146.550
            138         146.550
            139         146.550
            140         146.550
            141         146.550
            142         146.550
            143         146.550
            144         146.550
            145         146.550
            146         146.550
            147         147.527
            148         147.527
            149         147.527
            150         147.527
            151         147.527
            152         147.527
            153         147.527
            154         147.527
            155         147.527
            156         147.527
            157         147.527
            158         147.527
            159         147.527
            160         147.527
            161         147.527
            162         147.527
            163         147.527
            164         147.527
            165         148.504
            166         148.504
            167         148.504
            168         148.504
            169         148.504
            170         148.504
            171         148.504
            172         148.504
            173         148.504
            174         148.504
            175         148.504
            176         148.504
            177         148.504
            178         148.504
            179         147.527
            180         147.527
            181         148.504
            182         148.504
            183         148.504
            184         148.504
            185         148.504
            186         148.504
            187         148.504
            188         148.504
            189         148.504
            190         148.504
            191         148.504
            192         148.504
            193         148.504
            194         148.504
            195         148.504
            196         148.504
            197         148.504
            198         148.504
            199         149.481
            200         149.481
            201         149.481
            202         149.481
            203         149.481
            204         149.481
            205         149.481
            206         149.481
            207         149.481
            208         149.481
            209         149.481
            210         149.481
            211         149.481
            212         149.481
            213         149.481
            214         149.481
            215         149.481
            216         149.481
            217         149.481
            218         149.481
            219         149.481
            220         150.458
            221         150.458
            222         150.458
            223         150.458
            224         150.458
            225         150.458
            226         150.458
            227         150.458
            228         150.458
            229         150.458
            230         150.458
            231         150.458
            232         150.458
            233         150.458
            234         150.458
            235         150.458
            236         150.458
            237         150.458
            238         150.458
            239         150.458
            240         150.458
            241         150.458
            242         150.458
            243         151.435
            244         151.435
            245         151.435
            246         151.435
            247         151.435
            248         151.435
            249         151.435
            250         151.435
            251         151.435
            252         151.435
            253         151.435
            254         151.435
            255         151.435
            256         151.435
            257         151.435
            258         151.435
            259         151.435
            260         151.435
            261         151.435
            262         151.435
            263         151.435
            264         152.412
            265         152.412
            266         152.412
            267         152.412
            268         152.412
            269         152.412
            270         152.412
            271         152.412
            272         152.412
            273         152.412
            274         152.412
            275         152.412
            276         152.412
            277         153.389
            278         153.389
            279         153.389
            280         153.389
            281         153.389
            282         153.389
            283         153.389
            284         153.389
            285         153.389
            286         153.389
            287         153.389
            288         153.389
            289         153.389
            290         153.389
            291         153.389
            292         153.389
            293         154.366
            294         154.366
            295         154.366
            296         154.366
            297         154.366
            298         154.366
            299         154.366
            300         154.366
            301         154.366
            302         153.389
            303         153.389
            304         153.389
            305         153.389
            306         153.389
            307         153.389
            308         153.389
            309         153.389
            310         154.366
            311         154.366
            312         154.366
            313         154.366
            314         154.366
            315         154.366
            316         154.366
            317         154.366
            318         154.366
            319         154.366
            320         155.343
            321         155.343
            322         155.343
            323         155.343
            324         155.343
            325         155.343
            326         155.343
            327         155.343
            328         155.343
            329         155.343
            330         156.320
            331         156.320
            332         156.320
            333         156.320
            334         156.320
            335         156.320
            336         156.320
            337         156.320
            338         156.320
            339         157.297
            340         157.297
            341         157.297
            342         157.297
            343         158.274
            344         158.274
            345         158.274
            346         158.274
            347         158.274
            348         158.274
            349         158.274
            350         158.274
            351         158.274
            352         158.274
            353         158.274
            354         158.274
            355         158.274
            356         158.274
            357         158.274
            358         159.251
            359         159.251
            360         159.251
            361         159.251
            362         159.251
            363         159.251
            364         159.251
            365         159.251
            366         159.251
            367         159.251
            368         160.228
            369         160.228
            370         160.228
            371         160.228
            372         160.228
            373         160.228
            374         161.205
            375         161.205
            376         161.205
            377         161.205
            378         161.205
            379         161.205
            380         161.205
            381         160.228
            382         160.228
            383         160.228
            384         160.228
            385         160.228
            386         160.228
            387         160.228
            388         160.228
            389         160.228
            390         160.228
            391         160.228
            392         160.228
            393         160.228
            394         160.228
            395         160.228
            396         160.228
            397         160.228
            398         160.228
            399         160.228
            400         160.228
            401         160.228
            402         159.251
            403         159.251
            404         159.251
            405         159.251
            406         159.251
            407         159.251
            408         159.251
            409         159.251
            410         159.251
            411         159.251
            412         159.251
            413         160.228
            414         160.228
            415         160.228
            416         160.228
            417         160.228
            418         160.228
            419         160.228
            420         160.228
            421         160.228
            422         160.228
            423         160.228
            424         160.228
            425         160.228
            426         160.228
            427         161.205
            428         161.205
            429         161.205
            430         161.205
            431         161.205
            432         161.205
            433         161.205
            434         161.205
            435         161.205
            436         161.205
            437         161.205
            438         162.182
            439         162.182
            440         162.182
            441         162.182
            442         162.182
            443         162.182
            444         163.159
            445         163.159
            446         163.159
            447         163.159
            448         163.159
            449         163.159
            450         163.159
            451         163.159
            452         163.159
            453         163.159
            454         163.159
            455         163.159
            456         163.159
            457         163.159
            458         163.159
            459         163.159
            460         163.159
            461         163.159
            462         163.159
            463         163.159
            464         163.159
            465         163.159
            466         163.159
            467         163.159
            468         163.159
            469         163.159
            470         163.159
            471         163.159
            472         163.159
            473         163.159
            474         164.136
            475         164.136
            476         164.136
            477         164.136
            478         164.136
            479         164.136
            480         164.136
            481         164.136
            482         164.136
            483         164.136
            484         164.136
            485         164.136
            486         164.136
            487         164.136
            488         164.136
            489         164.136
            490         164.136
            491         164.136
            492         164.136
            493         164.136
            494         164.136
            495         164.136
            496         164.136
            497         164.136
            498         164.136
            499         164.136
            500         164.136
            501         164.136
            502         164.136
            503         165.113
            504         165.113
            505         165.113
            506         165.113
            507         165.113
            508         165.113
            509         165.113
            510         165.113
            511         165.113
            512         165.113
            513         165.113
            514         165.113
            515         165.113
            516         165.113
            517         165.113
            518         165.113
            519         165.113
            520         165.113
            521         165.113
            522         165.113
            523         166.090
            524         166.090
            525         166.090
            526         166.090
            527         166.090
            528         166.090
            529         166.090
            530         166.090
            531         166.090
            532         166.090
            533         166.090
            534         166.090
            535         166.090
            536         166.090
            537         166.090
            538         166.090
            539         167.067
            540         167.067
            541         167.067
            542         167.067
            543         167.067
            544         167.067
            545         167.067
            546         167.067
            547         167.067
            548         167.067
            549         167.067
            550         167.067
            551         167.067
            552         167.067
            553         167.067
            554         167.067
            555         168.044
            556         168.044
            557         168.044
            558         168.044
            559         168.044
            560         168.044
            561         168.044
            562         168.044
            563         168.044
            564         168.044
            565         168.044
            566         168.044
            567         168.044
            568         168.044
            569         168.044
            570         168.044
            571         168.044
            572         168.044
            573         168.044
            574         168.044
            575         168.044
            576         168.044
            577         168.044
            578         168.044
            579         168.044
            580         168.044
            581         168.044
            582         168.044
            583         168.044
            584         168.044
            585         168.044
            586         169.021
            587         169.021
            588         169.021
            589         169.021
            590         169.021
            591         169.021
            592         169.021
            593         169.021
            594         169.021
            595         169.021
            596         169.021
            597         169.021
            598         169.021
            599         169.021
            600         169.021
            601         169.021
            602         169.021
            603         169.021
            604         169.021
            605         169.021
            606         169.021
            607         169.021
            608         169.021
            609         169.021
            610         169.021
            611         169.021
            612         169.021
            613         169.021
            614         169.998
            615         169.998
            616         169.998
            617         169.998
            618         169.998
            619         169.998
            620         169.998
            621         169.998
            622         169.998
            623         169.998
            624         169.998
            625         169.998
            626         169.998
            627         169.998
            628         169.998
            629         169.998
            630         169.998
            631         169.998
            632         169.998
            633         169.998
            634         169.998
            635         169.998
            636         169.998
            637         169.998
            638         169.998
            639         169.998
            640         169.998
            641         169.998
            642         169.998
            643         169.998
            644         169.998
            645         169.998
            646         169.998
            647         169.998
            648         170.975
            649         170.975
            650         170.975
            651         170.975
            652         170.975
            653         170.975
            654         170.975
            655         170.975
            656         170.975
            657         170.975
            658         170.975
            659         170.975
            660         170.975
            661         170.975
            662         170.975
            663         170.975
            664         170.975
            665         170.975
            666         170.975
            667         170.975
            668         170.975
            669         170.975
            670         170.975
            671         170.975
            672         170.975
            673         170.975
            674         170.975
            675         170.975
            676         170.975
            677         170.975
            678         170.975
            679         170.975
            680         171.952
            681         171.952
            682         171.952
            683         171.952
            684         171.952
            685         171.952
            686         171.952
            687         171.952
            688         171.952
            689         171.952
            690         171.952
            691         171.952
            692         171.952
            693         171.952
            694         171.952
            695         171.952
            696         171.952
            697         171.952
            698         171.952
            699         171.952
            700         171.952
            701         171.952
            702         171.952
            703         171.952
            704         171.952
            705         171.952
            706         171.952
            707         171.952
            708         171.952
            709         171.952
            710         172.929
            711         172.929
            712         172.929
            713         172.929
            714         172.929
            715         172.929
            716         172.929
            717         172.929
            718         172.929
            719         172.929
            720         172.929
            721         172.929
            722         172.929
            723         172.929
            724         172.929
            725         172.929
            726         172.929
            727         172.929
            728         172.929
            729         172.929
            730         172.929
            731         172.929
            732         172.929
            733         172.929
            734         172.929
            735         172.929
            736         172.929
            737         172.929
            738         172.929
            739         172.929
            740         172.929
            741         172.929
            742         172.929
            743         172.929
            744         172.929
            745         172.929
            746         172.929
            747         172.929
            748         172.929
            749         172.929
            750         172.929
            751         172.929
            752         172.929
            753         172.929
            754         172.929
            755         172.929
            756         172.929
            757         172.929
            758         172.929
            759         172.929
            760         172.929
            761         173.906
            762         173.906
            763         173.906
            764         173.906
            765         173.906
            766         173.906
            767         173.906
            768         173.906
            769         173.906
            770         173.906
            771         173.906
            772         173.906
            773         173.906
            774         173.906
            775         173.906
            776         173.906
            777         173.906
            778         173.906
            779         173.906
            780         173.906
            781         173.906
            782         173.906
            783         173.906
            784         173.906
            785         173.906
            786         173.906
            787         173.906
            788         173.906
            789         173.906
            790         173.906
            791         173.906
            792         173.906
            793         173.906
            794         173.906
            795         173.906
            796         173.906
            797         173.906
            798         173.906
            799         173.906
            800         173.906
            801         173.906
            802         173.906
            803         173.906
            804         173.906
            805         173.906
            806         173.906
            807         173.906
            808         173.906
            809         173.906
            810         173.906
            811         173.906
            812         173.906
            813         173.906
            814         173.906
            815         173.906
            816         173.906
            817         173.906
            818         173.906
            819         173.906
            820         173.906
            821         173.906
            822         173.906
            823         173.906
            824         173.906
            825         173.906
            826         173.906
            827         173.906
            828         173.906
            829         173.906
            830         173.906
            831         173.906
            832         173.906
            833         173.906
            834         173.906
            835         173.906
            836         173.906
            837         173.906
            838         173.906
            839         173.906
            840         174.883
            841         174.883
            842         174.883
            843         174.883
            844         174.883
            845         174.883
            846         174.883
            847         174.883
            848         174.883
            849         174.883
            850         174.883
            851         174.883
            852         174.883
            853         174.883
            854         174.883
            855         174.883
            856         174.883
            857         174.883
            858         174.883
            859         174.883
            860         174.883
            861         174.883
            862         174.883
            863         174.883
            864         174.883
            865         174.883
            866         174.883
            867         174.883
            868         174.883
            869         174.883
            870         174.883
            871         174.883
            872         174.883
            873         174.883
            874         174.883
            875         174.883
            876         174.883
            877         174.883
            878         174.883
            879         174.883
            880         174.883
            881         174.883
            882         174.883
            883         174.883
            884         174.883
            885         174.883
            886         174.883
            887         174.883
            888         174.883
            889         174.883
            890         174.883
            891         174.883
            892         174.883
            893         174.883
            894         174.883
            895         174.883
            896         174.883
            897         174.883
            898         174.883
            899         174.883
            900         174.883
            901         174.883
            902         174.883
            903         174.883
            904         174.883
            905         174.883
            906         174.883
            907         174.883
            908         174.883
            909         174.883
            910         174.883
            911         174.883
            912         174.883
            913         174.883
            914         174.883
            915         174.883
            916         174.883
            917         174.883
            918         174.883
            919         174.883
            920         174.883
            921         174.883
            922         174.883
            923         174.883
            924         174.883
            925         174.883
            926         174.883
            927         174.883
            928         174.883
            929         174.883
            930         174.883
            931         174.883
            932         174.883
            933         174.883
            934         174.883
            935         174.883
            936         174.883
            937         174.883
            938         174.883
            939         174.883
            940         174.883
            941         174.883
            942         174.883
            943         174.883
            944         174.883
            945         174.883
            946         174.883
            947         174.883
            948         174.883
            949         174.883
            950         174.883
            951         174.883
            952         174.883
            953         174.883
            954         174.883
            955         174.883
            956         174.883
            957         174.883
            958         174.883
            959         174.883
            960         174.883
            961         174.883
            962         174.883
            963         174.883
            964         174.883
            965         174.883
            966         174.883
            967         174.883
            968         174.883
            969         174.883
            970         174.883
            971         174.883
            972         174.883
            973         174.883
            974         174.883
            975         174.883
            976         174.883
            977         174.883
            978         174.883
            979         174.883
            980         174.883
            981         174.883
            982         174.883
            983         174.883
            984         174.883
            985         174.883
            986         174.883
            987         174.883
            988         174.883
            989         174.883
            990         174.883
            991         174.883
            992         174.883
            993         174.883
            994         174.883
            995         174.883
            996         174.883
            997         174.883
            998         174.883
            999         174.883
           1000         174.883
           1001         174.883
           1002         174.883
           1003         174.883
           1004         175.860
           1005         175.860
           1006         175.860
           1007         175.860
           1008         175.860
           1009         175.860
           1010         175.860
           1011         175.860
           1012         175.860
           1013         175.860
           1014         175.860
           1015         175.860
           1016         175.860
           1017         175.860
           1018         175.860
           1019         175.860
           1020         175.860
           1021         175.860
           1022         175.860
           1023         175.860
           1024         175.860
           1025         175.860
           1026         175.860
           1027         175.860
           1028         175.860
           1029         175.860
           1030         175.860
           1031         175.860
           1032         175.860
           1033         175.860
           1034         175.860
           1035         175.860
           1036         175.860
           1037         175.860
           1038         175.860
           1039         175.860
           1040         175.860
           1041         175.860
           1042         175.860
           1043         175.860
           1044         175.860
           1045         175.860
           1046         175.860
           1047         175.860
           1048         175.860
           1049         175.860
           1050         175.860
           1051         175.860
           1052         175.860
           1053         175.860
           1054         175.860
           1055         175.860
           1056         175.860
           1057         175.860
           1058         175.860
           1059         175.860
           1060         175.860
           1061         176.837
           1062         176.837
           1063         176.837
           1064         176.837
           1065         176.837
           1066         176.837
           1067         176.837
           1068         176.837
           1069         176.837
           1070         176.837
           1071         176.837
           1072         176.837
           1073         176.837
           1074         176.837
