TRACENO
              2         135.803
              3         135.803
              4         135.803
              5         135.803
              6         135.803
              7         135.803
              8         135.803
              9         135.803
             10         135.803
             11         135.803
             12         135.803
             13         135.803
             14         135.803
             15         135.803
             16         135.803
             17         135.803
             18         135.803
             19         135.803
             20         135.803
             21         135.803
             22         135.803
             23         135.803
             24         135.803
             25         135.803
             26         135.803
             27         134.826
             28         134.826
             29         134.826
             30         134.826
             31         134.826
             32         134.826
             33         134.826
             34         134.826
             35         134.826
             36         134.826
             37         134.826
             38         134.826
             39         134.826
             40         134.826
             41         134.826
             42         134.826
             43         134.826
             44         134.826
             45         134.826
             46         134.826
             47         134.826
             48         134.826
             49         134.826
             50         134.826
             51         134.826
             52         134.826
             53         134.826
             54         134.826
             55         134.826
             56         134.826
             57         134.826
             58         134.826
             59         134.826
             60         134.826
             61         134.826
             62         134.826
             63         134.826
             64         134.826
             65         134.826
             66         134.826
             67         134.826
             68         134.826
             69         134.826
             70         134.826
             71         134.826
             72         134.826
             73         134.826
             74         134.826
             75         134.826
             76         134.826
             77         134.826
             78         134.826
             79         134.826
             80         134.826
             81         134.826
             82         134.826
             83         134.826
             84         134.826
             85         134.826
             86         134.826
             87         134.826
             88         134.826
             89         134.826
             90         134.826
             91         134.826
             92         134.826
             93         134.826
             94         134.826
             95         134.826
             96         134.826
             97         134.826
             98         134.826
             99         134.826
            100         134.826
            101         134.826
            102         134.826
            103         134.826
            104         134.826
            105         134.826
            106         134.826
            107         134.826
            108         135.803
            109         135.803
            110         135.803
            111         135.803
            112         135.803
            113         135.803
            114         135.803
            115         135.803
            116         135.803
            117         135.803
            118         135.803
            119         134.826
            120         134.826
            121         134.826
            122         134.826
            123         134.826
            124         134.826
            125         134.826
            126         134.826
            127         134.826
            128         134.826
            129         134.826
            130         134.826
            131         134.826
            132         134.826
            133         134.826
            134         134.826
            135         134.826
            136         134.826
            137         134.826
            138         134.826
            139         134.826
            140         134.826
            141         134.826
            142         134.826
            143         134.826
            144         134.826
            145         134.826
            146         134.826
            147         134.826
            148         134.826
            149         134.826
            150         134.826
            151         134.826
            152         134.826
            153         134.826
            154         134.826
            155         134.826
            156         134.826
            157         134.826
            158         134.826
            159         134.826
            160         134.826
            161         134.826
            162         134.826
            163         134.826
            164         134.826
            165         134.826
            166         134.826
            167         134.826
            168         134.826
            169         134.826
            170         134.826
            171         134.826
            172         134.826
            173         134.826
            174         134.826
            175         134.826
            176         134.826
            177         134.826
            178         134.826
            179         134.826
            180         134.826
            181         134.826
            182         134.826
            183         134.826
            184         134.826
            185         134.826
            186         134.826
            187         134.826
            188         134.826
            189         134.826
            190         134.826
            191         134.826
            192         134.826
            193         134.826
            194         134.826
            195         134.826
            196         134.826
            197         134.826
            198         134.826
            199         134.826
            200         134.826
            201         134.826
            202         134.826
            203         134.826
            204         134.826
            205         134.826
            206         134.826
            207         134.826
            208         134.826
            209         134.826
            210         134.826
            211         134.826
            212         134.826
            213         134.826
            214         134.826
            215         134.826
            216         134.826
            217         134.826
            218         134.826
            219         134.826
            220         134.826
            221         134.826
            222         134.826
            223         134.826
            224         135.803
            225         135.803
            226         135.803
            227         135.803
            228         135.803
            229         135.803
            230         135.803
            231         135.803
            232         135.803
            233         135.803
            234         135.803
            235         135.803
            236         135.803
            237         135.803
            238         135.803
            239         135.803
            240         135.803
            241         135.803
            242         135.803
            243         135.803
            244         135.803
            245         135.803
            246         135.803
            247         135.803
            248         135.803
            249         135.803
            250         135.803
            251         135.803
            252         135.803
            253         135.803
            254         135.803
            255         135.803
            256         135.803
            257         135.803
            258         135.803
            259         135.803
            260         135.803
            261         135.803
            262         135.803
            263         135.803
            264         135.803
            265         135.803
            266         135.803
            267         135.803
            268         135.803
            269         135.803
            270         135.803
            271         135.803
            272         135.803
            273         135.803
            274         135.803
            275         135.803
            276         135.803
            277         135.803
            278         135.803
            279         135.803
            280         135.803
            281         135.803
            282         135.803
            283         135.803
            284         135.803
            285         135.803
            286         135.803
            287         135.803
            288         135.803
            289         135.803
            290         135.803
            291         135.803
            292         135.803
            293         135.803
            294         135.803
            295         135.803
            296         135.803
            297         135.803
            298         135.803
            299         135.803
            300         135.803
            301         135.803
            302         135.803
            303         135.803
            304         135.803
            305         135.803
            306         135.803
            307         135.803
            308         135.803
            309         135.803
            310         135.803
            311         135.803
            312         135.803
            313         135.803
            314         135.803
            315         135.803
            316         135.803
            317         135.803
            318         135.803
            319         135.803
            320         135.803
            321         135.803
            322         135.803
            323         135.803
            324         135.803
            325         135.803
            326         135.803
            327         135.803
            328         135.803
            329         135.803
            330         135.803
            331         135.803
            332         135.803
            333         135.803
            334         135.803
            335         135.803
            336         135.803
            337         135.803
            338         135.803
            339         135.803
            340         135.803
            341         135.803
            342         135.803
            343         135.803
            344         135.803
            345         135.803
            346         135.803
            347         135.803
            348         135.803
            349         136.780
            350         136.780
            351         136.780
            352         136.780
            353         136.780
            354         136.780
            355         136.780
            356         136.780
            357         136.780
            358         136.780
            359         136.780
            360         136.780
            361         136.780
            362         136.780
            363         136.780
            364         136.780
            365         136.780
            366         136.780
            367         136.780
            368         136.780
            369         136.780
            370         136.780
            371         136.780
            372         136.780
            373         136.780
            374         136.780
            375         136.780
            376         136.780
            377         136.780
            378         136.780
            379         136.780
            380         136.780
            381         136.780
            382         136.780
            383         136.780
            384         136.780
            385         137.757
            386         137.757
            387         137.757
            388         137.757
            389         137.757
            390         137.757
            391         137.757
            392         137.757
            393         137.757
            394         137.757
            395         137.757
            396         137.757
            397         137.757
            398         137.757
            399         137.757
            400         137.757
            401         137.757
            402         137.757
            403         137.757
            404         137.757
            405         137.757
            406         137.757
            407         137.757
            408         137.757
            409         137.757
            410         137.757
            411         137.757
            412         137.757
            413         137.757
            414         137.757
            415         137.757
            416         137.757
            417         137.757
            418         137.757
            419         137.757
            420         137.757
            421         137.757
            422         137.757
            423         137.757
            424         137.757
            425         137.757
            426         137.757
            427         137.757
            428         137.757
            429         137.757
            430         137.757
            431         137.757
            432         137.757
            433         137.757
            434         137.757
            435         137.757
            436         138.734
            437         138.734
            438         138.734
            439         138.734
            440         138.734
            441         138.734
            442         138.734
            443         138.734
            444         138.734
            445         138.734
            446         138.734
            447         138.734
            448         138.734
            449         138.734
            450         138.734
            451         138.734
            452         138.734
            453         138.734
            454         138.734
            455         138.734
            456         138.734
            457         138.734
            458         138.734
            459         139.711
            460         139.711
            461         139.711
            462         139.711
            463         139.711
            464         139.711
            465         139.711
            466         139.711
            467         139.711
            468         139.711
            469         139.711
            470         139.711
            471         139.711
            472         139.711
            473         139.711
            474         139.711
            475         139.711
            476         139.711
            477         139.711
            478         139.711
            479         139.711
            480         139.711
            481         139.711
            482         139.711
            483         139.711
            484         139.711
            485         139.711
            486         139.711
            487         139.711
            488         139.711
            489         139.711
            490         139.711
            491         139.711
            492         139.711
            493         139.711
            494         139.711
            495         139.711
            496         139.711
            497         139.711
            498         139.711
            499         139.711
            500         139.711
            501         139.711
            502         139.711
            503         139.711
            504         139.711
            505         139.711
            506         139.711
            507         139.711
            508         139.711
            509         139.711
            510         139.711
            511         139.711
            512         139.711
            513         139.711
            514         139.711
            515         139.711
            516         139.711
            517         139.711
            518         139.711
            519         139.711
            520         139.711
            521         139.711
            522         139.711
            523         139.711
            524         139.711
            525         139.711
            526         139.711
            527         139.711
            528         139.711
            529         139.711
            530         139.711
            531         139.711
            532         139.711
            533         139.711
            534         139.711
            535         139.711
            536         139.711
            537         139.711
            538         139.711
            539         139.711
            540         139.711
            541         139.711
            542         139.711
            543         139.711
            544         139.711
            545         139.711
            546         139.711
            547         139.711
            548         139.711
            549         139.711
            550         139.711
            551         139.711
            552         139.711
            553         139.711
            554         139.711
            555         139.711
            556         139.711
            557         139.711
            558         139.711
            559         139.711
            560         139.711
            561         139.711
            562         139.711
            563         139.711
            564         139.711
            565         139.711
            566         139.711
            567         139.711
            568         139.711
            569         139.711
            570         139.711
            571         139.711
            572         139.711
            573         140.688
            574         140.688
            575         140.688
            576         140.688
            577         140.688
            578         140.688
            579         140.688
            580         140.688
            581         140.688
            582         140.688
            583         140.688
            584         140.688
            585         140.688
            586         140.688
            587         140.688
            588         140.688
            589         140.688
            590         140.688
            591         140.688
            592         140.688
            593         140.688
            594         140.688
            595         140.688
            596         140.688
            597         140.688
            598         140.688
            599         140.688
            600         140.688
            601         140.688
            602         140.688
            603         140.688
            604         140.688
            605         140.688
            606         140.688
            607         140.688
            608         140.688
            609         140.688
            610         140.688
            611         140.688
            612         140.688
            613         140.688
            614         140.688
            615         140.688
            616         140.688
            617         140.688
            618         140.688
            619         140.688
            620         140.688
            621         140.688
            622         140.688
            623         140.688
            624         140.688
            625         140.688
            626         140.688
            627         140.688
            628         140.688
            629         140.688
            630         140.688
            631         140.688
            632         140.688
            633         140.688
            634         140.688
            635         140.688
            636         140.688
            637         140.688
            638         140.688
            639         140.688
            640         140.688
            641         140.688
            642         140.688
            643         140.688
            644         140.688
            645         140.688
            646         140.688
            647         140.688
            648         140.688
            649         140.688
            650         140.688
            651         140.688
            652         140.688
            653         140.688
            654         140.688
            655         140.688
            656         140.688
            657         140.688
            658         140.688
            659         140.688
            660         140.688
            661         140.688
            662         140.688
            663         140.688
            664         140.688
            665         140.688
            666         140.688
            667         140.688
            668         140.688
            669         140.688
            670         140.688
            671         140.688
            672         140.688
            673         140.688
            674         140.688
            675         140.688
            676         141.665
            677         141.665
            678         141.665
            679         141.665
            680         141.665
            681         141.665
            682         141.665
            683         141.665
            684         141.665
            685         141.665
            686         141.665
            687         141.665
            688         141.665
            689         141.665
            690         141.665
            691         141.665
            692         141.665
            693         141.665
            694         141.665
            695         141.665
            696         141.665
            697         141.665
            698         141.665
            699         141.665
            700         141.665
            701         141.665
            702         141.665
            703         141.665
            704         141.665
            705         141.665
            706         141.665
            707         141.665
            708         141.665
            709         141.665
            710         141.665
            711         141.665
            712         141.665
            713         141.665
            714         141.665
            715         141.665
            716         141.665
            717         141.665
            718         142.642
            719         142.642
            720         142.642
            721         142.642
            722         142.642
            723         142.642
            724         142.642
            725         142.642
            726         142.642
            727         142.642
            728         142.642
            729         142.642
            730         142.642
            731         142.642
            732         142.642
            733         142.642
            734         142.642
            735         142.642
            736         142.642
            737         142.642
            738         142.642
            739         142.642
            740         142.642
            741         142.642
            742         142.642
            743         142.642
            744         142.642
            745         142.642
            746         142.642
            747         142.642
            748         142.642
            749         142.642
            750         142.642
            751         142.642
            752         142.642
            753         142.642
            754         142.642
            755         142.642
            756         142.642
            757         142.642
            758         142.642
            759         142.642
            760         142.642
            761         142.642
            762         142.642
            763         142.642
            764         142.642
            765         142.642
            766         142.642
            767         142.642
            768         142.642
            769         142.642
            770         142.642
            771         142.642
            772         142.642
            773         142.642
            774         142.642
            775         142.642
            776         142.642
            777         142.642
            778         143.619
            779         143.619
            780         143.619
            781         143.619
            782         143.619
            783         143.619
            784         143.619
            785         143.619
            786         143.619
            787         143.619
            788         143.619
            789         143.619
            790         143.619
            791         143.619
            792         143.619
            793         143.619
            794         143.619
            795         143.619
            796         143.619
            797         143.619
            798         143.619
            799         143.619
            800         143.619
            801         143.619
            802         143.619
            803         143.619
            804         143.619
            805         143.619
            806         143.619
            807         143.619
            808         143.619
            809         143.619
            810         143.619
            811         143.619
            812         143.619
            813         143.619
            814         143.619
            815         143.619
            816         143.619
            817         143.619
            818         143.619
            819         143.619
            820         143.619
            821         143.619
            822         143.619
            823         143.619
            824         143.619
            825         143.619
            826         143.619
            827         143.619
            828         143.619
            829         143.619
            830         143.619
            831         143.619
            832         143.619
            833         143.619
            834         143.619
            835         143.619
            836         143.619
            837         143.619
            838         143.619
            839         143.619
            840         143.619
            841         143.619
            842         143.619
            843         143.619
            844         143.619
            845         143.619
            846         143.619
            847         143.619
            848         143.619
            849         143.619
            850         143.619
            851         143.619
            852         143.619
            853         143.619
            854         143.619
            855         144.596
            856         144.596
            857         144.596
            858         144.596
            859         144.596
            860         144.596
            861         144.596
            862         144.596
            863         144.596
            864         144.596
            865         144.596
            866         144.596
            867         144.596
            868         144.596
            869         144.596
            870         144.596
            871         144.596
            872         144.596
            873         144.596
            874         144.596
            875         144.596
            876         144.596
            877         144.596
            878         144.596
            879         144.596
            880         144.596
            881         144.596
            882         144.596
            883         144.596
            884         144.596
            885         144.596
            886         144.596
            887         144.596
            888         144.596
            889         144.596
            890         144.596
            891         144.596
            892         144.596
            893         144.596
            894         144.596
            895         144.596
            896         144.596
            897         144.596
            898         144.596
            899         144.596
            900         144.596
            901         144.596
            902         144.596
            903         144.596
            904         144.596
            905         144.596
            906         144.596
            907         144.596
            908         144.596
            909         144.596
            910         144.596
            911         144.596
            912         144.596
            913         144.596
            914         144.596
            915         144.596
            916         144.596
            917         144.596
            918         144.596
            919         144.596
            920         144.596
            921         144.596
            922         144.596
            923         144.596
            924         144.596
            925         144.596
            926         144.596
            927         145.573
            928         145.573
            929         145.573
            930         145.573
            931         145.573
            932         145.573
            933         145.573
            934         145.573
            935         145.573
            936         145.573
            937         145.573
            938         145.573
            939         145.573
            940         145.573
            941         145.573
            942         145.573
            943         145.573
            944         145.573
            945         145.573
            946         145.573
            947         145.573
            948         145.573
            949         145.573
            950         145.573
            951         145.573
            952         145.573
            953         145.573
            954         145.573
            955         145.573
            956         145.573
            957         145.573
            958         145.573
            959         145.573
            960         145.573
            961         145.573
            962         145.573
            963         145.573
            964         145.573
            965         145.573
            966         145.573
            967         145.573
            968         145.573
            969         145.573
            970         145.573
            971         145.573
            972         145.573
            973         145.573
            974         145.573
            975         145.573
            976         145.573
            977         145.573
            978         145.573
            979         145.573
            980         145.573
            981         145.573
            982         145.573
            983         145.573
            984         145.573
            985         145.573
            986         145.573
            987         145.573
            988         145.573
            989         145.573
            990         145.573
            991         145.573
            992         145.573
            993         145.573
            994         145.573
            995         145.573
            996         145.573
            997         145.573
            998         145.573
            999         145.573
           1000         145.573
           1001         145.573
           1002         145.573
           1003         145.573
           1004         145.573
           1005         145.573
           1006         145.573
           1007         145.573
           1008         145.573
           1009         145.573
           1010         145.573
           1011         145.573
           1012         145.573
           1013         145.573
           1014         145.573
           1015         145.573
           1016         145.573
           1017         145.573
           1018         145.573
           1019         145.573
           1020         145.573
           1021         145.573
           1022         145.573
           1023         145.573
           1024         145.573
           1025         145.573
           1026         145.573
           1027         145.573
           1028         145.573
           1029         145.573
           1030         145.573
           1031         145.573
           1032         145.573
           1033         145.573
           1034         145.573
           1035         145.573
           1036         145.573
           1037         145.573
           1038         145.573
           1039         145.573
           1040         145.573
           1041         145.573
           1042         145.573
           1043         145.573
           1044         145.573
           1045         145.573
           1046         145.573
           1047         145.573
           1048         145.573
           1049         145.573
           1050         145.573
           1051         145.573
           1052         145.573
           1053         145.573
           1054         145.573
           1055         145.573
           1056         145.573
           1057         145.573
           1058         145.573
           1059         145.573
           1060         145.573
           1061         145.573
           1062         145.573
           1063         145.573
           1064         145.573
           1065         145.573
           1066         145.573
           1067         145.573
           1068         145.573
           1069         145.573
           1070         145.573
           1071         145.573
           1072         145.573
           1073         145.573
           1074         145.573
           1075         145.573
           1076         145.573
           1077         145.573
           1078         145.573
           1079         145.573
           1080         145.573
           1081         145.573
           1082         145.573
           1083         145.573
           1084         145.573
           1085         145.573
           1086         145.573
           1087         145.573
           1088         145.573
           1089         145.573
           1090         145.573
           1091         145.573
           1092         145.573
           1093         145.573
           1094         145.573
           1095         145.573
           1096         145.573
           1097         145.573
           1098         145.573
           1099         145.573
           1100         145.573
           1101         145.573
           1102         145.573
           1103         145.573
           1104         145.573
           1105         145.573
           1106         145.573
           1107         145.573
           1108         145.573
           1109         145.573
           1110         145.573
           1111         145.573
           1112         145.573
           1113         145.573
           1114         145.573
           1115         145.573
           1116         145.573
           1117         145.573
           1118         145.573
           1119         145.573
           1120         145.573
           1121         145.573
           1122         145.573
           1123         145.573
           1124         145.573
           1125         145.573
           1126         145.573
           1127         145.573
           1128         145.573
           1129         145.573
           1130         145.573
           1131         145.573
           1132         145.573
           1133         145.573
           1134         145.573
           1135         145.573
           1136         145.573
           1137         145.573
           1138         145.573
           1139         145.573
           1140         146.550
           1141         146.550
           1142         146.550
           1143         146.550
           1144         146.550
           1145         146.550
           1146         146.550
           1147         146.550
           1148         146.550
           1149         146.550
           1150         146.550
           1151         146.550
           1152         146.550
           1153         146.550
           1154         146.550
           1155         146.550
           1156         146.550
           1157         146.550
           1158         146.550
           1159         146.550
           1160         146.550
           1161         146.550
           1162         146.550
           1163         146.550
           1164         146.550
           1165         146.550
           1166         146.550
           1167         146.550
           1168         146.550
           1169         146.550
           1170         146.550
           1171         146.550
           1172         146.550
           1173         146.550
           1174         146.550
           1175         146.550
           1176         146.550
           1177         146.550
           1178         146.550
           1179         146.550
           1180         146.550
           1181         146.550
           1182         146.550
           1183         146.550
           1184         146.550
           1185         146.550
           1186         146.550
           1187         146.550
           1188         146.550
           1189         146.550
           1190         146.550
           1191         146.550
           1192         146.550
           1193         146.550
           1194         146.550
           1195         146.550
           1196         146.550
           1197         146.550
           1198         146.550
           1199         146.550
           1200         146.550
           1201         146.550
           1202         146.550
           1203         146.550
           1204         146.550
           1205         146.550
           1206         146.550
           1207         146.550
           1208         146.550
           1209         146.550
           1210         146.550
           1211         146.550
           1212         146.550
           1213         146.550
           1214         146.550
           1215         146.550
           1216         146.550
           1217         146.550
           1218         146.550
           1219         146.550
           1220         146.550
           1221         146.550
           1222         146.550
           1223         146.550
           1224         146.550
           1225         146.550
           1226         146.550
           1227         146.550
           1228         146.550
           1229         146.550
           1230         146.550
           1231         146.550
           1232         146.550
           1233         146.550
           1234         146.550
           1235         146.550
           1236         146.550
           1237         146.550
           1238         146.550
           1239         146.550
           1240         146.550
           1241         146.550
           1242         146.550
           1243         146.550
           1244         146.550
           1245         146.550
           1246         146.550
           1247         146.550
           1248         146.550
           1249         146.550
           1250         146.550
           1251         146.550
           1252         146.550
           1253         146.550
           1254         146.550
           1255         146.550
           1256         146.550
           1257         146.550
           1258         146.550
           1259         146.550
           1260         146.550
           1261         146.550
           1262         146.550
           1263         146.550
           1264         146.550
           1265         146.550
           1266         146.550
           1267         146.550
           1268         146.550
           1269         146.550
           1270         146.550
           1271         146.550
           1272         146.550
           1273         146.550
           1274         146.550
           1275         146.550
           1276         146.550
           1277         146.550
           1278         146.550
           1279         146.550
           1280         146.550
           1281         146.550
           1282         146.550
           1283         146.550
           1284         146.550
           1285         146.550
           1286         146.550
           1287         146.550
           1288         146.550
           1289         146.550
           1290         146.550
           1291         146.550
           1292         146.550
           1293         146.550
           1294         146.550
           1295         146.550
           1296         146.550
           1297         146.550
           1298         146.550
           1299         146.550
           1300         146.550
           1301         146.550
           1302         146.550
           1303         146.550
           1304         146.550
           1305         146.550
           1306         146.550
           1307         146.550
           1308         146.550
           1309         146.550
           1310         146.550
           1311         146.550
           1312         146.550
           1313         146.550
           1314         146.550
           1315         146.550
           1316         146.550
           1317         146.550
           1318         146.550
           1319         146.550
           1320         146.550
           1321         146.550
           1322         146.550
           1323         146.550
           1324         146.550
           1325         146.550
           1326         146.550
           1327         146.550
           1328         146.550
           1329         146.550
           1330         146.550
           1331         146.550
           1332         146.550
           1333         146.550
           1334         146.550
           1335         146.550
           1336         146.550
           1337         146.550
           1338         146.550
           1339         146.550
           1340         146.550
           1341         146.550
           1342         146.550
           1343         146.550
           1344         146.550
           1345         146.550
           1346         146.550
           1347         146.550
           1348         146.550
           1349         146.550
           1350         146.550
           1351         146.550
           1352         146.550
           1353         146.550
           1354         146.550
           1355         146.550
           1356         146.550
           1357         146.550
           1358         146.550
           1359         146.550
           1360         146.550
           1361         146.550
           1362         146.550
           1363         146.550
           1364         146.550
           1365         146.550
           1366         146.550
           1367         146.550
           1368         146.550
           1369         146.550
           1370         146.550
           1371         146.550
           1372         146.550
           1373         146.550
           1374         146.550
           1375         146.550
           1376         146.550
           1377         146.550
           1378         146.550
           1379         146.550
           1380         146.550
           1381         146.550
           1382         146.550
           1383         146.550
           1384         146.550
           1385         146.550
           1386         146.550
           1387         146.550
           1388         146.550
           1389         146.550
           1390         146.550
           1391         146.550
           1392         146.550
           1393         146.550
           1394         146.550
           1395         146.550
           1396         146.550
           1397         146.550
           1398         146.550
           1399         146.550
           1400         146.550
           1401         146.550
           1402         146.550
           1403         146.550
           1404         146.550
           1405         146.550
           1406         146.550
           1407         146.550
           1408         146.550
           1409         146.550
           1410         146.550
           1411         146.550
           1412         146.550
           1413         146.550
           1414         146.550
           1415         146.550
           1416         146.550
           1417         146.550
           1418         146.550
           1419         146.550
           1420         146.550
           1421         146.550
           1422         146.550
           1423         146.550
           1424         146.550
           1425         146.550
           1426         146.550
           1427         146.550
           1428         146.550
           1429         146.550
           1430         146.550
           1431         146.550
           1432         146.550
           1433         146.550
           1434         146.550
           1435         146.550
           1436         146.550
           1437         146.550
           1438         146.550
           1439         146.550
           1440         146.550
           1441         146.550
           1442         146.550
           1443         146.550
           1444         146.550
           1445         146.550
           1446         146.550
           1447         146.550
           1448         146.550
           1449         146.550
           1450         146.550
           1451         146.550
           1452         146.550
           1453         146.550
           1454         146.550
           1455         146.550
           1456         146.550
           1457         146.550
           1458         146.550
           1459         146.550
           1460         146.550
           1461         146.550
           1462         146.550
           1463         145.573
           1464         145.573
           1465         145.573
           1466         145.573
           1467         145.573
           1468         145.573
           1469         145.573
           1470         145.573
           1471         145.573
           1472         145.573
           1473         145.573
           1474         145.573
           1475         145.573
           1476         145.573
           1477         145.573
           1478         145.573
           1479         145.573
           1480         145.573
           1481         145.573
           1482         145.573
           1483         145.573
           1484         145.573
           1485         145.573
           1486         145.573
           1487         145.573
           1488         145.573
           1489         145.573
           1490         145.573
           1491         145.573
           1492         145.573
           1493         145.573
           1494         145.573
           1495         145.573
           1496         145.573
           1497         145.573
           1498         145.573
           1499         145.573
           1500         145.573
           1501         145.573
           1502         145.573
           1503         145.573
           1504         145.573
           1505         145.573
           1506         145.573
           1507         145.573
           1508         145.573
           1509         145.573
           1510         145.573
           1511         145.573
           1512         145.573
           1513         145.573
           1514         145.573
           1515         145.573
           1516         145.573
           1517         145.573
           1518         145.573
           1519         145.573
           1520         145.573
           1521         145.573
           1522         145.573
           1523         145.573
           1524         145.573
           1525         145.573
           1526         145.573
           1527         145.573
           1528         145.573
           1529         145.573
           1530         145.573
           1531         145.573
           1532         145.573
           1533         145.573
           1534         145.573
           1535         145.573
           1536         145.573
           1537         145.573
           1538         145.573
           1539         145.573
           1540         145.573
           1541         145.573
           1542         145.573
           1543         145.573
           1544         145.573
           1545         145.573
           1546         145.573
           1547         145.573
           1548         145.573
           1549         145.573
           1550         145.573
           1551         145.573
           1552         145.573
           1553         145.573
           1554         145.573
           1555         145.573
           1556         145.573
           1557         145.573
           1558         145.573
           1559         145.573
           1560         145.573
           1561         145.573
           1562         145.573
           1563         145.573
           1564         145.573
           1565         145.573
           1566         145.573
           1567         145.573
           1568         145.573
           1569         145.573
           1570         145.573
           1571         145.573
           1572         145.573
           1573         145.573
