TRACENO
              2         139.711
              3         139.711
              4         139.711
              5         139.711
              6         139.711
              7         139.711
              8         139.711
              9         139.711
             10         139.711
             11         139.711
             12         139.711
             13         139.711
             14         139.711
             15         139.711
             16         139.711
             17         139.711
             18         139.711
             19         139.711
             20         139.711
             21         139.711
             22         139.711
             23         139.711
             24         139.711
             25         139.711
             26         139.711
             27         139.711
             28         139.711
             29         139.711
             30         139.711
             31         139.711
             32         139.711
             33         139.711
             34         139.711
             35         139.711
             36         139.711
             37         139.711
             38         139.711
             39         139.711
             40         139.711
             41         139.711
             42         139.711
             43         139.711
             44         139.711
             45         139.711
             46         139.711
             47         139.711
             48         139.711
             49         139.711
             50         139.711
             51         139.711
             52         139.711
             53         139.711
             54         139.711
             55         139.711
             56         139.711
             57         139.711
             58         139.711
             59         139.711
             60         139.711
             61         140.688
             62         140.688
             63         140.688
             64         140.688
             65         140.688
             66         140.688
             67         140.688
             68         140.688
             69         140.688
             70         140.688
             71         140.688
             72         140.688
             73         140.688
             74         140.688
             75         140.688
             76         140.688
             77         140.688
             78         140.688
             79         140.688
             80         140.688
             81         140.688
             82         140.688
             83         140.688
             84         140.688
             85         140.688
             86         140.688
             87         140.688
             88         140.688
             89         140.688
             90         140.688
             91         140.688
             92         140.688
             93         140.688
             94         140.688
             95         140.688
             96         140.688
             97         140.688
             98         140.688
             99         140.688
            100         140.688
            101         140.688
            102         140.688
            103         140.688
            104         140.688
            105         140.688
            106         140.688
            107         140.688
            108         140.688
            109         140.688
            110         140.688
            111         140.688
            112         140.688
            113         140.688
            114         140.688
            115         140.688
            116         140.688
            117         139.711
            118         140.688
            119         140.688
            120         140.688
            121         140.688
            122         140.688
            123         140.688
            124         140.688
            125         140.688
            126         140.688
            127         140.688
            128         140.688
            129         140.688
            130         140.688
            131         140.688
            132         140.688
            133         140.688
            134         140.688
            135         140.688
            136         140.688
            137         140.688
            138         140.688
            139         140.688
            140         140.688
            141         140.688
            142         140.688
            143         140.688
            144         140.688
            145         140.688
            146         140.688
            147         140.688
            148         140.688
            149         140.688
            150         140.688
            151         140.688
            152         140.688
            153         140.688
            154         140.688
            155         140.688
            156         140.688
            157         140.688
            158         140.688
            159         140.688
            160         140.688
            161         140.688
            162         140.688
            163         140.688
            164         140.688
            165         140.688
            166         140.688
            167         140.688
            168         140.688
            169         140.688
            170         140.688
            171         140.688
            172         140.688
            173         140.688
            174         140.688
            175         140.688
            176         140.688
            177         140.688
            178         140.688
            179         140.688
            180         140.688
            181         140.688
            182         140.688
            183         140.688
            184         140.688
            185         140.688
            186         140.688
            187         140.688
            188         140.688
            189         140.688
            190         140.688
            191         140.688
            192         140.688
            193         140.688
            194         140.688
            195         140.688
            196         140.688
            197         140.688
            198         140.688
            199         140.688
            200         140.688
            201         140.688
            202         140.688
            203         140.688
            204         140.688
            205         140.688
            206         140.688
            207         140.688
            208         140.688
            209         140.688
            210         140.688
            211         140.688
            212         140.688
            213         140.688
            214         139.711
            215         139.711
            216         139.711
            217         139.711
            218         139.711
            219         139.711
            220         139.711
            221         139.711
            222         139.711
            223         139.711
            224         139.711
            225         139.711
            226         139.711
            227         139.711
            228         139.711
            229         138.734
            230         138.734
            231         138.734
            232         138.734
            233         138.734
            234         138.734
            235         138.734
            236         138.734
            237         138.734
            238         138.734
            239         138.734
            240         138.734
            241         138.734
            242         137.757
            243         137.757
            244         137.757
            245         137.757
            246         137.757
            247         137.757
            248         137.757
            249         137.757
            250         137.757
            251         137.757
            252         137.757
            253         137.757
            254         136.780
            255         136.780
            256         136.780
            257         136.780
            258         136.780
            259         136.780
            260         136.780
            261         136.780
            262         136.780
            263         136.780
            264         136.780
            265         136.780
            266         136.780
            267         136.780
            268         136.780
            269         136.780
            270         136.780
            271         135.803
            272         135.803
            273         135.803
            274         135.803
            275         135.803
            276         135.803
            277         135.803
            278         135.803
            279         135.803
            280         135.803
            281         135.803
            282         135.803
            283         135.803
            284         135.803
            285         135.803
            286         135.803
            287         135.803
            288         135.803
            289         135.803
            290         135.803
            291         134.826
            292         134.826
            293         134.826
            294         134.826
            295         134.826
            296         134.826
            297         134.826
            298         134.826
            299         134.826
            300         134.826
            301         134.826
            302         134.826
            303         134.826
            304         134.826
            305         134.826
            306         134.826
            307         134.826
            308         134.826
            309         134.826
            310         134.826
            311         134.826
            312         134.826
            313         134.826
            314         134.826
            315         134.826
            316         134.826
            317         134.826
            318         133.849
            319         133.849
            320         133.849
            321         132.872
            322         132.872
            323         132.872
            324         132.872
            325         131.895
            326         131.895
            327         131.895
            328         130.918
            329         130.918
            330         130.918
            331         130.918
            332         130.918
            333         130.918
            334         130.918
            335         130.918
            336         130.918
            337         130.918
            338         130.918
            339         130.918
            340         130.918
            341         130.918
            342         130.918
            343         130.918
            344         130.918
            345         130.918
            346         130.918
            347         130.918
            348         130.918
            349         130.918
            350         130.918
            351         130.918
            352         130.918
            353         130.918
            354         130.918
            355         129.941
            356         129.941
            357         129.941
            358         129.941
            359         129.941
            360         129.941
            361         129.941
            362         129.941
            363         129.941
            364         129.941
            365         129.941
            366         129.941
            367         129.941
            368         129.941
            369         129.941
            370         129.941
            371         129.941
            372         129.941
            373         129.941
            374         129.941
            375         128.964
            376         128.964
            377         128.964
            378         128.964
            379         128.964
            380         128.964
            381         128.964
            382         128.964
            383         128.964
            384         128.964
            385         128.964
            386         128.964
            387         128.964
            388         128.964
            389         128.964
            390         128.964
            391         128.964
            392         128.964
            393         128.964
            394         127.987
            395         127.987
            396         127.987
            397         127.987
            398         127.987
            399         127.987
            400         127.987
            401         127.987
            402         127.987
            403         127.987
            404         127.987
            405         127.987
            406         127.987
            407         127.987
            408         127.010
            409         127.010
            410         127.010
            411         127.010
            412         127.010
            413         127.010
            414         127.010
            415         127.010
            416         127.010
            417         127.010
            418         127.010
            419         127.010
            420         127.010
            421         126.033
            422         126.033
            423         126.033
            424         126.033
            425         126.033
            426         126.033
            427         126.033
            428         126.033
            429         126.033
            430         126.033
            431         126.033
            432         126.033
            433         125.056
            434         125.056
            435         125.056
            436         125.056
            437         125.056
            438         125.056
            439         125.056
            440         125.056
            441         125.056
            442         125.056
            443         125.056
            444         125.056
            445         124.079
            446         124.079
            447         124.079
            448         124.079
            449         124.079
            450         124.079
            451         124.079
            452         124.079
            453         124.079
            454         124.079
            455         124.079
            456         124.079
            457         123.102
            458         123.102
            459         123.102
            460         123.102
            461         123.102
            462         123.102
            463         123.102
            464         123.102
            465         123.102
            466         123.102
            467         123.102
            468         123.102
            469         122.125
            470         122.125
            471         122.125
            472         122.125
            473         122.125
            474         122.125
            475         122.125
            476         122.125
            477         122.125
            478         122.125
            479         122.125
            480         122.125
            481         121.148
            482         121.148
            483         121.148
            484         121.148
            485         121.148
            486         121.148
            487         121.148
            488         121.148
            489         121.148
            490         121.148
            491         121.148
            492         121.148
            493         120.171
            494         120.171
            495         120.171
            496         120.171
            497         120.171
            498         120.171
            499         120.171
            500         120.171
            501         120.171
            502         120.171
            503         120.171
            504         119.194
            505         119.194
            506         119.194
            507         119.194
            508         119.194
            509         119.194
            510         119.194
            511         119.194
            512         119.194
            513         119.194
            514         119.194
            515         119.194
            516         118.217
            517         118.217
            518         118.217
            519         118.217
            520         118.217
            521         118.217
            522         118.217
            523         118.217
            524         118.217
            525         118.217
            526         118.217
            527         118.217
            528         117.240
            529         117.240
            530         117.240
            531         117.240
            532         117.240
            533         117.240
            534         117.240
            535         117.240
            536         117.240
            537         117.240
            538         117.240
            539         117.240
            540         117.240
            541         116.263
            542         116.263
            543         116.263
            544         116.263
            545         116.263
            546         116.263
            547         116.263
            548         116.263
            549         116.263
            550         116.263
            551         116.263
            552         116.263
            553         115.286
            554         115.286
            555         115.286
            556         115.286
            557         115.286
            558         115.286
            559         115.286
            560         115.286
            561         115.286
            562         115.286
            563         115.286
            564         115.286
            565         114.309
            566         114.309
            567         114.309
            568         114.309
            569         114.309
            570         114.309
            571         114.309
            572         114.309
            573         114.309
            574         114.309
            575         114.309
            576         114.309
            577         114.309
            578         113.332
            579         113.332
            580         113.332
            581         113.332
            582         113.332
            583         113.332
            584         113.332
            585         113.332
            586         113.332
            587         113.332
            588         113.332
            589         113.332
            590         113.332
            591         112.355
            592         112.355
            593         112.355
            594         112.355
            595         112.355
            596         112.355
            597         112.355
            598         112.355
            599         112.355
            600         112.355
            601         112.355
            602         112.355
            603         112.355
            604         112.355
            605         111.378
            606         111.378
            607         111.378
            608         111.378
            609         111.378
            610         111.378
            611         111.378
            612         111.378
            613         111.378
            614         111.378
            615         111.378
            616         111.378
            617         111.378
            618         111.378
            619         110.401
            620         110.401
            621         110.401
            622         110.401
            623         110.401
            624         110.401
            625         110.401
            626         110.401
            627         110.401
            628         110.401
            629         110.401
            630         110.401
            631         110.401
            632         110.401
            633         110.401
            634         109.424
            635         109.424
            636         109.424
            637         109.424
            638         109.424
            639         109.424
            640         109.424
            641         109.424
            642         109.424
            643         109.424
            644         109.424
            645         109.424
            646         109.424
            647         109.424
            648         108.447
            649         108.447
            650         108.447
            651         108.447
            652         108.447
            653         108.447
            654         108.447
            655         108.447
            656         108.447
            657         108.447
            658         108.447
            659         108.447
            660         108.447
            661         108.447
            662         107.470
            663         107.470
            664         107.470
            665         107.470
            666         107.470
            667         107.470
            668         107.470
            669         107.470
            670         107.470
            671         107.470
            672         107.470
            673         106.493
            674         106.493
            675         106.493
            676         106.493
            677         106.493
            678         106.493
            679         106.493
            680         106.493
            681         106.493
            682         106.493
            683         106.493
            684         105.516
            685         105.516
            686         105.516
            687         105.516
            688         105.516
            689         105.516
            690         105.516
            691         105.516
            692         105.516
            693         105.516
            694         105.516
            695         105.516
            696         105.516
            697         105.516
            698         105.516
            699         105.516
            700         104.539
            701         104.539
            702         104.539
            703         104.539
            704         104.539
            705         104.539
            706         104.539
            707         104.539
            708         104.539
            709         104.539
            710         104.539
            711         104.539
            712         104.539
            713         104.539
            714         104.539
            715         104.539
            716         104.539
            717         104.539
            718         104.539
            719         104.539
            720         104.539
            721         104.539
            722         103.562
            723         103.562
            724         103.562
            725         103.562
            726         103.562
            727         103.562
            728         103.562
            729         103.562
            730         103.562
            731         103.562
            732         103.562
            733         103.562
            734         103.562
            735         103.562
            736         103.562
            737         103.562
            738         103.562
            739         103.562
            740         103.562
            741         103.562
            742         103.562
            743         102.585
            744         102.585
            745         102.585
            746         102.585
            747         102.585
            748         102.585
            749         102.585
            750         102.585
            751         101.608
            752         101.608
            753         101.608
            754         101.608
            755         101.608
            756         101.608
            757         101.608
            758         101.608
            759         100.631
            760         100.631
            761         100.631
            762         100.631
            763         100.631
            764         100.631
            765         100.631
            766         100.631
            767          99.654
            768          99.654
            769          99.654
            770          99.654
            771          99.654
            772          99.654
            773          99.654
            774          99.654
            775          98.677
            776          98.677
            777          98.677
            778          98.677
            779          98.677
            780          98.677
            781          98.677
            782          98.677
            783          98.677
            784          98.677
            785          98.677
            786          98.677
            787          98.677
            788          98.677
            789          97.700
            790          97.700
            791          97.700
            792          97.700
            793          97.700
            794          97.700
            795          97.700
            796          97.700
            797          97.700
            798          97.700
            799          97.700
            800          97.700
            801          97.700
            802          97.700
            803          97.700
            804          96.723
            805          96.723
            806          96.723
            807          96.723
            808          96.723
            809          96.723
            810          96.723
            811          96.723
            812          96.723
            813          96.723
            814          96.723
            815          96.723
            816          96.723
            817          96.723
            818          96.723
            819          96.723
            820          95.746
            821          95.746
            822          95.746
            823          95.746
            824          95.746
            825          95.746
            826          95.746
            827          95.746
            828          95.746
            829          95.746
            830          95.746
            831          95.746
            832          95.746
            833          95.746
            834          95.746
            835          95.746
            836          94.769
            837          94.769
            838          94.769
            839          94.769
            840          94.769
            841          94.769
            842          94.769
            843          94.769
            844          94.769
            845          94.769
            846          94.769
            847          94.769
            848          94.769
            849          94.769
            850          94.769
            851          93.792
            852          93.792
            853          93.792
            854          93.792
            855          93.792
            856          93.792
            857          93.792
            858          93.792
            859          93.792
            860          93.792
            861          93.792
            862          93.792
            863          93.792
            864          92.815
            865          92.815
            866          92.815
            867          92.815
            868          92.815
            869          92.815
            870          92.815
            871          92.815
            872          92.815
            873          92.815
            874          92.815
            875          92.815
            876          92.815
            877          91.838
            878          91.838
            879          91.838
            880          92.815
            881          92.815
            882          92.815
            883          92.815
            884          92.815
            885          92.815
            886          92.815
            887          92.815
            888          92.815
            889          92.815
            890          92.815
            891          92.815
            892          92.815
            893          92.815
            894          92.815
            895          92.815
            896          92.815
            897          92.815
            898          92.815
            899          92.815
            900          92.815
            901          92.815
            902          92.815
            903          92.815
            904          92.815
            905          92.815
            906          92.815
            907          92.815
            908          92.815
            909          92.815
            910          92.815
            911          92.815
            912          92.815
            913          92.815
            914          92.815
            915          92.815
            916          92.815
            917          92.815
            918          92.815
            919          92.815
            920          92.815
            921          92.815
            922          92.815
            923          92.815
            924          92.815
            925          92.815
            926          92.815
            927          92.815
            928          92.815
            929          92.815
            930          92.815
            931          92.815
            932          92.815
            933          92.815
            934          92.815
            935          91.838
            936          91.838
            937          91.838
            938          91.838
            939          91.838
            940          91.838
            941          91.838
            942          91.838
            943          91.838
            944          90.861
            945          90.861
            946          90.861
            947          90.861
            948          90.861
            949          90.861
            950          90.861
            951          90.861
            952          91.838
            953          91.838
            954          91.838
            955          91.838
            956          91.838
            957          91.838
            958          91.838
            959          91.838
            960          91.838
            961          91.838
            962          91.838
            963          91.838
            964          91.838
            965          91.838
            966          91.838
            967          91.838
            968          91.838
            969          91.838
            970          91.838
            971          91.838
            972          91.838
            973          91.838
            974          91.838
            975          91.838
            976          91.838
            977          91.838
            978          91.838
            979          91.838
            980          91.838
            981          91.838
            982          91.838
            983          91.838
            984          91.838
            985          91.838
            986          91.838
            987          91.838
            988          91.838
            989          91.838
            990          91.838
            991          91.838
            992          91.838
            993          91.838
            994          92.815
            995          92.815
            996          92.815
            997          92.815
            998          92.815
            999          92.815
           1000          92.815
           1001          92.815
           1002          92.815
           1003          92.815
           1004          92.815
           1005          92.815
           1006          92.815
           1007          92.815
           1008          92.815
           1009          92.815
           1010          92.815
           1011          92.815
           1012          92.815
           1013          92.815
           1014          92.815
           1015          92.815
           1016          92.815
           1017          92.815
           1018          92.815
           1019          92.815
           1020          92.815
           1021          92.815
           1022          92.815
           1023          92.815
           1024          92.815
           1025          92.815
           1026          92.815
           1027          92.815
           1028          92.815
           1029          92.815
           1030          92.815
           1031          92.815
           1032          92.815
           1033          92.815
           1034          93.792
           1035          93.792
           1036          93.792
           1037          93.792
           1038          93.792
           1039          93.792
           1040          93.792
           1041          93.792
           1042          93.792
           1043          93.792
           1044          93.792
           1045          93.792
           1046          93.792
           1047          93.792
           1048          93.792
           1049          93.792
           1050          93.792
           1051          94.769
           1052          94.769
           1053          94.769
           1054          94.769
           1055          94.769
           1056          94.769
           1057          94.769
           1058          94.769
           1059          94.769
           1060          94.769
           1061          94.769
           1062          94.769
           1063          94.769
           1064          94.769
           1065          94.769
           1066          94.769
           1067          94.769
           1068          94.769
           1069          95.746
           1070          95.746
           1071          95.746
           1072          95.746
           1073          95.746
           1074          95.746
           1075          95.746
           1076          95.746
           1077          95.746
           1078          95.746
           1079          95.746
           1080          95.746
           1081          95.746
           1082          95.746
           1083          95.746
           1084          95.746
           1085          95.746
           1086          95.746
           1087          95.746
           1088          95.746
           1089          96.723
           1090          96.723
           1091          96.723
           1092          96.723
           1093          96.723
           1094          96.723
           1095          96.723
           1096          96.723
           1097          96.723
           1098          96.723
           1099          96.723
           1100          96.723
           1101          96.723
           1102          96.723
           1103          96.723
           1104          96.723
           1105          96.723
           1106          96.723
           1107          96.723
           1108          96.723
           1109          97.700
           1110          97.700
           1111          97.700
           1112          97.700
           1113          97.700
           1114          97.700
           1115          97.700
           1116          97.700
           1117          97.700
           1118          97.700
           1119          97.700
           1120          97.700
           1121          97.700
           1122          97.700
           1123          98.677
           1124          98.677
           1125          98.677
           1126          98.677
           1127          98.677
           1128          98.677
           1129          98.677
           1130          98.677
           1131          98.677
           1132          98.677
           1133          98.677
           1134          98.677
           1135          98.677
           1136          98.677
           1137          99.654
           1138          99.654
           1139          99.654
           1140          99.654
           1141          99.654
           1142          99.654
           1143          99.654
           1144          99.654
           1145          99.654
           1146          99.654
           1147          99.654
           1148          99.654
           1149          99.654
           1150          99.654
           1151          99.654
           1152         100.631
           1153         100.631
           1154         100.631
           1155         100.631
           1156         100.631
           1157         100.631
           1158         100.631
           1159         100.631
           1160         100.631
           1161         100.631
           1162         100.631
           1163         100.631
           1164         100.631
           1165         100.631
           1166         100.631
           1167         100.631
           1168         100.631
           1169         100.631
           1170         100.631
           1171         100.631
           1172         100.631
           1173         101.608
           1174         101.608
           1175         101.608
           1176         101.608
           1177         101.608
           1178         101.608
           1179         101.608
           1180         101.608
           1181         101.608
           1182         101.608
           1183         101.608
           1184         101.608
           1185         101.608
           1186         101.608
           1187         101.608
           1188         101.608
           1189         101.608
           1190         101.608
           1191         101.608
           1192         101.608
           1193         101.608
           1194         101.608
           1195         101.608
           1196         101.608
           1197         101.608
           1198         101.608
           1199         102.585
           1200         102.585
           1201         102.585
           1202         102.585
           1203         102.585
           1204         102.585
           1205         102.585
           1206         102.585
           1207         102.585
           1208         102.585
           1209         102.585
           1210         102.585
           1211         102.585
           1212         102.585
           1213         102.585
           1214         102.585
           1215         102.585
           1216         102.585
           1217         102.585
           1218         102.585
           1219         102.585
           1220         102.585
           1221         102.585
           1222         102.585
           1223         102.585
           1224         102.585
           1225         102.585
           1226         102.585
           1227         102.585
           1228         102.585
           1229         102.585
           1230         102.585
           1231         102.585
           1232         102.585
           1233         102.585
           1234         102.585
           1235         102.585
           1236         102.585
           1237         102.585
           1238         102.585
           1239         102.585
           1240         102.585
           1241         102.585
           1242         102.585
           1243         102.585
           1244         102.585
           1245         102.585
           1246         102.585
           1247         102.585
           1248         102.585
           1249         102.585
           1250         102.585
           1251         102.585
           1252         102.585
           1253         102.585
           1254         102.585
           1255         102.585
           1256         102.585
           1257         102.585
           1258         102.585
           1259         102.585
           1260         102.585
           1261         102.585
           1262         102.585
           1263         102.585
           1264         102.585
           1265         102.585
           1266         102.585
           1267         102.585
           1268         102.585
           1269         102.585
           1270         102.585
           1271         102.585
           1272         102.585
           1273         102.585
           1274         102.585
           1275         102.585
           1276         102.585
           1277         102.585
           1278         102.585
           1279         102.585
           1280         102.585
           1281         102.585
           1282         102.585
           1283         102.585
           1284         102.585
           1285         102.585
           1286         102.585
           1287         102.585
           1288         102.585
           1289         102.585
           1290         102.585
           1291         102.585
           1292         102.585
           1293         102.585
           1294         102.585
           1295         102.585
           1296         102.585
           1297         102.585
           1298         102.585
           1299         102.585
           1300         102.585
           1301         102.585
           1302         102.585
           1303         102.585
           1304         102.585
           1305         102.585
           1306         102.585
           1307         101.608
           1308         101.608
           1309         101.608
           1310         101.608
           1311         101.608
           1312         101.608
           1313         101.608
           1314         101.608
           1315         101.608
           1316         101.608
           1317         101.608
           1318         101.608
           1319         101.608
           1320         101.608
           1321         101.608
           1322         101.608
           1323         101.608
           1324         101.608
           1325         101.608
           1326         101.608
           1327         101.608
           1328         101.608
           1329         101.608
           1330         101.608
           1331         101.608
           1332         101.608
           1333         101.608
           1334         101.608
           1335         101.608
           1336         101.608
           1337         101.608
           1338         101.608
           1339         101.608
           1340         101.608
           1341         101.608
           1342         101.608
           1343         101.608
           1344         101.608
           1345         101.608
           1346         101.608
           1347         101.608
           1348         101.608
           1349         101.608
           1350         101.608
           1351         101.608
           1352         101.608
           1353         101.608
           1354         101.608
           1355         101.608
           1356         101.608
           1357         101.608
           1358         101.608
           1359         101.608
           1360         101.608
           1361         101.608
           1362         101.608
           1363         101.608
           1364         100.631
           1365         100.631
           1366         100.631
           1367         100.631
           1368         100.631
           1369         100.631
           1370         100.631
           1371         100.631
           1372         100.631
           1373         100.631
           1374         100.631
           1375         100.631
           1376         100.631
           1377         100.631
           1378         100.631
           1379         100.631
           1380         100.631
           1381         100.631
           1382         100.631
           1383         100.631
           1384         100.631
           1385          99.654
           1386          99.654
           1387          99.654
           1388          99.654
           1389          99.654
           1390          99.654
           1391          99.654
           1392          99.654
           1393          99.654
           1394          99.654
           1395          99.654
           1396          99.654
           1397          99.654
           1398          99.654
           1399          99.654
           1400          99.654
           1401          99.654
           1402          99.654
           1403          99.654
           1404          99.654
           1405          98.677
           1406          98.677
           1407          98.677
           1408          98.677
           1409          98.677
           1410          98.677
           1411          98.677
           1412          98.677
           1413          98.677
           1414          98.677
           1415          98.677
           1416          98.677
           1417          98.677
           1418          98.677
           1419          98.677
           1420          98.677
           1421          98.677
           1422          98.677
           1423          98.677
           1424          98.677
           1425          97.700
           1426          97.700
           1427          97.700
           1428          97.700
           1429          97.700
           1430          97.700
           1431          97.700
           1432          97.700
           1433          97.700
           1434          97.700
           1435          97.700
           1436          97.700
           1437          97.700
           1438          97.700
           1439          97.700
           1440          97.700
           1441          97.700
           1442          97.700
           1443          97.700
           1444          97.700
           1445          97.700
           1446          97.700
           1447          97.700
           1448          97.700
           1449          97.700
           1450          97.700
           1451          97.700
           1452          96.723
           1453          96.723
           1454          96.723
           1455          96.723
           1456          96.723
           1457          96.723
           1458          96.723
           1459          96.723
           1460          96.723
           1461          96.723
           1462          96.723
           1463          96.723
           1464          96.723
           1465          96.723
           1466          96.723
           1467          96.723
           1468          96.723
           1469          96.723
           1470          96.723
           1471          96.723
           1472          95.746
           1473          95.746
           1474          95.746
           1475          95.746
           1476          95.746
           1477          95.746
           1478          95.746
           1479          95.746
           1480          95.746
           1481          95.746
           1482          95.746
           1483          95.746
           1484          94.769
           1485          94.769
           1486          94.769
           1487          94.769
           1488          94.769
           1489          94.769
           1490          94.769
           1491          94.769
           1492          94.769
           1493          94.769
           1494          94.769
           1495          94.769
           1496          94.769
           1497          94.769
           1498          94.769
           1499          94.769
           1500          94.769
           1501          94.769
           1502          94.769
           1503          94.769
           1504          94.769
           1505          94.769
           1506          94.769
           1507          94.769
           1508          93.792
           1509          93.792
           1510          93.792
           1511          93.792
           1512          93.792
           1513          93.792
           1514          93.792
           1515          93.792
           1516          93.792
           1517          93.792
           1518          93.792
           1519          93.792
           1520          93.792
           1521          93.792
           1522          93.792
           1523          93.792
           1524          93.792
