TRACENO
            101          70.344
            102          70.344
            103          70.344
            104          70.344
            105          70.344
            106          70.344
            107          70.344
            108          70.344
            109          70.344
            110          70.344
            111          70.344
            112          70.344
            113          70.344
            114          70.344
            115          70.344
            116          70.344
            117          70.344
            118          70.344
            119          70.344
            120          70.344
            121          71.321
            122          71.321
            123          71.321
            124          71.321
            125          71.321
            126          71.321
            127          71.321
            128          71.321
            129          71.321
            130          71.321
            131          71.321
            132          71.321
            133          71.321
            134          71.321
            135          71.321
            136          71.321
            137          71.321
            138          71.321
            139          71.321
            140          71.321
            141          71.321
            142          71.321
            143          71.321
            144          71.321
            145          71.321
            146          71.321
            147          71.321
            148          71.321
            149          71.321
            150          71.321
            151          71.321
            152          71.321
            153          71.321
            154          71.321
            155          71.321
            156          71.321
            157          72.298
            158          72.298
            159          72.298
            160          72.298
            161          72.298
            162          72.298
            163          72.298
            164          72.298
            165          72.298
            166          72.298
            167          72.298
            168          72.298
            169          72.298
            170          72.298
            171          72.298
            172          72.298
            173          72.298
            174          72.298
            175          72.298
            176          73.275
            177          73.275
            178          73.275
            179          73.275
            180          73.275
            181          73.275
            182          73.275
            183          73.275
            184          73.275
            185          73.275
            186          73.275
            187          73.275
            188          73.275
            189          73.275
            190          73.275
            191          73.275
            192          73.275
            193          73.275
            194          73.275
            195          73.275
            196          73.275
            197          73.275
            198          73.275
            199          73.275
            200          73.275
            201          73.275
            202          73.275
            203          73.275
            204          73.275
            205          73.275
            206          73.275
            207          73.275
            208          73.275
            209          73.275
            210          73.275
            211          73.275
            212          73.275
            213          73.275
            214          73.275
            215          73.275
            216          73.275
            217          73.275
            218          73.275
            219          73.275
            220          73.275
            221          73.275
            222          73.275
            223          73.275
            224          73.275
            225          73.275
            226          73.275
            227          73.275
            228          73.275
            229          73.275
            230          73.275
            231          73.275
            232          73.275
            233          73.275
            234          73.275
            235          73.275
            236          73.275
            237          73.275
            238          73.275
            239          73.275
            240          73.275
            241          73.275
            242          73.275
            243          73.275
            244          73.275
            245          73.275
            246          73.275
            247          73.275
            248          73.275
            249          73.275
            250          73.275
            251          73.275
            252          73.275
            253          73.275
            254          73.275
            255          73.275
            256          73.275
            257          73.275
            258          73.275
            259          73.275
            260          73.275
            261          73.275
            262          73.275
            263          73.275
            264          73.275
            265          73.275
            266          73.275
            267          73.275
            268          73.275
            269          73.275
            270          73.275
            271          73.275
            272          73.275
            273          73.275
            274          73.275
            275          73.275
            276          73.275
            277          73.275
            278          73.275
            279          73.275
            280          73.275
            281          73.275
            282          73.275
            283          73.275
            284          73.275
            285          73.275
            286          73.275
            287          73.275
            288          73.275
            289          73.275
            290          73.275
            291          73.275
