TRACENO
              1         159.251
              2         160.228
              3         160.228
              4         160.228
              5         160.228
              6         160.228
              7         160.228
              8         160.228
              9         160.228
             10         160.228
             11         160.228
             12         160.228
             13         160.228
             14         161.205
             15         161.205
             16         161.205
             17         161.205
             18         161.205
             19         161.205
             20         161.205
             21         161.205
             22         161.205
             23         161.205
             24         161.205
             25         161.205
             26         161.205
             27         161.205
             28         161.205
             29         161.205
             30         161.205
             31         161.205
             32         161.205
             33         161.205
             34         162.182
             35         162.182
             36         162.182
             37         162.182
             38         162.182
             39         162.182
             40         162.182
             41         162.182
             42         162.182
             43         162.182
             44         162.182
             45         162.182
             46         162.182
             47         162.182
             48         162.182
             49         162.182
             50         162.182
             51         162.182
             52         162.182
             53         162.182
             54         162.182
             55         162.182
             56         162.182
             57         162.182
             58         162.182
             59         162.182
             60         162.182
             61         162.182
             62         162.182
             63         162.182
             64         162.182
             65         162.182
             66         162.182
             67         162.182
             68         162.182
             69         163.159
             70         163.159
             71         163.159
             72         163.159
             73         163.159
             74         163.159
             75         163.159
             76         163.159
             77         163.159
             78         163.159
             79         163.159
             80         163.159
             81         163.159
             82         163.159
             83         163.159
             84         163.159
             85         163.159
             86         163.159
             87         164.136
             88         164.136
             89         164.136
             90         164.136
             91         164.136
             92         164.136
             93         164.136
             94         164.136
             95         164.136
             96         164.136
             97         164.136
             98         164.136
             99         164.136
            100         164.136
            101         164.136
            102         164.136
            103         164.136
            104         164.136
            105         165.113
            106         165.113
            107         165.113
            108         165.113
            109         165.113
            110         165.113
            111         165.113
            112         165.113
            113         165.113
            114         165.113
            115         165.113
            116         165.113
            117         165.113
            118         165.113
            119         165.113
            120         165.113
            121         165.113
            122         165.113
            123         166.090
            124         166.090
            125         166.090
            126         166.090
            127         166.090
            128         166.090
            129         166.090
            130         166.090
            131         166.090
            132         166.090
            133         166.090
            134         166.090
            135         166.090
            136         166.090
            137         166.090
            138         166.090
            139         166.090
            140         166.090
            141         166.090
            142         166.090
            143         166.090
            144         166.090
            145         166.090
            146         166.090
            147         166.090
            148         166.090
            149         166.090
            150         166.090
            151         166.090
            152         166.090
            153         166.090
            154         166.090
            155         166.090
            156         166.090
            157         166.090
            158         166.090
            159         166.090
            160         166.090
            161         166.090
            162         166.090
            163         166.090
            164         166.090
            165         166.090
            166         166.090
            167         166.090
            168         166.090
            169         166.090
            170         166.090
            171         166.090
            172         166.090
            173         166.090
            174         166.090
            175         167.067
            176         167.067
            177         167.067
            178         167.067
            179         167.067
            180         167.067
            181         167.067
            182         167.067
            183         167.067
            184         167.067
            185         167.067
            186         167.067
            187         167.067
            188         167.067
            189         167.067
            190         167.067
            191         167.067
            192         167.067
            193         167.067
            194         167.067
            195         167.067
            196         167.067
            197         167.067
            198         167.067
            199         167.067
            200         167.067
            201         167.067
            202         167.067
            203         167.067
            204         167.067
            205         167.067
            206         167.067
            207         167.067
            208         167.067
            209         167.067
            210         167.067
            211         167.067
            212         167.067
            213         167.067
            214         167.067
            215         167.067
            216         167.067
            217         167.067
            218         167.067
            219         167.067
            220         167.067
            221         167.067
            222         167.067
            223         167.067
            224         167.067
            225         167.067
            226         167.067
            227         167.067
            228         167.067
            229         167.067
            230         167.067
            231         167.067
            232         167.067
            233         167.067
            234         167.067
            235         167.067
            236         167.067
            237         167.067
            238         167.067
            239         167.067
            240         167.067
            241         167.067
            242         167.067
            243         167.067
            244         167.067
            245         167.067
            246         167.067
            247         167.067
            248         167.067
            249         167.067
            250         167.067
            251         167.067
            252         167.067
            253         167.067
            254         167.067
            255         167.067
            256         167.067
            257         167.067
            258         167.067
            259         167.067
            260         167.067
            261         167.067
            262         167.067
            263         167.067
            264         167.067
            265         167.067
            266         167.067
            267         167.067
            268         167.067
            269         167.067
            270         167.067
            271         167.067
            272         167.067
            273         167.067
            274         167.067
            275         167.067
            276         167.067
            277         167.067
            278         167.067
            279         167.067
            280         167.067
            281         167.067
            282         167.067
            283         167.067
            284         167.067
            285         167.067
            286         167.067
            287         167.067
            288         167.067
            289         167.067
            290         167.067
            291         167.067
            292         167.067
            293         167.067
            294         167.067
            295         167.067
            296         167.067
            297         167.067
            298         167.067
            299         167.067
            300         167.067
            301         167.067
            302         167.067
            303         167.067
            304         167.067
            305         167.067
            306         167.067
            307         167.067
            308         167.067
            309         167.067
            310         167.067
            311         167.067
            312         167.067
            313         166.090
            314         166.090
            315         166.090
            316         166.090
            317         166.090
            318         166.090
            319         166.090
            320         166.090
            321         166.090
            322         166.090
            323         166.090
            324         166.090
            325         166.090
            326         166.090
            327         166.090
            328         166.090
            329         166.090
            330         166.090
            331         166.090
            332         166.090
            333         166.090
            334         166.090
            335         166.090
            336         166.090
            337         166.090
            338         166.090
            339         166.090
            340         166.090
            341         166.090
            342         166.090
            343         166.090
            344         166.090
            345         166.090
            346         166.090
            347         166.090
            348         166.090
            349         166.090
            350         166.090
            351         166.090
            352         166.090
            353         166.090
            354         165.113
            355         165.113
            356         165.113
            357         165.113
            358         165.113
            359         165.113
            360         165.113
            361         165.113
            362         165.113
            363         165.113
            364         164.136
            365         164.136
            366         164.136
            367         164.136
            368         164.136
            369         164.136
            370         164.136
            371         164.136
            372         163.159
            373         163.159
            374         163.159
            375         163.159
            376         163.159
            377         163.159
            378         163.159
            379         163.159
            380         163.159
            381         163.159
            382         163.159
            383         163.159
            384         163.159
            385         163.159
            386         163.159
            387         163.159
            388         163.159
            389         163.159
            390         163.159
            391         163.159
            392         163.159
            393         163.159
            394         163.159
            395         163.159
            396         163.159
            397         163.159
            398         163.159
            399         163.159
            400         163.159
            401         163.159
            402         163.159
            403         163.159
            404         163.159
            405         163.159
            406         163.159
            407         163.159
            408         163.159
            409         163.159
            410         163.159
            411         163.159
            412         163.159
            413         163.159
            414         163.159
            415         163.159
            416         163.159
            417         163.159
            418         163.159
            419         163.159
            420         163.159
            421         163.159
            422         163.159
            423         163.159
            424         163.159
            425         163.159
            426         162.182
            427         162.182
            428         162.182
            429         162.182
            430         162.182
            431         162.182
            432         162.182
            433         162.182
            434         162.182
            435         162.182
            436         162.182
            437         162.182
            438         162.182
            439         162.182
            440         162.182
            441         162.182
            442         162.182
            443         162.182
            444         162.182
            445         162.182
            446         162.182
            447         162.182
            448         162.182
            449         162.182
            450         162.182
            451         162.182
            452         162.182
            453         162.182
            454         162.182
            455         162.182
            456         162.182
            457         162.182
            458         162.182
            459         162.182
            460         162.182
            461         162.182
            462         162.182
            463         162.182
            464         162.182
            465         162.182
            466         162.182
            467         162.182
            468         162.182
            469         162.182
            470         162.182
            471         162.182
            472         162.182
            473         162.182
            474         162.182
            475         162.182
            476         162.182
            477         162.182
            478         162.182
            479         161.205
            480         161.205
            481         161.205
            482         161.205
            483         161.205
            484         161.205
            485         161.205
            486         161.205
            487         161.205
            488         161.205
            489         161.205
            490         161.205
            491         161.205
            492         161.205
            493         161.205
            494         161.205
            495         161.205
            496         161.205
            497         161.205
            498         161.205
            499         161.205
            500         161.205
            501         161.205
            502         161.205
            503         161.205
            504         161.205
            505         161.205
            506         161.205
            507         161.205
            508         161.205
            509         161.205
            510         161.205
            511         161.205
            512         161.205
            513         161.205
            514         161.205
            515         161.205
            516         161.205
            517         161.205
            518         161.205
            557         160.228
            558         160.228
            559         160.228
            560         160.228
            561         160.228
            562         160.228
            563         160.228
            564         160.228
            565         160.228
            566         160.228
            567         160.228
            568         160.228
            569         160.228
            570         160.228
            571         159.251
            572         159.251
            573         159.251
            574         159.251
            575         159.251
            576         159.251
            577         159.251
            578         159.251
            579         159.251
            580         159.251
            581         159.251
            582         159.251
            583         159.251
            584         159.251
            585         159.251
            586         159.251
            587         159.251
            588         159.251
            589         159.251
            590         159.251
            591         159.251
            592         159.251
            593         160.228
            594         160.228
            595         160.228
            596         160.228
            597         160.228
            598         160.228
            599         160.228
            600         160.228
            601         160.228
            602         160.228
            603         160.228
            604         160.228
            605         160.228
            606         160.228
            607         160.228
            608         160.228
            609         160.228
            610         160.228
            611         160.228
            612         160.228
            613         160.228
            614         160.228
            615         160.228
            616         159.251
            617         159.251
            618         159.251
            619         159.251
            620         159.251
            621         159.251
            622         159.251
            623         159.251
            624         159.251
            625         159.251
            626         159.251
            627         159.251
            628         159.251
            629         159.251
            630         159.251
            631         159.251
            632         159.251
            633         159.251
            634         159.251
            635         159.251
            636         159.251
            637         159.251
            638         159.251
            639         159.251
            640         159.251
            641         159.251
            642         159.251
            643         159.251
            644         159.251
            645         159.251
            646         159.251
            647         159.251
            648         159.251
            649         159.251
            650         159.251
            651         159.251
            652         159.251
            653         159.251
            654         159.251
            655         159.251
            656         159.251
            657         159.251
            658         158.274
            659         158.274
            660         158.274
            661         158.274
            662         158.274
            663         158.274
            664         158.274
            665         158.274
            666         158.274
            667         158.274
            668         158.274
            669         158.274
            670         158.274
            671         158.274
            672         158.274
            673         158.274
            674         158.274
            675         158.274
            676         158.274
            677         158.274
            678         158.274
            679         158.274
            680         158.274
            681         158.274
            682         158.274
            683         158.274
            684         158.274
            685         158.274
            686         158.274
            687         158.274
            688         158.274
            689         158.274
            690         158.274
            691         158.274
            692         158.274
            693         158.274
            694         158.274
            695         158.274
            696         158.274
            697         157.297
            698         157.297
            699         157.297
            700         157.297
            701         157.297
            702         157.297
            703         157.297
            704         157.297
            705         157.297
            706         157.297
            707         157.297
            708         157.297
            709         157.297
            710         157.297
            711         157.297
            712         157.297
            713         157.297
            714         157.297
            715         157.297
            716         157.297
            717         157.297
            718         157.297
            719         157.297
            720         157.297
            721         157.297
            722         157.297
            723         157.297
            724         157.297
            725         157.297
            726         157.297
            727         157.297
            728         157.297
            729         157.297
            730         157.297
            731         156.320
            732         156.320
            733         156.320
            734         156.320
            735         156.320
            736         156.320
            737         156.320
            738         156.320
            739         156.320
            740         156.320
            741         156.320
            742         156.320
            743         156.320
            744         156.320
            745         156.320
            746         156.320
            747         156.320
            748         156.320
            749         156.320
            750         156.320
            751         156.320
            752         156.320
            753         156.320
            754         156.320
            755         156.320
            756         156.320
            757         156.320
            758         156.320
            759         156.320
            760         156.320
            761         156.320
            762         156.320
            763         156.320
            764         156.320
            765         156.320
            766         155.343
            767         155.343
            768         155.343
            769         155.343
            770         155.343
            771         155.343
            772         155.343
            773         155.343
            774         155.343
            775         155.343
            776         155.343
            777         155.343
            778         155.343
            779         155.343
            780         155.343
            781         155.343
            782         155.343
            783         155.343
            784         155.343
            785         155.343
            786         155.343
            787         155.343
            788         155.343
            789         155.343
            790         155.343
            791         155.343
            792         155.343
            793         155.343
            794         155.343
            795         155.343
            796         155.343
            797         155.343
            798         155.343
            799         155.343
            800         155.343
            801         155.343
            802         155.343
            803         155.343
            804         155.343
            805         155.343
            806         155.343
            807         155.343
            808         155.343
            809         155.343
            810         155.343
            811         155.343
            812         155.343
            813         154.366
            814         154.366
            815         154.366
            816         154.366
            817         154.366
            818         154.366
            819         154.366
            820         154.366
            821         154.366
            822         154.366
            823         154.366
            824         154.366
            825         154.366
            826         154.366
            827         154.366
            828         154.366
            829         154.366
            830         154.366
            831         154.366
            832         154.366
            833         154.366
            834         153.389
            835         153.389
            836         153.389
            837         153.389
            838         153.389
            839         153.389
            840         153.389
            841         153.389
            842         153.389
            843         153.389
            844         153.389
            845         153.389
            846         153.389
            847         153.389
            848         153.389
            849         153.389
            850         153.389
            851         153.389
            852         153.389
            853         153.389
            854         153.389
            855         153.389
            856         153.389
            857         153.389
            858         153.389
            859         153.389
            860         153.389
            861         153.389
            862         153.389
            863         153.389
            864         153.389
            865         153.389
            866         153.389
            867         153.389
            868         153.389
            869         153.389
            870         153.389
            871         153.389
            872         153.389
            873         153.389
            874         153.389
            875         153.389
            876         153.389
            877         153.389
            878         153.389
            879         153.389
            880         153.389
            881         153.389
            882         153.389
            883         153.389
            884         153.389
            885         153.389
            886         153.389
            887         153.389
            888         153.389
            889         153.389
            890         153.389
            891         153.389
            892         153.389
            893         153.389
            894         153.389
            895         153.389
            896         153.389
            897         153.389
            898         153.389
            899         153.389
            900         153.389
            901         153.389
            902         153.389
            903         153.389
            904         153.389
            905         153.389
            906         153.389
            907         153.389
            908         153.389
            909         153.389
            910         153.389
            911         153.389
            912         153.389
            913         153.389
            914         153.389
            915         153.389
            916         153.389
            917         153.389
            918         153.389
            919         153.389
            920         153.389
            921         153.389
            922         153.389
            923         153.389
            924         153.389
            925         153.389
            926         153.389
            927         153.389
            928         153.389
            929         153.389
            930         153.389
            931         153.389
            932         153.389
            933         153.389
            934         153.389
            935         153.389
            936         153.389
            937         153.389
            938         153.389
            939         153.389
            940         153.389
            941         153.389
            942         153.389
            943         153.389
            944         153.389
            945         153.389
            946         153.389
            947         153.389
            948         153.389
            949         153.389
            950         153.389
            951         153.389
            952         153.389
            953         153.389
            954         153.389
            955         153.389
            956         153.389
            957         153.389
            958         153.389
            959         153.389
            960         153.389
            961         153.389
            962         153.389
            963         153.389
            964         153.389
            965         153.389
            966         153.389
            967         153.389
            968         153.389
            969         153.389
            970         153.389
            971         153.389
            972         153.389
            973         152.412
            974         152.412
            975         152.412
            976         152.412
            977         152.412
            978         152.412
            979         152.412
            980         152.412
            981         152.412
            982         152.412
            983         152.412
            984         152.412
            985         152.412
            986         152.412
            987         152.412
            988         152.412
            989         152.412
            990         152.412
            991         152.412
            992         152.412
            993         152.412
            994         152.412
            995         152.412
            996         152.412
            997         152.412
            998         152.412
            999         152.412
           1000         152.412
           1001         152.412
           1002         152.412
           1003         152.412
           1004         152.412
           1005         152.412
           1006         152.412
           1007         152.412
           1008         152.412
           1009         152.412
           1010         152.412
           1011         152.412
           1012         152.412
           1013         152.412
           1014         152.412
           1015         152.412
           1016         152.412
           1017         152.412
           1018         152.412
           1019         152.412
           1020         152.412
           1021         152.412
           1022         152.412
           1023         152.412
           1024         152.412
           1025         152.412
           1026         152.412
           1027         152.412
           1028         152.412
           1029         152.412
           1030         152.412
           1031         152.412
           1032         152.412
           1033         152.412
           1034         152.412
           1035         152.412
           1036         152.412
           1037         152.412
           1038         152.412
           1039         152.412
           1040         152.412
           1041         152.412
           1042         152.412
           1043         152.412
           1044         152.412
           1045         152.412
           1046         152.412
           1047         152.412
           1048         152.412
           1049         152.412
           1050         152.412
           1051         152.412
           1052         152.412
           1053         152.412
           1054         152.412
           1055         152.412
           1056         152.412
           1057         152.412
           1058         152.412
           1059         152.412
           1060         152.412
           1061         152.412
           1062         152.412
           1063         152.412
           1064         152.412
           1065         152.412
           1066         152.412
           1067         153.389
           1068         153.389
           1069         153.389
           1070         153.389
           1071         153.389
           1072         153.389
           1073         153.389
           1074         153.389
           1075         153.389
           1076         153.389
           1077         153.389
           1078         153.389
           1079         153.389
           1080         153.389
           1081         153.389
           1082         153.389
           1083         153.389
           1084         153.389
           1085         153.389
           1086         153.389
           1087         153.389
           1088         153.389
           1089         153.389
           1090         153.389
           1091         153.389
           1092         153.389
           1093         153.389
           1094         153.389
           1095         153.389
           1096         153.389
           1097         153.389
           1098         153.389
           1099         153.389
           1100         153.389
           1101         153.389
           1102         153.389
           1103         153.389
           1104         153.389
           1105         153.389
           1106         153.389
           1107         153.389
           1108         153.389
           1109         153.389
           1110         153.389
           1111         153.389
           1112         153.389
           1113         153.389
           1114         153.389
           1115         153.389
           1116         153.389
           1117         153.389
           1118         153.389
           1119         153.389
           1120         153.389
           1121         153.389
           1122         154.366
           1123         154.366
           1124         154.366
           1125         154.366
           1126         154.366
           1127         154.366
           1128         154.366
           1129         154.366
           1130         154.366
           1131         154.366
           1132         154.366
           1133         154.366
           1134         154.366
           1135         154.366
           1136         154.366
           1137         154.366
           1138         154.366
           1139         154.366
           1140         154.366
           1141         154.366
           1142         154.366
           1143         154.366
           1144         154.366
           1145         154.366
           1146         154.366
           1147         154.366
           1148         154.366
           1149         154.366
           1150         154.366
           1151         154.366
           1152         154.366
           1153         154.366
           1154         154.366
           1155         154.366
           1156         154.366
           1157         154.366
           1158         154.366
           1159         154.366
           1160         154.366
           1161         154.366
           1162         154.366
           1163         154.366
           1164         154.366
           1165         154.366
           1166         154.366
           1167         154.366
           1168         154.366
           1169         154.366
           1170         154.366
           1171         154.366
           1172         154.366
           1173         154.366
           1174         154.366
           1175         154.366
           1176         154.366
           1177         154.366
           1178         154.366
           1179         154.366
           1180         154.366
           1181         154.366
           1182         154.366
           1183         154.366
           1184         154.366
           1185         154.366
           1186         154.366
           1187         154.366
           1188         154.366
           1189         154.366
           1190         155.343
           1191         155.343
           1192         155.343
           1193         155.343
           1194         155.343
           1195         155.343
           1196         155.343
           1197         155.343
           1198         155.343
           1199         155.343
           1200         155.343
           1201         155.343
           1202         155.343
           1203         155.343
           1204         155.343
           1205         155.343
           1206         155.343
           1207         155.343
           1208         155.343
           1209         155.343
           1210         155.343
           1211         156.320
           1212         156.320
           1213         156.320
           1214         156.320
           1215         156.320
           1216         156.320
           1217         156.320
           1218         156.320
           1219         156.320
           1220         156.320
           1221         156.320
           1222         156.320
           1223         156.320
           1224         156.320
           1225         156.320
           1226         156.320
           1227         156.320
           1228         156.320
           1229         156.320
           1230         156.320
           1231         156.320
           1232         156.320
           1233         156.320
           1234         156.320
           1235         156.320
           1236         156.320
           1237         156.320
           1238         156.320
           1239         156.320
           1240         156.320
           1241         156.320
           1242         156.320
           1243         156.320
           1244         156.320
           1245         156.320
           1246         157.297
           1247         157.297
           1248         157.297
           1249         157.297
           1250         157.297
           1251         157.297
           1252         157.297
           1253         157.297
           1254         157.297
           1255         157.297
           1256         157.297
           1257         157.297
           1258         157.297
           1259         157.297
           1260         157.297
           1261         157.297
           1262         157.297
           1263         157.297
           1264         157.297
           1265         157.297
           1266         157.297
           1267         157.297
           1268         157.297
           1269         157.297
           1270         157.297
           1271         157.297
           1272         157.297
           1273         157.297
           1274         157.297
           1275         157.297
           1276         157.297
           1277         157.297
           1278         157.297
           1279         157.297
           1280         157.297
           1281         158.274
           1282         158.274
           1283         158.274
           1284         158.274
           1285         158.274
           1286         158.274
           1287         158.274
           1288         158.274
           1289         158.274
           1290         158.274
           1291         158.274
           1292         158.274
           1293         158.274
           1294         158.274
           1295         158.274
           1296         158.274
           1297         158.274
           1298         158.274
           1299         158.274
           1300         158.274
           1301         158.274
           1302         159.251
           1303         159.251
           1304         159.251
           1305         159.251
           1306         159.251
           1307         159.251
           1308         159.251
           1309         159.251
           1310         159.251
           1311         159.251
           1312         159.251
           1313         159.251
           1314         159.251
           1315         159.251
           1316         159.251
           1317         159.251
           1318         159.251
           1319         160.228
           1320         160.228
           1321         160.228
           1322         160.228
           1323         160.228
           1324         160.228
           1325         160.228
           1326         160.228
           1327         160.228
           1328         160.228
           1329         160.228
           1330         160.228
           1331         160.228
           1332         160.228
           1333         160.228
           1334         160.228
           1335         160.228
           1336         160.228
           1337         160.228
           1338         161.205
           1339         161.205
           1340         161.205
           1341         161.205
           1342         161.205
           1343         161.205
           1344         161.205
           1345         161.205
           1346         161.205
           1347         161.205
           1348         161.205
           1349         161.205
           1350         161.205
           1351         161.205
           1352         161.205
           1353         161.205
           1354         161.205
           1355         161.205
           1356         161.205
           1357         161.205
           1358         162.182
           1359         162.182
           1360         162.182
           1361         162.182
           1362         162.182
           1363         162.182
           1364         162.182
           1365         162.182
           1366         162.182
           1367         162.182
           1368         162.182
           1369         162.182
           1370         162.182
           1371         162.182
           1372         162.182
           1373         162.182
           1374         162.182
           1375         162.182
           1376         163.159
           1377         163.159
           1378         163.159
           1379         163.159
           1380         163.159
           1381         163.159
           1382         163.159
           1383         163.159
           1384         163.159
           1385         163.159
           1386         163.159
           1387         164.136
           1388         164.136
           1389         164.136
           1390         164.136
           1391         164.136
           1392         164.136
           1393         164.136
           1394         164.136
           1395         164.136
           1396         164.136
           1397         164.136
           1398         165.113
           1399         165.113
           1400         165.113
           1401         165.113
           1402         165.113
           1403         165.113
           1404         165.113
           1405         165.113
           1406         165.113
           1407         165.113
           1408         165.113
           1409         165.113
           1410         165.113
           1411         166.090
           1412         166.090
           1413         166.090
           1414         166.090
           1415         166.090
           1416         166.090
           1417         166.090
           1418         166.090
           1419         166.090
           1420         166.090
           1421         166.090
           1422         166.090
           1423         166.090
           1424         167.067
           1425         167.067
           1426         167.067
           1427         167.067
           1428         167.067
           1429         167.067
           1430         167.067
           1431         167.067
           1432         167.067
           1433         167.067
           1434         167.067
           1435         167.067
           1436         167.067
           1437         167.067
           1438         168.044
           1439         168.044
           1440         168.044
           1441         168.044
           1442         168.044
           1443         168.044
           1444         168.044
           1445         168.044
           1446         168.044
           1447         168.044
           1448         168.044
           1449         168.044
           1450         168.044
           1451         168.044
           1452         169.021
           1453         169.021
           1454         169.021
           1455         169.021
           1456         169.021
           1457         169.021
           1458         169.021
           1459         169.021
           1460         169.021
           1461         169.021
           1462         169.021
           1463         169.021
           1464         169.021
           1465         169.021
           1466         169.998
           1467         169.998
           1468         169.998
           1469         169.998
           1470         169.998
           1471         169.998
           1472         169.998
           1473         169.998
           1474         169.998
           1475         169.998
           1476         169.998
           1477         169.998
           1478         169.998
           1479         170.975
           1480         170.975
           1481         170.975
           1482         170.975
           1483         170.975
           1484         170.975
           1485         170.975
           1486         170.975
           1487         170.975
           1488         170.975
           1489         170.975
           1490         170.975
           1491         170.975
           1492         170.975
           1493         170.975
           1494         170.975
           1495         170.975
           1496         170.975
           1497         170.975
           1498         170.975
           1499         170.975
           1500         170.975
           1501         171.952
           1502         171.952
           1503         171.952
           1504         171.952
           1505         171.952
           1506         171.952
           1507         171.952
           1508         171.952
           1509         171.952
           1510         171.952
           1511         171.952
           1512         171.952
           1513         171.952
           1514         171.952
           1515         171.952
           1516         171.952
           1517         171.952
           1518         171.952
           1519         171.952
           1520         171.952
           1521         171.952
           1522         171.952
           1523         172.929
           1524         172.929
           1525         172.929
           1526         172.929
           1527         172.929
           1528         172.929
           1529         172.929
           1530         172.929
           1531         172.929
           1532         172.929
           1533         172.929
           1534         172.929
           1535         172.929
           1536         172.929
           1537         172.929
           1538         172.929
           1539         172.929
           1540         172.929
           1541         172.929
           1542         172.929
           1543         172.929
           1544         172.929
           1545         173.906
           1546         173.906
           1547         173.906
           1548         173.906
           1549         173.906
           1550         173.906
           1551         173.906
           1552         173.906
           1553         173.906
           1554         173.906
           1555         173.906
           1556         173.906
           1557         173.906
           1558         173.906
           1559         173.906
           1560         173.906
           1561         173.906
           1562         173.906
           1563         173.906
           1564         173.906
           1565         173.906
           1566         173.906
           1567         173.906
           1568         173.906
           1569         173.906
           1570         173.906
           1571         173.906
           1572         174.883
           1573         174.883
           1574         174.883
           1575         174.883
           1576         174.883
           1577         174.883
           1578         174.883
           1579         174.883
           1580         174.883
           1581         174.883
           1582         174.883
           1583         174.883
           1584         174.883
           1585         174.883
           1586         174.883
           1587         174.883
           1588         174.883
           1589         174.883
           1590         174.883
           1591         174.883
           1592         174.883
           1593         174.883
           1594         174.883
           1595         174.883
           1596         174.883
           1597         174.883
           1598         175.860
           1599         175.860
           1600         175.860
           1601         175.860
           1602         175.860
           1603         175.860
           1604         175.860
           1605         175.860
           1606         175.860
           1607         175.860
           1608         175.860
           1609         175.860
           1610         175.860
           1611         175.860
           1612         175.860
           1613         175.860
           1614         175.860
           1615         176.837
           1616         176.837
           1617         176.837
           1618         176.837
           1619         176.837
           1620         176.837
           1621         176.837
           1622         176.837
           1623         176.837
           1624         176.837
           1625         176.837
           1626         176.837
           1627         176.837
           1628         176.837
           1629         176.837
           1630         176.837
           1631         177.814
           1632         177.814
           1633         177.814
           1634         177.814
           1635         177.814
           1636         177.814
           1637         177.814
           1638         177.814
           1639         177.814
           1640         177.814
           1641         177.814
           1642         177.814
           1643         177.814
           1644         177.814
           1645         177.814
           1646         177.814
           1647         177.814
           1648         178.791
           1649         178.791
           1650         178.791
           1651         178.791
           1652         178.791
           1653         178.791
           1654         178.791
           1655         178.791
           1656         178.791
           1657         178.791
           1658         178.791
           1659         178.791
           1660         178.791
           1661         178.791
           1662         178.791
           1663         178.791
           1664         179.768
           1665         179.768
           1666         179.768
           1667         179.768
           1668         179.768
           1669         179.768
           1670         179.768
           1671         179.768
           1672         179.768
           1673         179.768
           1674         179.768
           1675         179.768
           1676         179.768
           1677         179.768
           1678         179.768
           1679         179.768
           1680         179.768
           1681         179.768
           1682         179.768
           1683         179.768
           1684         179.768
           1685         180.745
           1686         180.745
           1687         180.745
           1688         180.745
           1689         180.745
           1690         180.745
           1691         180.745
           1692         180.745
           1693         180.745
           1694         180.745
           1695         180.745
           1696         180.745
           1697         180.745
           1698         180.745
           1699         180.745
           1700         180.745
           1701         180.745
           1702         180.745
           1703         180.745
           1704         180.745
           1705         180.745
           1706         180.745
           1707         180.745
           1708         180.745
           1709         180.745
           1710         180.745
           1711         180.745
           1712         180.745
           1713         181.722
           1714         181.722
           1715         181.722
           1716         181.722
           1717         181.722
           1718         181.722
           1719         181.722
           1720         181.722
           1721         181.722
           1722         181.722
           1723         181.722
           1724         181.722
           1725         181.722
           1726         181.722
           1727         181.722
           1728         181.722
           1729         181.722
           1730         181.722
           1731         181.722
           1732         181.722
           1733         181.722
           1734         182.699
           1735         182.699
           1736         182.699
           1737         182.699
           1738         182.699
           1739         182.699
           1740         182.699
           1741         182.699
           1742         182.699
           1743         182.699
           1744         182.699
           1745         182.699
           1746         182.699
           1747         183.676
           1748         183.676
           1749         183.676
           1750         183.676
           1751         183.676
           1752         183.676
           1753         183.676
           1754         183.676
           1755         183.676
           1756         183.676
           1757         183.676
           1758         183.676
           1759         183.676
           1760         184.653
           1761         184.653
           1762         184.653
           1763         184.653
           1764         184.653
           1765         184.653
           1766         184.653
           1767         184.653
           1768         184.653
           1769         184.653
           1770         184.653
           1771         184.653
           1772         185.630
           1773         185.630
           1774         185.630
           1775         185.630
           1776         185.630
           1777         185.630
           1778         185.630
           1779         185.630
           1780         185.630
           1781         185.630
           1782         185.630
           1783         185.630
           1784         185.630
           1785         186.607
           1786         186.607
           1787         186.607
           1788         186.607
           1789         186.607
           1790         186.607
           1791         186.607
           1792         186.607
           1793         186.607
           1794         186.607
           1795         186.607
           1796         186.607
           1797         186.607
           1798         187.584
           1799         187.584
           1800         187.584
           1801         187.584
           1802         187.584
           1803         187.584
           1804         187.584
           1805         187.584
           1806         187.584
           1807         187.584
           1808         187.584
           1809         187.584
           1810         188.561
           1811         188.561
           1812         188.561
           1813         188.561
           1814         188.561
           1815         188.561
           1816         188.561
           1817         188.561
           1818         188.561
           1819         188.561
           1820         188.561
           1821         188.561
           1822         189.538
           1823         189.538
           1824         189.538
           1825         189.538
           1826         189.538
           1827         189.538
           1828         189.538
           1829         189.538
           1830         189.538
           1831         189.538
           1832         189.538
           1833         189.538
           1834         189.538
           1835         189.538
           1836         189.538
           1837         189.538
           1838         189.538
           1839         190.515
           1840         190.515
           1841         190.515
           1842         190.515
           1843         190.515
           1844         190.515
           1845         190.515
           1846         190.515
           1847         190.515
           1848         190.515
           1849         190.515
           1850         190.515
           1851         190.515
           1852         190.515
           1853         190.515
           1854         191.492
           1855         191.492
           1856         191.492
           1857         191.492
           1858         191.492
           1859         191.492
           1860         191.492
           1861         191.492
           1862         191.492
           1863         191.492
           1864         191.492
           1865         191.492
           1866         191.492
           1867         191.492
           1868         191.492
           1869         191.492
           1870         191.492
           1871         191.492
           1872         191.492
           1873         191.492
           1874         191.492
           1875         191.492
           1876         191.492
           1877         191.492
           1878         192.469
           1879         192.469
           1880         192.469
           1881         192.469
           1882         192.469
           1883         192.469
           1884         192.469
           1885         192.469
           1886         192.469
           1887         192.469
           1888         193.446
           1889         193.446
           1890         193.446
           1891         193.446
           1892         193.446
           1893         193.446
           1894         193.446
           1895         193.446
           1896         193.446
           1897         193.446
           1898         194.423
           1899         194.423
           1900         194.423
           1901         194.423
           1902         194.423
           1903         194.423
           1904         194.423
           1905         194.423
           1906         194.423
           1907         195.400
           1908         195.400
           1909         195.400
           1910         195.400
           1911         195.400
           1912         195.400
           1913         195.400
           1914         195.400
           1915         195.400
           1916         195.400
           1917         196.377
           1918         196.377
           1919         196.377
           1920         196.377
           1921         196.377
           1922         196.377
           1923         196.377
           1924         196.377
           1925         196.377
           1926         196.377
           1927         196.377
           1928         196.377
           1929         196.377
           1930         196.377
           1931         196.377
           1932         197.354
           1933         197.354
           1934         197.354
           1935         197.354
           1936         197.354
           1937         197.354
           1938         197.354
           1939         197.354
           1940         197.354
           1941         197.354
           1942         197.354
           1943         197.354
           1944         197.354
           1945         197.354
           1946         198.331
           1947         198.331
           1948         198.331
           1949         198.331
           1950         198.331
           1951         198.331
           1952         198.331
           1953         198.331
           1954         198.331
           1955         198.331
           1956         198.331
           1957         198.331
           1960         198.331
           1961         198.331
           1962         198.331
           1963         198.331
           1964         198.331
           1965         198.331
           1966         199.308
           1967         199.308
           1968         199.308
           1969         199.308
           1970         199.308
           1971         199.308
           1972         199.308
           1973         199.308
           1974         199.308
           1975         199.308
           1976         199.308
           1977         199.308
           1978         199.308
           1979         199.308
           1980         199.308
           1981         200.285
           1982         200.285
           1983         200.285
           1984         200.285
           1985         200.285
           1986         200.285
           1987         200.285
           1988         200.285
           1989         200.285
           1990         200.285
           1991         200.285
           1992         201.262
           1993         201.262
           1994         201.262
           1995         201.262
           1996         201.262
           1997         201.262
           1998         201.262
           1999         201.262
           2000         201.262
           2001         201.262
           2002         201.262
           2003         202.239
           2004         202.239
           2005         202.239
           2006         202.239
           2007         202.239
           2008         201.262
           2009         201.262
           2010         201.262
           2011         201.262
           2012         201.262
           2013         201.262
           2014         201.262
           2015         201.262
           2016         201.262
           2017         201.262
           2018         201.262
           2019         201.262
           2020         202.239
           2021         202.239
           2022         202.239
           2023         202.239
           2024         202.239
           2025         202.239
           2026         202.239
           2027         202.239
           2028         202.239
           2029         202.239
           2030         202.239
           2031         203.216
           2032         203.216
           2033         203.216
           2034         203.216
           2035         203.216
           2036         203.216
           2037         203.216
           2038         203.216
           2039         203.216
           2040         203.216
           2041         203.216
           2042         203.216
           2043         203.216
           2044         203.216
           2045         203.216
           2046         204.193
           2047         204.193
           2048         204.193
           2049         204.193
           2050         204.193
           2051         204.193
           2052         204.193
           2053         204.193
           2054         204.193
           2055         204.193
           2056         204.193
           2057         204.193
           2058         204.193
           2059         204.193
           2060         204.193
           2061         204.193
           2062         204.193
           2063         204.193
           2064         204.193
           2065         204.193
           2066         204.193
           2067         204.193
           2068         204.193
           2069         204.193
           2070         204.193
           2071         204.193
           2072         204.193
           2073         204.193
           2074         204.193
           2075         204.193
           2076         204.193
           2077         204.193
           2078         204.193
           2079         205.170
           2080         205.170
           2081         205.170
           2082         205.170
           2083         205.170
           2084         205.170
           2085         205.170
           2086         205.170
           2087         205.170
           2088         205.170
           2089         205.170
           2090         205.170
           2091         205.170
           2092         205.170
           2093         205.170
           2094         205.170
           2095         205.170
           2096         205.170
           2097         205.170
           2098         205.170
           2099         205.170
           2100         205.170
           2101         205.170
           2102         205.170
           2103         205.170
           2104         205.170
           2105         205.170
           2106         205.170
           2107         205.170
           2108         205.170
           2109         205.170
           2110         205.170
           2111         205.170
           2112         205.170
           2113         205.170
           2114         205.170
           2115         205.170
           2116         205.170
           2117         205.170
           2118         205.170
           2119         205.170
           2120         205.170
           2121         205.170
           2122         205.170
           2123         205.170
           2124         205.170
           2125         205.170
           2126         205.170
           2127         204.193
           2128         204.193
           2129         204.193
           2130         204.193
           2131         204.193
           2132         204.193
           2133         204.193
           2134         204.193
           2135         204.193
           2136         204.193
           2137         204.193
           2138         204.193
           2139         204.193
           2140         204.193
           2141         204.193
           2142         204.193
           2143         204.193
           2144         204.193
           2145         204.193
           2146         204.193
           2147         204.193
           2148         204.193
           2149         204.193
           2150         204.193
           2151         204.193
           2152         204.193
           2153         204.193
           2154         204.193
           2155         204.193
           2156         204.193
           2157         204.193
           2158         204.193
           2159         204.193
           2160         204.193
           2161         204.193
           2162         204.193
           2163         204.193
           2164         204.193
           2165         204.193
           2166         204.193
           2167         204.193
           2168         203.216
           2169         203.216
           2170         203.216
           2171         203.216
           2172         203.216
           2173         203.216
           2174         203.216
           2175         203.216
           2176         203.216
           2177         203.216
           2178         203.216
           2179         203.216
           2180         203.216
           2181         203.216
           2182         203.216
           2183         203.216
           2184         203.216
           2185         203.216
           2186         203.216
           2187         203.216
           2188         203.216
           2189         203.216
           2190         203.216
           2191         203.216
           2192         203.216
           2193         203.216
           2194         203.216
           2195         203.216
           2196         203.216
           2197         202.239
           2198         202.239
           2199         202.239
           2200         202.239
           2201         202.239
           2202         202.239
           2203         202.239
           2204         202.239
           2205         202.239
           2206         202.239
           2207         202.239
           2208         202.239
           2209         202.239
           2210         202.239
           2211         202.239
           2212         202.239
           2213         202.239
           2214         201.262
           2215         201.262
           2216         201.262
           2217         201.262
           2218         201.262
           2219         201.262
           2220         201.262
           2221         201.262
           2222         201.262
           2223         201.262
           2224         201.262
           2225         201.262
           2226         201.262
           2227         201.262
           2228         201.262
           2229         201.262
           2230         201.262
           2231         201.262
           2232         200.285
           2233         200.285
           2234         200.285
           2235         200.285
           2236         200.285
           2237         200.285
           2238         200.285
           2239         200.285
           2240         200.285
           2241         200.285
           2242         200.285
           2243         200.285
           2244         200.285
           2245         200.285
           2246         200.285
           2247         200.285
           2248         200.285
           2249         200.285
           2250         200.285
           2251         200.285
           2252         200.285
           2253         200.285
           2254         200.285
           2255         200.285
           2256         200.285
           2257         200.285
           2258         200.285
           2259         200.285
           2260         200.285
           2261         199.308
           2262         199.308
           2263         199.308
           2264         199.308
           2265         199.308
           2266         199.308
           2267         199.308
           2268         199.308
           2269         199.308
           2270         199.308
           2271         199.308
           2272         199.308
           2273         199.308
           2274         199.308
           2275         199.308
           2276         199.308
           2277         199.308
           2278         199.308
           2279         199.308
           2280         199.308
           2281         199.308
           2282         199.308
           2283         199.308
           2284         199.308
           2285         199.308
           2286         199.308
           2287         199.308
           2288         199.308
           2289         199.308
           2290         199.308
           2291         199.308
           2292         199.308
           2293         199.308
           2294         199.308
           2295         199.308
           2296         199.308
           2297         199.308
           2298         199.308
           2299         198.331
           2300         198.331
           2301         198.331
           2302         198.331
           2303         198.331
           2304         198.331
           2305         198.331
           2306         198.331
           2307         198.331
           2308         198.331
           2309         198.331
           2310         198.331
           2311         198.331
           2312         198.331
           2313         198.331
           2314         198.331
           2315         198.331
           2316         198.331
           2317         198.331
           2318         198.331
           2319         198.331
           2320         198.331
           2321         198.331
           2322         198.331
           2323         198.331
           2324         198.331
           2325         198.331
           2326         198.331
           2327         198.331
           2328         198.331
           2329         198.331
           2330         198.331
           2331         198.331
           2332         198.331
           2333         198.331
           2334         198.331
           2335         198.331
           2336         198.331
           2337         198.331
           2338         198.331
           2339         198.331
           2340         198.331
           2341         198.331
           2342         197.354
           2343         197.354
           2344         197.354
           2345         197.354
           2346         197.354
           2347         197.354
           2348         197.354
           2349         197.354
           2350         197.354
           2351         197.354
           2352         197.354
           2353         197.354
           2354         197.354
           2355         197.354
           2356         197.354
           2357         197.354
           2358         197.354
           2359         197.354
           2360         196.377
           2361         196.377
           2362         196.377
           2363         196.377
           2364         196.377
           2365         196.377
           2366         196.377
           2367         196.377
           2368         196.377
           2369         196.377
           2370         196.377
           2371         196.377
           2372         196.377
           2373         196.377
           2374         196.377
           2375         196.377
           2376         195.400
           2377         195.400
           2378         195.400
           2379         195.400
           2380         195.400
           2381         195.400
           2382         195.400
           2383         195.400
           2384         195.400
           2385         195.400
           2386         195.400
           2387         195.400
           2388         195.400
           2389         195.400
           2390         195.400
           2391         195.400
           2392         195.400
           2393         195.400
           2394         195.400
           2395         195.400
           2396         195.400
           2397         195.400
           2398         196.377
           2399         196.377
           2400         196.377
           2401         196.377
           2402         196.377
           2403         196.377
           2404         195.400
           2405         195.400
           2406         195.400
           2407         195.400
           2408         195.400
           2409         195.400
           2410         195.400
           2460         194.423
           2461         194.423
           2462         194.423
           2463         194.423
           2464         194.423
           2465         194.423
           2466         194.423
           2467         194.423
           2468         194.423
           2469         194.423
           2470         194.423
           2471         194.423
           2472         194.423
           2473         194.423
           2474         194.423
           2475         194.423
           2476         194.423
           2477         194.423
           2478         194.423
           2479         194.423
           2480         194.423
           2481         194.423
           2482         194.423
           2483         194.423
           2484         193.446
           2485         193.446
           2486         193.446
           2487         193.446
           2488         193.446
           2489         193.446
           2490         193.446
           2491         193.446
           2492         193.446
           2493         193.446
           2494         193.446
           2495         193.446
           2496         193.446
           2497         193.446
           2498         193.446
           2499         192.469
           2500         192.469
           2501         192.469
           2502         192.469
           2503         192.469
           2504         192.469
           2505         192.469
           2506         192.469
           2507         192.469
           2508         192.469
           2509         192.469
           2510         192.469
           2511         192.469
           2512         192.469
           2513         192.469
           2514         192.469
           2515         192.469
           2516         192.469
           2517         192.469
           2518         192.469
           2519         192.469
           2520         192.469
           2521         192.469
           2522         192.469
           2523         192.469
           2524         192.469
           2525         192.469
           2526         192.469
           2527         192.469
           2528         191.492
           2529         191.492
           2530         191.492
           2531         191.492
           2532         191.492
           2533         191.492
           2534         191.492
           2535         191.492
           2536         191.492
           2537         191.492
           2538         191.492
           2539         191.492
           2540         191.492
           2541         191.492
           2542         191.492
           2543         191.492
           2544         191.492
           2545         191.492
           2546         191.492
           2547         191.492
           2548         191.492
           2549         190.515
           2550         190.515
           2551         190.515
           2552         190.515
           2553         190.515
           2554         190.515
           2555         190.515
           2556         190.515
           2557         190.515
           2558         190.515
           2559         190.515
           2560         190.515
           2561         190.515
           2562         190.515
           2563         190.515
           2564         190.515
           2565         190.515
           2566         190.515
           2567         190.515
           2568         190.515
           2569         190.515
           2570         190.515
           2571         190.515
           2572         190.515
           2573         190.515
           2574         190.515
           2575         190.515
           2576         190.515
           2577         190.515
           2578         190.515
           2579         190.515
           2580         190.515
           2581         190.515
           2582         190.515
           2583         190.515
           2584         190.515
           2585         190.515
           2586         190.515
           2587         190.515
           2588         190.515
           2589         190.515
           2590         190.515
           2591         190.515
           2592         190.515
           2593         190.515
           2594         190.515
           2595         190.515
           2596         190.515
           2597         190.515
           2598         190.515
           2599         190.515
           2600         190.515
           2601         190.515
           2602         190.515
           2603         189.538
           2604         189.538
           2605         189.538
           2606         189.538
           2607         189.538
           2608         189.538
           2609         189.538
           2610         189.538
           2611         189.538
           2612         189.538
           2613         189.538
           2614         190.515
           2615         190.515
           2616         190.515
           2617         190.515
           2618         190.515
           2619         190.515
           2620         190.515
           2621         190.515
           2622         190.515
           2623         190.515
           2624         190.515
           2625         190.515
           2626         190.515
           2627         190.515
           2628         190.515
           2629         190.515
           2630         190.515
           2631         190.515
           2632         190.515
           2633         190.515
           2634         190.515
           2635         190.515
           2636         190.515
           2637         190.515
           2638         190.515
           2639         190.515
           2640         191.492
           2641         191.492
           2642         191.492
           2643         191.492
           2644         191.492
           2645         191.492
           2646         191.492
           2647         191.492
           2648         191.492
           2649         191.492
           2650         191.492
           2651         191.492
           2652         191.492
           2653         191.492
           2654         191.492
           2655         191.492
           2656         191.492
           2657         191.492
           2658         191.492
           2659         191.492
           2660         191.492
           2661         191.492
           2662         191.492
           2663         191.492
           2664         191.492
           2665         191.492
           2666         191.492
           2667         191.492
           2668         191.492
           2669         191.492
           2670         191.492
           2671         191.492
           2672         191.492
           2673         191.492
           2674         191.492
           2675         191.492
           2676         191.492
           2677         191.492
           2678         191.492
           2679         191.492
           2680         191.492
           2681         191.492
           2682         191.492
           2683         191.492
           2684         191.492
           2685         191.492
           2686         191.492
           2687         191.492
           2688         191.492
           2689         191.492
           2690         191.492
           2691         191.492
           2692         191.492
           2693         191.492
           2694         191.492
           2695         191.492
           2696         191.492
           2697         191.492
           2698         191.492
           2699         191.492
           2700         191.492
           2701         191.492
           2702         191.492
           2703         191.492
           2704         191.492
           2705         191.492
           2706         191.492
           2707         191.492
           2708         191.492
           2709         191.492
           2710         191.492
           2711         191.492
           2712         191.492
           2713         191.492
           2714         191.492
           2715         191.492
           2716         191.492
           2717         191.492
           2718         191.492
           2719         191.492
           2720         191.492
           2721         191.492
           2722         191.492
           2723         191.492
           2724         191.492
           2725         190.515
           2726         190.515
           2727         190.515
           2728         190.515
           2729         190.515
           2730         190.515
           2731         190.515
           2732         191.492
           2733         191.492
           2734         191.492
           2735         191.492
           2736         191.492
           2737         191.492
           2738         191.492
           2739         191.492
           2740         191.492
           2741         192.469
           2742         192.469
           2743         192.469
           2744         192.469
           2745         192.469
           2746         192.469
           2747         192.469
           2748         192.469
           2749         192.469
           2750         193.446
           2751         193.446
           2752         193.446
           2753         193.446
           2754         193.446
           2755         193.446
           2756         193.446
           2757         194.423
           2758         194.423
           2759         194.423
           2760         194.423
           2761         194.423
           2762         194.423
           2763         194.423
           2764         194.423
           2765         194.423
           2766         194.423
           2767         194.423
           2768         194.423
           2769         194.423
           2770         194.423
           2771         194.423
           2772         194.423
           2773         194.423
           2774         194.423
           2775         194.423
           2776         194.423
           2777         194.423
           2778         195.400
           2779         195.400
           2780         195.400
           2781         195.400
           2782         196.377
           2783         196.377
           2784         196.377
           2785         197.354
           2786         197.354
           2787         196.377
           2788         196.377
           2789         196.377
           2790         196.377
           2791         196.377
           2792         196.377
           2793         196.377
           2794         196.377
           2795         196.377
           2796         196.377
           2797         197.354
           2798         197.354
           2799         197.354
           2800         197.354
           2801         197.354
           2802         197.354
           2803         197.354
           2804         197.354
           2805         197.354
           2806         197.354
           2807         197.354
           2808         197.354
           2809         196.377
           2810         196.377
           2811         196.377
           2812         196.377
           2813         196.377
           2814         196.377
           2815         196.377
           2816         196.377
           2817         196.377
           2818         196.377
           2819         196.377
           2820         196.377
           2821         196.377
           2822         196.377
           2823         196.377
           2824         197.354
           2825         197.354
           2826         197.354
           2827         197.354
           2828         197.354
           2829         197.354
           2830         197.354
           2831         197.354
           2832         198.331
           2833         198.331
           2834         198.331
           2835         198.331
           2836         198.331
           2837         198.331
           2838         198.331
           2839         198.331
           2840         198.331
           2841         198.331
           2842         198.331
           2843         198.331
           2844         198.331
           2845         198.331
           2846         198.331
           2847         198.331
           2848         198.331
           2849         198.331
           2850         198.331
           2851         198.331
           2852         198.331
           2853         198.331
           2854         198.331
           2855         198.331
           2856         198.331
           2857         198.331
           2858         198.331
           2859         198.331
           2860         198.331
           2861         198.331
           2862         198.331
           2863         198.331
           2864         199.308
           2865         199.308
