TRACENO
              1         242.296
              2         242.296
              3         242.296
              4         242.296
              5         242.296
              6         242.296
              7         242.296
              8         242.296
              9         242.296
             10         242.296
             11         242.296
             12         242.296
             13         242.296
             14         242.296
             15         242.296
             16         242.296
             17         242.296
             18         242.296
             19         242.296
             20         242.296
             21         242.296
             22         242.296
             23         242.296
             24         242.296
             25         242.296
             26         242.296
             27         242.296
             28         242.296
             29         242.296
             30         242.296
             31         242.296
             32         242.296
             33         242.296
             34         242.296
             35         242.296
             36         242.296
             37         242.296
             38         242.296
             39         242.296
             40         242.296
             41         242.296
             42         242.296
             43         242.296
             44         242.296
             45         242.296
             46         242.296
             47         242.296
             48         242.296
             49         242.296
             50         242.296
             51         242.296
             52         242.296
             53         242.296
             54         242.296
             55         242.296
             56         242.296
             57         242.296
             58         242.296
             59         242.296
             60         242.296
             61         242.296
             62         242.296
             63         242.296
             64         242.296
             65         242.296
             66         242.296
             67         242.296
             68         242.296
             69         242.296
             70         242.296
             71         242.296
             72         242.296
             73         242.296
             74         242.296
             75         242.296
             76         242.296
             77         242.296
             78         242.296
             79         242.296
             80         242.296
             81         242.296
             82         242.296
             83         242.296
             84         242.296
             85         242.296
             86         242.296
             87         242.296
             88         242.296
             89         242.296
             90         242.296
             91         242.296
             92         242.296
             93         242.296
             94         242.296
             95         242.296
             96         241.319
             97         241.319
             98         241.319
             99         241.319
            100         241.319
            101         241.319
            102         241.319
            103         241.319
            104         241.319
            105         241.319
            106         241.319
            107         241.319
            108         241.319
            109         241.319
            110         241.319
            111         241.319
            112         241.319
            113         241.319
            114         241.319
            115         241.319
            116         241.319
            117         241.319
            118         241.319
            119         241.319
            120         241.319
            121         241.319
            122         241.319
            123         241.319
            124         241.319
            125         241.319
            126         241.319
            127         241.319
            128         241.319
            129         241.319
            130         241.319
            131         241.319
            132         241.319
            133         241.319
            134         241.319
            135         241.319
            136         241.319
            137         241.319
            138         241.319
            139         241.319
            140         241.319
            141         241.319
            142         241.319
            143         241.319
            144         241.319
            145         241.319
            146         241.319
            147         241.319
            148         241.319
            149         241.319
            150         241.319
            151         241.319
            152         241.319
            153         241.319
            154         241.319
            155         241.319
            156         241.319
            157         241.319
            158         241.319
            159         241.319
            160         241.319
            161         241.319
            162         242.296
            163         242.296
            164         242.296
            165         242.296
            166         242.296
            167         242.296
            168         242.296
            169         242.296
            170         242.296
            171         242.296
            172         242.296
            173         242.296
            174         242.296
            175         242.296
            176         242.296
            177         242.296
            178         242.296
            179         242.296
            180         242.296
            181         242.296
            182         242.296
            183         242.296
            184         241.319
            185         241.319
            186         241.319
            187         241.319
            188         241.319
            189         241.319
            190         241.319
            191         241.319
            192         241.319
            193         241.319
            194         241.319
            195         241.319
            196         241.319
            197         241.319
            198         241.319
            199         241.319
            200         241.319
            201         241.319
            202         241.319
            203         241.319
            204         241.319
            205         241.319
            206         241.319
            207         241.319
            208         241.319
            209         241.319
            210         241.319
            211         241.319
            212         241.319
            213         241.319
            214         241.319
            215         241.319
            216         241.319
            217         241.319
            218         241.319
            219         241.319
            220         241.319
            221         241.319
            222         241.319
            223         241.319
            224         241.319
            225         241.319
            226         241.319
            227         241.319
            228         241.319
            229         241.319
            230         241.319
            231         241.319
            232         241.319
            233         241.319
            234         241.319
            235         241.319
            236         241.319
            237         241.319
            238         241.319
            239         240.342
            240         240.342
            241         240.342
            242         240.342
            243         241.319
            244         241.319
            245         241.319
            246         241.319
            247         241.319
            248         241.319
            249         241.319
            250         241.319
            251         241.319
            252         241.319
            253         241.319
            254         241.319
            255         241.319
            256         240.342
            257         240.342
            258         240.342
            259         240.342
            260         240.342
            261         240.342
            262         240.342
            263         240.342
            264         240.342
            265         240.342
            266         240.342
            267         240.342
            268         240.342
            269         240.342
            270         240.342
            271         240.342
            272         240.342
            273         240.342
            274         240.342
            275         240.342
            276         240.342
            277         240.342
            278         240.342
            279         240.342
            280         240.342
            281         240.342
            282         240.342
            283         240.342
            284         240.342
            285         240.342
            286         240.342
            287         240.342
            288         240.342
            289         240.342
            290         240.342
            291         240.342
            292         240.342
            293         240.342
            294         240.342
            295         240.342
            296         240.342
            297         240.342
            298         240.342
            299         240.342
            300         239.365
            301         239.365
            302         239.365
            303         239.365
            304         239.365
            305         239.365
            306         239.365
            307         239.365
            308         239.365
            309         239.365
            310         238.388
            311         238.388
            312         238.388
            313         238.388
            314         238.388
            315         238.388
            316         238.388
            317         238.388
            318         238.388
            319         238.388
            320         238.388
            321         238.388
            322         238.388
            323         238.388
            324         238.388
            325         238.388
            326         238.388
            327         238.388
            328         238.388
            329         238.388
            330         238.388
            331         238.388
            332         238.388
            333         238.388
            334         238.388
            335         238.388
            336         238.388
            337         238.388
            338         238.388
            339         238.388
            340         238.388
            341         238.388
            342         238.388
            343         238.388
            344         238.388
            345         238.388
            346         238.388
            347         238.388
            348         238.388
            349         238.388
            350         238.388
            351         238.388
            352         238.388
            353         238.388
            354         238.388
            355         238.388
            356         238.388
            357         238.388
            358         238.388
            359         238.388
            360         238.388
            361         238.388
            362         238.388
            363         238.388
            364         238.388
            365         238.388
            366         238.388
            367         238.388
            368         238.388
            369         239.365
            370         239.365
            371         239.365
            372         239.365
            373         239.365
            374         239.365
            375         239.365
            376         239.365
            377         239.365
            378         239.365
            379         239.365
            380         239.365
            381         239.365
            382         239.365
            383         239.365
            384         239.365
            385         239.365
            386         239.365
            387         239.365
            388         239.365
            389         240.342
            390         240.342
            391         240.342
            392         240.342
            393         240.342
            394         239.365
            395         239.365
            396         239.365
            397         239.365
            398         239.365
            399         239.365
            400         239.365
            401         239.365
            402         239.365
            403         239.365
            404         239.365
            405         239.365
            406         239.365
            407         239.365
            408         239.365
            409         239.365
            410         239.365
            411         239.365
            412         239.365
            413         239.365
            414         239.365
            415         240.342
            416         240.342
            417         240.342
            418         240.342
            419         240.342
            420         240.342
            421         240.342
            422         240.342
            423         240.342
            424         240.342
            425         240.342
            426         240.342
            427         240.342
            428         240.342
            429         240.342
            430         240.342
            431         240.342
            432         240.342
            433         240.342
            434         240.342
            435         240.342
            436         240.342
            437         240.342
            438         240.342
            439         241.319
            440         241.319
            441         241.319
            442         241.319
            443         241.319
            444         241.319
            445         241.319
            446         241.319
            447         241.319
            448         241.319
            449         241.319
            450         241.319
            451         241.319
            452         241.319
            453         241.319
            454         241.319
            455         241.319
            456         241.319
            457         241.319
            458         241.319
            459         241.319
            460         241.319
            461         241.319
            462         241.319
            463         241.319
            464         241.319
            465         241.319
            466         241.319
            467         241.319
            468         241.319
            469         241.319
            470         241.319
            471         241.319
            472         241.319
            473         241.319
            474         241.319
            475         241.319
            476         241.319
            477         241.319
            478         241.319
            479         241.319
            480         241.319
            481         241.319
            482         241.319
            483         241.319
            484         241.319
            485         241.319
            486         241.319
            487         241.319
            488         241.319
            489         241.319
            490         241.319
            491         241.319
            492         241.319
            493         241.319
            494         241.319
            495         241.319
            496         241.319
            497         241.319
            498         241.319
            499         241.319
            500         241.319
            501         241.319
            502         241.319
            503         241.319
            504         241.319
            505         241.319
            506         242.296
            507         242.296
            508         242.296
            509         242.296
            510         242.296
            511         242.296
            512         242.296
            513         242.296
            514         242.296
            515         242.296
            516         242.296
            517         242.296
            518         243.273
            519         243.273
            520         243.273
            521         243.273
            522         243.273
            523         243.273
            524         243.273
            525         243.273
            526         243.273
            527         243.273
            528         243.273
            529         243.273
            530         243.273
            531         243.273
            532         243.273
            533         243.273
            534         243.273
            535         243.273
            536         243.273
            537         243.273
            538         243.273
            539         243.273
            540         243.273
            541         243.273
            542         243.273
            543         243.273
            544         243.273
            545         243.273
            546         243.273
            547         243.273
            548         243.273
            549         243.273
            550         243.273
            551         243.273
            552         243.273
            553         243.273
            554         243.273
            555         243.273
            556         243.273
            557         243.273
            558         243.273
            559         243.273
            560         243.273
            561         244.250
            562         244.250
            563         244.250
            564         244.250
            565         244.250
            566         244.250
            567         244.250
            568         244.250
            569         244.250
            570         244.250
            571         244.250
            572         244.250
            573         244.250
            574         244.250
            575         244.250
            576         244.250
            577         244.250
            578         244.250
            579         244.250
            580         245.227
            581         245.227
            582         245.227
            583         245.227
            584         245.227
            585         245.227
            586         245.227
            587         245.227
            588         245.227
            589         245.227
            590         245.227
            591         245.227
            592         245.227
            593         245.227
            594         245.227
            595         245.227
            596         245.227
            597         245.227
            598         245.227
            599         245.227
            600         245.227
            601         245.227
            602         245.227
            603         246.204
            604         246.204
            605         246.204
            606         246.204
            607         246.204
            608         246.204
            609         246.204
            610         246.204
            611         246.204
            612         246.204
            613         246.204
            614         246.204
            615         246.204
            616         246.204
            617         246.204
            618         246.204
            619         246.204
            620         246.204
            621         246.204
            622         246.204
            623         246.204
            624         246.204
            625         246.204
            626         246.204
            627         246.204
            628         246.204
            629         246.204
            630         246.204
            631         246.204
            632         246.204
            633         246.204
            634         246.204
            635         246.204
            636         246.204
            637         246.204
            638         246.204
            639         246.204
            640         246.204
            641         246.204
            642         246.204
            643         246.204
            644         247.181
            645         247.181
            646         247.181
            647         247.181
            648         247.181
            649         247.181
            650         247.181
            651         247.181
            652         247.181
            653         247.181
            654         247.181
            655         247.181
            656         247.181
            657         247.181
            658         247.181
            659         247.181
            660         247.181
            661         247.181
            662         247.181
            663         247.181
            664         247.181
            665         247.181
            666         247.181
            667         247.181
            668         247.181
            669         247.181
            670         247.181
            671         247.181
            672         247.181
            673         247.181
            674         247.181
            675         248.158
            676         248.158
            677         248.158
            678         248.158
            679         248.158
            680         248.158
            681         248.158
            682         248.158
            683         248.158
            684         248.158
            685         248.158
            686         248.158
            687         248.158
            688         248.158
            689         248.158
            690         249.135
            691         249.135
            692         248.158
            693         248.158
            694         248.158
            695         248.158
            696         248.158
            697         248.158
            698         248.158
            699         248.158
            700         248.158
            701         248.158
            702         248.158
            703         248.158
            704         248.158
            705         248.158
            706         248.158
            707         248.158
            708         248.158
            709         248.158
            710         248.158
            711         248.158
            712         248.158
            713         248.158
            714         248.158
            715         248.158
            716         248.158
            717         248.158
            718         248.158
            719         248.158
            720         248.158
            721         248.158
            722         248.158
            723         248.158
            724         248.158
            725         248.158
            726         248.158
            727         248.158
            728         248.158
            729         248.158
            730         248.158
            731         249.135
            732         249.135
            733         249.135
            734         249.135
            735         249.135
            736         249.135
            737         249.135
            738         249.135
            739         249.135
            740         249.135
            741         249.135
            742         249.135
            743         249.135
            744         249.135
            745         249.135
            746         249.135
            747         249.135
            748         249.135
            749         249.135
            750         250.112
            751         250.112
            752         250.112
            753         250.112
            754         250.112
            755         250.112
            756         250.112
            757         250.112
            758         250.112
            759         250.112
            760         250.112
            761         250.112
            762         250.112
            763         250.112
            764         250.112
            765         250.112
            766         250.112
            767         250.112
            768         250.112
            769         251.089
            770         251.089
            771         251.089
            772         251.089
            773         251.089
            774         251.089
            775         251.089
            776         251.089
            777         251.089
            778         251.089
            779         251.089
            780         251.089
            781         251.089
            782         251.089
            783         251.089
            784         251.089
            785         251.089
            786         251.089
            787         251.089
            788         251.089
            789         251.089
            790         252.066
            791         252.066
            792         252.066
            793         252.066
            794         252.066
            795         252.066
            796         252.066
            797         252.066
            798         252.066
            799         252.066
            800         252.066
            801         252.066
            802         252.066
            803         252.066
            804         252.066
            805         252.066
            806         252.066
            807         252.066
            808         252.066
            809         252.066
            810         252.066
            811         253.043
            812         253.043
            813         253.043
            814         253.043
            815         253.043
            816         253.043
            817         253.043
            818         253.043
            819         253.043
            820         253.043
            821         253.043
            822         253.043
            823         253.043
            824         253.043
            825         253.043
            826         254.020
            827         254.020
            828         253.043
            829         253.043
            830         253.043
            831         253.043
            832         253.043
            833         253.043
            834         253.043
            835         253.043
            836         253.043
            837         253.043
            838         253.043
            839         253.043
            840         253.043
            841         253.043
            842         253.043
            843         253.043
            844         253.043
            845         253.043
            846         253.043
            847         253.043
            848         253.043
            849         253.043
            850         253.043
            851         254.020
            852         254.020
            853         254.020
            854         254.020
            855         254.020
            856         254.020
            857         254.020
            858         254.020
            859         254.020
            860         254.020
            861         254.020
            862         254.020
            863         254.020
            864         254.020
            865         254.020
            866         254.020
            867         254.020
            868         254.020
            869         254.020
            870         254.020
            871         254.020
            872         254.020
            873         254.020
            874         254.020
            875         254.020
            876         254.020
            877         254.020
            878         254.997
            879         254.997
            880         254.997
            881         254.997
            882         254.997
            883         254.997
            884         254.997
            885         254.997
            886         254.997
            887         254.997
            888         254.997
            889         254.997
            890         254.997
            891         254.997
            892         254.997
            893         254.997
            894         254.997
            895         254.997
            896         254.997
            897         254.997
            898         254.997
            899         254.997
            900         254.997
            901         254.997
            902         254.997
            903         254.997
            904         255.974
            905         255.974
            906         255.974
            907         255.974
            908         255.974
            909         255.974
            910         255.974
            911         255.974
            912         255.974
            913         255.974
            914         255.974
            915         255.974
            916         255.974
            917         255.974
            918         255.974
            919         255.974
            920         255.974
            921         255.974
            922         255.974
            923         255.974
            924         255.974
            925         255.974
            926         255.974
            927         255.974
            928         255.974
            929         255.974
            930         255.974
            931         255.974
            932         255.974
            933         255.974
            934         255.974
            935         255.974
            936         255.974
            937         255.974
            938         255.974
            939         255.974
            940         255.974
            941         255.974
            942         255.974
            943         255.974
            944         255.974
            945         255.974
            946         255.974
            947         255.974
            948         255.974
            949         255.974
            950         255.974
            951         255.974
            952         255.974
            953         255.974
            954         255.974
            955         255.974
            956         255.974
            957         255.974
            958         255.974
            959         255.974
            960         255.974
            961         255.974
            962         255.974
            963         255.974
            964         255.974
            965         255.974
            966         255.974
            967         255.974
            968         255.974
            969         255.974
            970         255.974
            971         255.974
            972         255.974
            973         255.974
            974         255.974
            975         255.974
            976         255.974
            977         255.974
            978         256.951
            979         256.951
            980         256.951
            981         256.951
            982         256.951
            983         256.951
            984         256.951
            985         256.951
            986         256.951
            987         257.928
            988         257.928
            989         257.928
            990         257.928
            991         257.928
            992         257.928
            993         257.928
            994         257.928
            995         257.928
            996         257.928
            997         257.928
            998         257.928
            999         257.928
           1000         257.928
           1001         257.928
           1002         257.928
           1003         257.928
           1004         257.928
           1005         257.928
           1006         257.928
           1007         258.905
           1008         257.928
           1009         257.928
           1010         257.928
           1011         257.928
           1012         258.905
           1013         258.905
           1014         258.905
           1015         258.905
           1016         258.905
           1017         258.905
           1018         258.905
           1019         258.905
           1020         258.905
           1021         257.928
           1022         257.928
           1023         257.928
           1024         258.905
           1025         258.905
           1026         258.905
           1027         258.905
           1028         258.905
           1029         258.905
           1030         258.905
           1031         258.905
           1032         258.905
           1033         258.905
           1034         258.905
           1035         258.905
           1036         258.905
           1037         257.928
           1038         257.928
           1039         257.928
           1040         257.928
           1041         257.928
           1042         257.928
           1043         257.928
           1044         257.928
           1045         257.928
           1046         257.928
           1047         257.928
           1048         257.928
           1049         257.928
           1050         257.928
           1051         257.928
           1052         257.928
           1053         257.928
           1054         257.928
           1055         257.928
           1056         257.928
           1057         257.928
           1058         257.928
           1059         257.928
           1060         257.928
           1061         257.928
           1062         257.928
           1063         257.928
           1064         257.928
           1065         257.928
           1066         257.928
           1067         257.928
           1068         257.928
           1069         257.928
           1070         257.928
           1071         257.928
           1072         257.928
           1073         257.928
           1074         257.928
           1075         257.928
           1076         257.928
           1077         257.928
           1078         257.928
           1079         257.928
           1080         257.928
           1081         257.928
           1082         257.928
           1083         257.928
           1084         257.928
           1085         257.928
           1086         257.928
           1087         257.928
           1088         257.928
           1089         257.928
           1090         257.928
           1091         257.928
           1092         257.928
           1093         257.928
           1094         257.928
           1095         257.928
           1096         257.928
           1097         257.928
           1098         257.928
           1099         257.928
           1100         257.928
           1101         257.928
           1102         257.928
           1103         257.928
           1104         257.928
           1105         257.928
           1106         257.928
           1107         257.928
           1108         257.928
           1109         257.928
           1110         257.928
           1111         257.928
           1112         257.928
           1113         257.928
           1114         257.928
           1115         257.928
           1116         257.928
           1117         257.928
           1118         257.928
           1119         257.928
           1120         257.928
           1121         257.928
           1122         257.928
           1123         257.928
           1124         257.928
           1125         257.928
           1126         257.928
           1127         257.928
           1128         257.928
           1129         257.928
           1130         257.928
           1131         257.928
           1132         257.928
           1133         257.928
           1134         257.928
           1135         257.928
           1136         257.928
           1137         257.928
           1138         257.928
           1139         257.928
           1140         257.928
           1141         257.928
           1142         257.928
           1143         257.928
           1144         257.928
           1145         257.928
           1146         257.928
           1147         257.928
           1148         257.928
           1149         257.928
           1150         257.928
           1151         257.928
           1152         258.905
           1153         258.905
           1154         258.905
           1155         258.905
           1156         258.905
           1157         258.905
           1158         258.905
           1159         258.905
           1160         258.905
           1161         258.905
           1162         258.905
           1163         258.905
           1164         258.905
           1165         258.905
           1166         258.905
           1167         258.905
           1168         258.905
           1169         258.905
           1170         258.905
           1171         258.905
           1172         258.905
           1173         258.905
           1174         258.905
           1175         258.905
           1176         258.905
           1177         257.928
           1178         257.928
           1179         257.928
           1180         257.928
           1181         257.928
           1182         257.928
           1183         257.928
           1184         257.928
           1185         256.951
           1186         256.951
           1187         256.951
           1188         256.951
           1189         256.951
           1190         256.951
           1191         256.951
           1192         256.951
           1193         256.951
           1194         256.951
           1195         256.951
           1196         256.951
           1197         256.951
           1198         256.951
           1199         256.951
           1200         256.951
           1201         256.951
           1202         256.951
           1203         256.951
           1204         256.951
           1205         256.951
           1206         256.951
           1207         256.951
           1208         256.951
           1209         256.951
           1210         256.951
           1211         256.951
           1212         256.951
           1213         256.951
           1214         256.951
           1215         256.951
           1216         256.951
           1217         256.951
           1218         256.951
           1219         256.951
           1220         256.951
           1221         256.951
           1222         256.951
           1223         256.951
           1224         256.951
           1225         256.951
           1226         256.951
           1227         256.951
           1228         256.951
           1229         256.951
           1230         256.951
           1231         256.951
           1232         256.951
           1233         256.951
           1234         256.951
           1235         256.951
           1236         256.951
           1237         256.951
           1238         256.951
           1239         256.951
           1240         256.951
           1241         256.951
           1242         256.951
           1243         256.951
           1244         256.951
           1245         256.951
           1246         256.951
           1247         256.951
           1248         256.951
           1249         256.951
           1250         256.951
           1251         256.951
           1252         256.951
           1253         256.951
           1254         256.951
           1255         256.951
           1256         256.951
           1257         256.951
           1258         256.951
           1259         256.951
           1260         256.951
           1261         256.951
           1262         256.951
           1263         256.951
           1264         256.951
           1265         256.951
           1266         256.951
           1267         256.951
           1268         256.951
           1269         256.951
           1270         256.951
           1271         256.951
           1272         256.951
           1273         255.974
           1274         255.974
           1275         255.974
           1276         255.974
           1277         255.974
           1278         255.974
           1279         255.974
           1280         255.974
           1281         255.974
           1282         255.974
           1283         255.974
           1284         255.974
           1285         255.974
           1286         255.974
           1287         255.974
           1288         255.974
           1289         255.974
           1290         255.974
           1291         255.974
           1292         255.974
           1293         255.974
           1294         255.974
           1295         255.974
           1296         255.974
           1297         255.974
           1298         255.974
           1299         255.974
           1300         255.974
           1301         255.974
           1302         255.974
           1303         255.974
           1304         255.974
           1305         255.974
           1306         255.974
           1307         255.974
           1308         255.974
           1309         255.974
           1310         255.974
           1311         255.974
           1312         255.974
           1313         255.974
           1314         255.974
           1315         255.974
           1316         255.974
           1317         255.974
           1318         255.974
           1319         255.974
           1320         255.974
           1321         255.974
           1322         255.974
           1323         255.974
           1324         255.974
           1325         255.974
           1326         255.974
           1327         255.974
           1328         255.974
           1329         255.974
           1330         255.974
           1331         255.974
           1332         255.974
           1333         255.974
           1334         255.974
           1335         255.974
           1336         254.997
           1337         254.997
           1338         254.997
           1339         254.997
           1340         254.997
           1341         254.997
           1342         254.997
           1343         254.997
           1344         254.997
           1345         254.997
           1346         254.997
           1347         254.997
           1348         254.997
           1349         254.997
           1350         254.997
           1351         254.997
           1352         254.997
           1353         254.020
           1354         254.020
           1355         254.020
           1356         254.020
           1357         254.020
           1358         254.020
           1359         254.020
           1360         254.020
           1361         254.020
           1362         254.020
           1363         254.020
           1364         254.020
           1365         254.020
           1366         254.020
           1367         254.020
           1368         254.020
           1369         254.020
           1370         254.020
           1371         254.020
           1372         254.020
           1373         254.020
           1374         254.020
           1375         254.020
           1376         254.020
           1377         254.020
           1378         254.020
           1379         254.020
           1380         254.020
           1381         254.020
           1382         254.020
           1383         254.020
           1384         254.020
           1385         254.020
           1386         254.020
           1387         254.020
           1388         254.020
           1389         254.020
           1390         254.020
           1391         254.020
           1392         253.043
           1393         253.043
           1394         253.043
           1395         253.043
           1396         253.043
           1397         253.043
           1398         253.043
           1399         253.043
           1400         253.043
           1401         253.043
           1402         253.043
           1403         253.043
           1404         253.043
           1405         253.043
           1406         253.043
           1407         253.043
           1408         253.043
           1409         253.043
           1410         253.043
           1411         253.043
           1412         253.043
           1413         253.043
           1414         253.043
           1415         253.043
           1416         252.066
           1417         252.066
           1418         252.066
           1419         252.066
           1420         252.066
           1421         252.066
           1422         252.066
           1423         252.066
           1424         252.066
           1425         252.066
           1426         252.066
           1427         252.066
           1428         251.089
           1429         251.089
           1430         251.089
           1431         251.089
           1432         251.089
           1433         251.089
           1434         251.089
           1435         251.089
           1436         251.089
           1437         251.089
           1438         251.089
           1439         251.089
           1440         250.112
           1441         250.112
           1442         250.112
           1443         250.112
           1444         250.112
           1445         250.112
           1446         250.112
           1447         250.112
           1448         250.112
           1449         250.112
           1450         250.112
           1451         249.135
           1452         249.135
           1453         249.135
           1454         249.135
           1455         249.135
           1456         249.135
           1457         249.135
           1458         249.135
           1459         249.135
           1460         249.135
           1461         249.135
           1462         249.135
           1463         249.135
           1464         249.135
           1465         249.135
           1466         249.135
           1467         249.135
           1468         249.135
           1469         249.135
           1470         249.135
           1471         249.135
           1472         248.158
           1473         248.158
           1474         248.158
           1475         248.158
           1476         248.158
           1477         248.158
           1478         248.158
           1479         248.158
           1480         248.158
           1481         248.158
           1482         248.158
           1483         248.158
           1484         248.158
           1485         248.158
           1486         248.158
           1487         248.158
           1488         248.158
           1489         248.158
           1490         248.158
           1491         248.158
           1492         248.158
           1493         248.158
           1494         248.158
           1495         248.158
           1496         247.181
           1497         247.181
           1498         247.181
           1499         247.181
           1500         247.181
           1501         247.181
           1502         247.181
           1503         247.181
           1504         247.181
           1505         247.181
           1506         247.181
           1507         247.181
           1508         247.181
           1509         247.181
           1510         247.181
           1511         246.204
           1512         246.204
           1513         246.204
           1514         246.204
           1515         246.204
           1516         246.204
           1517         246.204
           1518         246.204
           1519         246.204
           1520         246.204
           1521         246.204
           1522         246.204
           1523         246.204
           1524         246.204
           1525         246.204
           1526         246.204
           1527         246.204
           1528         246.204
           1529         246.204
           1530         245.227
           1531         245.227
           1532         245.227
           1533         245.227
           1534         245.227
           1535         245.227
           1536         245.227
           1537         244.250
           1538         244.250
           1539         244.250
           1540         244.250
           1541         244.250
           1542         244.250
           1543         244.250
           1544         243.273
           1545         243.273
           1546         243.273
           1547         243.273
           1548         243.273
           1549         243.273
           1550         243.273
           1551         242.296
           1552         242.296
           1553         242.296
           1554         242.296
           1555         242.296
           1556         242.296
           1557         242.296
           1558         242.296
           1559         242.296
           1560         241.319
           1561         241.319
           1562         241.319
           1563         241.319
           1564         241.319
           1565         241.319
           1566         241.319
           1567         241.319
           1568         240.342
           1569         240.342
           1570         240.342
           1571         240.342
           1572         240.342
           1573         240.342
           1574         240.342
           1575         240.342
           1576         239.365
           1577         239.365
           1578         239.365
           1579         239.365
           1580         239.365
           1581         239.365
           1582         239.365
           1583         239.365
           1584         239.365
           1585         239.365
           1586         238.388
           1587         238.388
           1588         238.388
           1589         238.388
           1590         238.388
           1591         238.388
           1592         238.388
           1593         238.388
           1594         238.388
           1595         237.411
           1596         237.411
           1597         237.411
           1598         237.411
           1599         237.411
           1600         237.411
           1601         237.411
           1602         236.434
           1603         236.434
           1604         236.434
           1605         236.434
           1606         236.434
           1607         236.434
           1608         236.434
           1609         235.457
           1610         235.457
           1611         235.457
           1612         235.457
           1613         235.457
           1614         235.457
           1615         234.480
           1616         234.480
           1617         234.480
           1618         234.480
           1619         234.480
           1620         234.480
           1621         234.480
           1622         233.503
           1623         233.503
           1624         233.503
           1625         233.503
           1626         233.503
           1627         233.503
           1628         233.503
           1629         233.503
           1630         232.526
           1631         232.526
           1632         232.526
           1633         232.526
           1634         232.526
           1635         232.526
           1636         232.526
           1637         232.526
           1638         232.526
           1639         231.549
           1640         231.549
           1641         231.549
           1642         231.549
           1643         231.549
           1644         231.549
           1645         231.549
           1646         231.549
           1647         230.572
           1648         230.572
           1649         230.572
           1650         230.572
           1651         230.572
           1652         230.572
           1653         229.595
           1654         229.595
           1655         229.595
           1656         229.595
           1657         229.595
           1658         229.595
           1659         228.618
           1660         228.618
           1661         228.618
           1662         228.618
           1663         228.618
           1664         228.618
           1665         228.618
           1666         228.618
           1667         228.618
           1668         228.618
           1669         227.641
           1670         227.641
           1671         227.641
           1672         227.641
           1673         227.641
           1674         226.664
           1675         226.664
           1676         226.664
           1677         226.664
           1678         226.664
           1679         225.687
           1680         225.687
           1681         225.687
           1682         225.687
           1683         225.687
           1684         224.710
           1685         224.710
           1686         224.710
           1687         224.710
           1688         223.733
           1689         223.733
           1690         223.733
           1691         223.733
           1692         223.733
           1693         223.733
           1694         223.733
           1695         223.733
           1696         223.733
           1697         222.756
           1698         222.756
           1699         222.756
           1700         222.756
           1701         222.756
           1702         222.756
           1703         222.756
           1704         222.756
           1705         222.756
           1706         222.756
           1707         221.779
           1708         221.779
           1709         221.779
           1710         220.802
           1711         220.802
           1712         219.825
           1713         219.825
           1714         219.825
           1715         218.848
           1716         218.848
           1717         218.848
           1718         218.848
           1719         218.848
           1720         218.848
           1721         217.871
           1722         217.871
           1723         217.871
           1724         217.871
           1725         217.871
           1726         217.871
           1727         217.871
           1728         217.871
           1729         217.871
           1730         217.871
           1731         217.871
           1732         216.894
           1733         216.894
           1734         216.894
           1735         216.894
           1736         216.894
           1737         215.917
           1738         215.917
           1739         215.917
           1740         214.940
           1741         214.940
           1742         214.940
           1743         214.940
           1744         213.963
           1745         213.963
           1746         213.963
           1747         213.963
           1748         213.963
           1749         213.963
           1750         213.963
           1751         213.963
           1752         213.963
           1753         213.963
           1754         213.963
           1755         213.963
           1756         213.963
           1757         213.963
           1758         213.963
           1759         212.986
           1760         212.986
           1761         212.986
           1762         212.986
           1763         212.986
           1764         212.009
           1765         212.009
           1766         212.009
           1767         212.009
           1768         212.009
           1769         212.009
           1770         211.032
           1771         211.032
           1772         211.032
           1773         211.032
           1774         211.032
           1775         211.032
           1776         210.055
           1777         210.055
           1778         210.055
           1779         210.055
           1780         210.055
           1781         210.055
           1782         210.055
           1783         209.078
           1784         209.078
           1785         209.078
           1786         209.078
           1787         209.078
           1788         209.078
           1789         208.101
           1790         208.101
           1791         208.101
           1792         208.101
           1793         208.101
           1794         208.101
           1795         207.124
           1796         207.124
           1797         207.124
           1798         207.124
           1799         207.124
           1800         207.124
           1801         206.147
           1802         206.147
           1803         206.147
           1804         206.147
           1805         206.147
           1806         206.147
           1807         205.170
           1808         205.170
           1809         205.170
           1810         205.170
           1811         205.170
           1812         205.170
           1813         204.193
           1814         204.193
           1815         204.193
           1816         204.193
           1817         204.193
           1818         204.193
           1819         203.216
           1820         203.216
           1821         203.216
           1822         203.216
           1823         203.216
           1824         203.216
           1825         203.216
           1826         202.239
           1827         202.239
           1828         202.239
           1829         202.239
           1830         202.239
           1831         202.239
           1832         202.239
           1833         202.239
           1834         201.262
           1835         201.262
           1836         201.262
           1837         201.262
           1838         201.262
           1839         201.262
           1840         201.262
           1841         201.262
           1842         201.262
           1843         200.285
           1844         200.285
           1845         200.285
           1846         199.308
           1847         199.308
           1848         199.308
           1849         199.308
           1850         199.308
           1851         199.308
           1852         199.308
           1853         199.308
           1854         199.308
           1855         199.308
           1856         199.308
           1857         198.331
           1858         198.331
           1859         198.331
           1860         198.331
           1861         198.331
           1862         198.331
           1863         198.331
           1864         198.331
           1865         198.331
           1866         198.331
           1867         198.331
           1868         198.331
           1869         198.331
           1870         197.354
           1871         197.354
           1872         197.354
           1873         197.354
           1874         196.377
           1875         196.377
           1876         196.377
           1877         195.400
           1878         195.400
           1879         195.400
           1880         195.400
           1881         195.400
           1882         195.400
           1883         194.423
           1884         194.423
           1885         194.423
           1886         194.423
           1887         194.423
           1888         194.423
           1889         194.423
           1890         194.423
           1891         194.423
           1892         194.423
           1893         194.423
           1894         193.446
           1895         193.446
           1896         193.446
           1897         193.446
           1898         192.469
           1899         192.469
           1900         192.469
           1901         192.469
           1902         191.492
           1903         191.492
           1904         191.492
           1905         191.492
           1906         191.492
           1907         191.492
           1908         190.515
           1909         190.515
           1910         190.515
           1911         190.515
           1912         190.515
           1913         189.538
           1914         189.538
           1915         189.538
           1916         189.538
           1917         189.538
           1918         188.561
           1919         188.561
           1920         188.561
           1921         188.561
           1922         188.561
           1923         187.584
           1924         187.584
           1925         187.584
           1926         187.584
           1927         187.584
           1928         186.607
           1929         186.607
           1930         186.607
           1931         186.607
           1932         185.630
           1933         185.630
           1934         185.630
           1935         185.630
           1936         184.653
           1937         184.653
           1938         184.653
           1939         184.653
           1940         183.676
           1941         183.676
           1942         183.676
           1943         183.676
           1944         183.676
           1945         183.676
           1946         183.676
           1947         183.676
           1948         183.676
           1949         183.676
           1950         183.676
           1951         183.676
           1952         183.676
           1953         182.699
           1954         182.699
           1955         182.699
           1956         182.699
           1957         182.699
           1958         181.722
           1959         181.722
           1960         181.722
           1961         181.722
           1962         182.699
           1963         181.722
           1964         181.722
           1965         181.722
           1966         181.722
           1967         181.722
           1968         181.722
           1969         181.722
           1970         181.722
           1971         180.745
           1972         180.745
           1973         180.745
           1974         180.745
           1975         180.745
           1976         180.745
           1977         180.745
           1978         180.745
           1979         179.768
           1980         179.768
           1981         179.768
           1982         179.768
           1983         179.768
           1984         179.768
           1985         179.768
           1986         179.768
           1987         179.768
           1988         179.768
           1989         178.791
           1990         178.791
           1991         178.791
           1992         178.791
           1993         178.791
           1994         178.791
           1995         178.791
           1996         178.791
           1997         178.791
           1998         177.814
           1999         177.814
           2000         177.814
           2001         177.814
           2002         177.814
           2003         177.814
           2004         177.814
           2005         177.814
           2006         177.814
           2007         177.814
           2008         176.837
           2009         176.837
           2010         176.837
           2011         176.837
           2012         176.837
           2013         176.837
           2014         176.837
           2015         176.837
           2016         176.837
           2017         176.837
           2018         176.837
           2019         176.837
           2020         176.837
           2021         176.837
           2022         176.837
           2023         176.837
           2024         176.837
           2025         176.837
           2026         176.837
           2027         176.837
           2028         176.837
