TRACENO
              1          98.677
              2          98.677
              3          98.677
              4          98.677
              5          99.654
              6         100.631
              7         101.608
              8         102.585
              9         101.608
             10         100.631
             11         100.631
             12          99.654
             13          98.677
             14          97.700
             15          96.723
             16          95.746
             17          95.746
             18          95.746
             19          95.746
             20          95.746
             21          95.746
             22          95.746
             23          95.746
             24          95.746
             25          95.746
             26          95.746
             27          95.746
             28          95.746
             29          94.769
             30          94.769
             31          94.769
             32          94.769
             33          94.769
             34          94.769
             35          94.769
             36          94.769
             37          94.769
             38          94.769
             39          94.769
             40          94.769
             41          93.792
             42          93.792
             43          93.792
             44          93.792
             45          93.792
             46          93.792
             47          93.792
             48          93.792
             49          93.792
             50          93.792
             51          93.792
             52          93.792
             53          93.792
             54          92.815
             55          92.815
             56          92.815
             57          92.815
             58          92.815
             59          92.815
             60          92.815
             61          92.815
             62          92.815
             63          92.815
             64          92.815
             65          92.815
             66          92.815
             67          91.838
             68          91.838
             69          91.838
             70          91.838
             71          91.838
             72          91.838
             73          91.838
             74          91.838
             75          91.838
             76          91.838
             77          91.838
             78          91.838
             79          90.861
             80          90.861
             81          90.861
             82          90.861
             83          90.861
             84          90.861
             85          90.861
             86          90.861
             87          90.861
             88          90.861
             89          90.861
             90          90.861
             91          90.861
             92          90.861
             93          89.884
             94          89.884
             95          89.884
             96          89.884
             97          89.884
             98          89.884
             99          89.884
            100          89.884
            101          89.884
            102          89.884
            103          89.884
            104          89.884
            105          89.884
            106          89.884
            107          89.884
            108          88.907
            109          88.907
            110          88.907
            111          88.907
            112          88.907
            113          88.907
            114          88.907
            115          88.907
            116          88.907
            117          88.907
            118          88.907
            119          88.907
            120          88.907
            121          88.907
            122          87.930
            123          87.930
            124          87.930
            125          87.930
            126          87.930
            127          87.930
            128          87.930
            129          87.930
            130          87.930
            131          87.930
            132          87.930
            133          87.930
            134          87.930
            135          87.930
            136          87.930
            137          86.953
            138          86.953
            139          86.953
            140          86.953
            141          86.953
            142          86.953
            143          86.953
            144          86.953
            145          86.953
            146          86.953
            147          86.953
            148          86.953
            149          86.953
            150          86.953
            151          86.953
            152          86.953
            153          86.953
            154          86.953
            155          86.953
            156          86.953
            157          85.976
            158          85.976
            159          85.976
            160          85.976
            161          85.976
            162          85.976
            163          85.976
            164          85.976
            165          85.976
            166          85.976
            167          85.976
            168          85.976
            169          85.976
            170          85.976
            171          85.976
            172          85.976
            173          85.976
            174          85.976
            175          85.976
            176          85.976
            177          84.999
            178          84.999
            179          84.999
            180          84.999
            181          84.999
            182          84.999
            183          84.999
            184          84.999
            185          84.999
            186          84.999
            187          84.999
            188          84.999
            189          84.999
            190          84.999
            191          84.999
            192          84.999
            193          84.999
            194          84.999
            195          84.999
            196          84.999
            197          84.999
            198          84.022
            199          84.022
            200          84.022
            201          84.022
            202          84.022
            203          84.022
            204          84.022
            205          84.022
            206          84.022
            207          84.022
            208          84.022
            209          84.022
            210          83.045
            211          83.045
            212          83.045
            213          83.045
            214          83.045
            215          83.045
            216          83.045
            217          83.045
            218          83.045
            219          83.045
            220          83.045
            221          83.045
            222          83.045
            223          82.068
            224          82.068
            225          82.068
            226          82.068
            227          82.068
            228          82.068
            229          82.068
            230          82.068
            231          82.068
            232          82.068
            233          82.068
            234          82.068
            235          81.091
            236          81.091
            237          81.091
            238          81.091
            239          81.091
            240          81.091
            241          81.091
            242          81.091
            243          81.091
            244          81.091
            245          81.091
            246          81.091
            247          80.114
            248          80.114
            249          80.114
            250          80.114
            251          80.114
            252          80.114
            253          80.114
            254          80.114
            255          80.114
            256          80.114
            257          80.114
            258          80.114
            259          80.114
            260          79.137
            261          79.137
            262          79.137
            263          79.137
            264          79.137
            265          79.137
            266          79.137
            267          79.137
            268          79.137
            269          79.137
            270          78.160
            271          78.160
            272          78.160
            273          78.160
            274          78.160
            275          78.160
            276          78.160
            277          78.160
            278          77.183
            279          77.183
            280          77.183
            281          77.183
            282          77.183
            283          77.183
            284          77.183
            285          77.183
            286          77.183
            287          76.206
            288          76.206
            289          76.206
            290          76.206
            291          76.206
            292          76.206
            293          76.206
            294          76.206
            295          76.206
            296          76.206
            297          76.206
            298          75.229
            299          75.229
            300          75.229
            301          75.229
            302          75.229
            303          75.229
            304          75.229
            305          75.229
            306          75.229
            307          75.229
            308          75.229
            309          75.229
            310          75.229
            311          75.229
            312          74.252
            313          74.252
            314          74.252
            315          74.252
            316          74.252
            317          74.252
            318          74.252
            319          74.252
            320          74.252
            321          74.252
            322          74.252
            323          74.252
            324          74.252
            325          74.252
            326          74.252
            327          73.275
            328          73.275
            329          73.275
            330          73.275
            331          73.275
            332          73.275
            333          73.275
            334          73.275
            335          73.275
            336          73.275
            337          73.275
            338          73.275
            339          73.275
            340          73.275
            341          72.298
            342          72.298
            343          72.298
            344          72.298
            345          72.298
            346          72.298
            347          72.298
            348          72.298
            349          72.298
            350          72.298
            351          72.298
            352          72.298
            353          71.321
            354          71.321
            355          71.321
            356          71.321
            357          71.321
            358          71.321
            359          71.321
            360          71.321
            361          71.321
            362          71.321
            363          71.321
            364          70.344
            365          70.344
            366          70.344
            367          70.344
            368          70.344
            369          70.344
            370          70.344
            371          70.344
            372          70.344
            373          70.344
            374          70.344
            375          70.344
            376          70.344
            377          69.367
            378          69.367
            379          69.367
            380          69.367
            381          69.367
            382          69.367
            383          69.367
            384          69.367
            385          69.367
            386          69.367
            387          69.367
            388          69.367
            389          69.367
            390          69.367
            391          69.367
            392          69.367
            393          69.367
            394          68.390
            395          68.390
            396          68.390
            397          68.390
            398          68.390
            399          68.390
            400          68.390
            401          68.390
            402          68.390
            403          68.390
            404          68.390
            405          68.390
            406          68.390
            407          68.390
            408          68.390
            409          68.390
            410          68.390
            411          68.390
            412          68.390
            413          68.390
            414          68.390
            415          68.390
            416          68.390
            417          68.390
            418          68.390
            419          68.390
            420          68.390
            421          68.390
            422          68.390
            423          68.390
            424          68.390
            425          68.390
            426          68.390
            427          68.390
            428          68.390
            429          68.390
            430          67.413
            431          67.413
            432          67.413
            433          67.413
            434          67.413
            435          67.413
            436          67.413
            437          67.413
            438          67.413
            439          67.413
            440          67.413
            441          67.413
            442          67.413
            443          67.413
            444          67.413
            445          67.413
            446          67.413
            447          67.413
            448          66.436
            449          66.436
            450          66.436
            451          66.436
            452          66.436
            453          66.436
            454          66.436
            455          66.436
            456          66.436
            457          66.436
            458          66.436
            459          66.436
            460          66.436
            461          66.436
            462          66.436
            463          66.436
            464          66.436
            465          65.459
            466          65.459
            467          65.459
            468          65.459
            469          65.459
            470          65.459
            471          65.459
            472          65.459
            473          65.459
