TRACENO
              1         188.561
              2         188.561
              3         188.561
              4         188.561
              5         188.561
              6         188.561
              7         188.561
              8         188.561
              9         188.561
             10         188.561
             11         188.561
             12         188.561
             13         188.561
             14         188.561
             15         188.561
             16         188.561
             17         188.561
             18         188.561
             19         188.561
             20         188.561
             21         189.538
             22         189.538
             23         189.538
             24         189.538
             25         189.538
             26         189.538
             27         189.538
             28         189.538
             29         189.538
             30         189.538
             31         189.538
             32         189.538
             33         189.538
             34         189.538
             35         189.538
             36         189.538
             37         189.538
             38         189.538
             39         189.538
             40         189.538
             41         189.538
             42         189.538
             43         189.538
             44         189.538
             45         189.538
             46         188.561
             47         188.561
             48         188.561
             49         188.561
             50         188.561
             51         188.561
             52         188.561
             53         188.561
             54         188.561
             55         188.561
             56         188.561
             57         188.561
             58         188.561
             59         189.538
             60         189.538
             61         189.538
             62         189.538
             63         189.538
             64         189.538
             65         189.538
             66         189.538
             67         189.538
             68         189.538
             69         189.538
             70         189.538
             71         189.538
             72         189.538
             73         189.538
             74         189.538
             75         189.538
             76         189.538
             77         189.538
             78         189.538
             79         189.538
             80         189.538
             81         189.538
             82         189.538
             83         189.538
             84         189.538
             85         189.538
             86         189.538
             87         189.538
             88         189.538
             89         189.538
             90         189.538
             91         189.538
             92         189.538
             93         189.538
             94         189.538
             95         189.538
             96         189.538
             97         189.538
             98         189.538
             99         189.538
            100         189.538
            101         189.538
            102         189.538
            103         189.538
            104         190.515
            105         190.515
            106         190.515
            107         190.515
            108         190.515
            109         190.515
            110         190.515
            111         190.515
            112         190.515
            113         190.515
            114         190.515
            115         190.515
            116         190.515
            117         190.515
            118         190.515
            119         191.492
            120         191.492
            121         191.492
            122         191.492
            123         191.492
            124         191.492
            125         191.492
            126         191.492
            127         191.492
            128         191.492
            129         191.492
            130         192.469
            131         192.469
            132         192.469
            133         192.469
            134         192.469
            135         192.469
            136         192.469
            137         192.469
            138         192.469
            139         192.469
            140         192.469
            141         192.469
            142         193.446
            143         193.446
            144         193.446
            145         193.446
            146         193.446
            147         193.446
            148         193.446
            149         193.446
            150         193.446
            151         193.446
            152         193.446
            153         193.446
            154         193.446
            155         194.423
            156         194.423
            157         194.423
            158         194.423
            159         194.423
            160         194.423
            161         194.423
            162         194.423
            163         194.423
            164         194.423
            165         194.423
            166         195.400
            167         195.400
            168         195.400
            169         195.400
            170         195.400
            171         196.377
            172         195.400
            173         195.400
            174         195.400
            175         194.423
            176         195.400
            177         195.400
            178         195.400
            179         195.400
            180         195.400
            181         195.400
            182         195.400
            183         195.400
            184         195.400
            185         195.400
            186         196.377
            187         196.377
            188         196.377
            189         196.377
            190         196.377
            191         196.377
            192         196.377
            193         196.377
            194         196.377
            195         196.377
            196         196.377
            197         196.377
            198         196.377
            199         196.377
            200         196.377
            201         196.377
            202         196.377
            203         196.377
            204         196.377
            205         196.377
            206         196.377
            207         197.354
            208         197.354
            209         197.354
            210         197.354
            211         197.354
            212         197.354
            213         197.354
            214         197.354
            215         197.354
            216         197.354
            217         197.354
            218         197.354
            219         197.354
            220         197.354
            221         197.354
            222         197.354
            223         197.354
            224         197.354
            225         197.354
            226         197.354
            227         197.354
            228         197.354
            229         197.354
            230         197.354
            231         197.354
            232         197.354
            233         197.354
            234         197.354
            235         197.354
            236         197.354
            237         197.354
            238         197.354
            239         197.354
            240         197.354
            241         197.354
            242         198.331
            243         198.331
            244         198.331
            245         198.331
            246         198.331
            247         198.331
            248         198.331
            249         198.331
            250         199.308
            251         199.308
            252         199.308
            253         199.308
            254         199.308
            255         199.308
            256         199.308
            257         199.308
            258         200.285
            259         200.285
            260         200.285
            261         200.285
            262         200.285
            263         200.285
            264         200.285
            265         200.285
            266         200.285
            267         200.285
            268         201.262
            269         202.239
            270         202.239
            271         202.239
            272         202.239
            273         202.239
            274         202.239
            275         202.239
            276         202.239
            277         202.239
            278         203.216
            279         203.216
            280         203.216
            281         203.216
            282         203.216
            283         204.193
            284         203.216
            285         203.216
            286         203.216
            287         203.216
            288         203.216
            289         203.216
            290         204.193
            291         203.216
            292         203.216
            293         203.216
            294         203.216
            295         204.193
            296         204.193
            297         204.193
            298         204.193
            299         205.170
            300         205.170
            301         205.170
            302         205.170
            303         205.170
            304         205.170
            305         206.147
            306         206.147
            307         206.147
            308         206.147
            309         206.147
            310         206.147
            311         206.147
            312         206.147
            313         206.147
            314         207.124
            315         207.124
            316         207.124
            317         207.124
            318         207.124
            319         207.124
            320         207.124
            321         207.124
            322         207.124
            323         207.124
            324         207.124
            325         207.124
            326         207.124
            327         207.124
            328         207.124
            329         208.101
            330         208.101
            331         208.101
            332         208.101
            333         208.101
            334         208.101
            335         208.101
            336         208.101
            337         208.101
            338         208.101
            339         209.078
            340         209.078
            341         209.078
            342         209.078
            343         209.078
            344         209.078
            345         209.078
            346         210.055
            347         210.055
            348         210.055
            349         210.055
            350         210.055
            351         210.055
            352         210.055
            353         210.055
            354         210.055
            355         210.055
            356         210.055
            357         209.078
            358         209.078
            359         209.078
            360         209.078
            361         209.078
            362         209.078
            363         209.078
            364         209.078
            365         209.078
            366         210.055
            367         210.055
            368         210.055
            369         210.055
            370         210.055
            371         210.055
            372         211.032
            373         211.032
            374         211.032
            375         211.032
            376         211.032
            377         211.032
            378         212.009
            379         212.009
            380         212.009
            381         212.009
            382         212.009
            383         212.009
            384         212.009
            385         212.009
            386         212.009
            387         212.009
            388         212.009
            389         212.009
            390         212.009
            391         212.009
            392         212.009
            393         212.009
            394         212.009
            395         212.009
            396         212.009
            397         212.009
            398         212.009
            399         212.009
            400         212.009
            401         212.009
            402         212.009
            403         212.986
            404         212.986
            405         212.986
            406         212.986
            407         212.986
            408         212.986
            409         212.986
            410         212.986
            411         212.986
            412         212.986
            413         213.963
            414         213.963
            415         213.963
            416         213.963
            417         213.963
            418         214.940
            419         214.940
            420         214.940
            421         214.940
            422         214.940
            423         214.940
            424         214.940
            425         214.940
            426         214.940
            427         214.940
            428         214.940
            429         214.940
            430         214.940
            431         214.940
            432         214.940
            433         214.940
            434         214.940
            435         214.940
            436         214.940
            437         215.917
            438         215.917
            439         215.917
            440         215.917
            441         215.917
            442         215.917
            443         215.917
            444         215.917
            445         215.917
            446         215.917
            447         215.917
            448         215.917
            449         215.917
            450         215.917
            451         215.917
            452         215.917
            453         216.894
            454         216.894
            455         216.894
            456         216.894
            457         216.894
            458         216.894
            459         216.894
            460         217.871
            461         217.871
            462         217.871
            463         217.871
            464         217.871
            465         217.871
            466         217.871
            467         218.848
            468         218.848
            469         218.848
            470         218.848
            471         218.848
            472         218.848
            473         218.848
            474         218.848
            475         218.848
            476         218.848
            477         218.848
            478         218.848
            479         218.848
            480         218.848
            481         218.848
            482         218.848
            483         218.848
            484         218.848
            485         218.848
            486         218.848
            487         218.848
            488         218.848
            489         218.848
            490         218.848
            491         218.848
            492         218.848
            493         219.825
            494         219.825
            495         219.825
            496         219.825
            497         219.825
            498         219.825
            499         219.825
            500         219.825
            501         219.825
            502         219.825
            503         219.825
            504         219.825
            505         219.825
            506         219.825
            507         219.825
            508         219.825
            509         219.825
            510         219.825
            511         219.825
            512         219.825
            513         219.825
            514         219.825
            515         219.825
            516         219.825
            517         219.825
            518         219.825
            519         219.825
            520         219.825
            521         219.825
            522         219.825
            523         219.825
            524         220.802
            525         220.802
            526         220.802
            527         220.802
            528         220.802
            529         220.802
            530         220.802
            531         220.802
            532         220.802
            533         220.802
            534         220.802
            535         220.802
            536         220.802
            537         221.779
            538         221.779
            539         221.779
            540         221.779
            541         221.779
            542         221.779
            543         221.779
            544         221.779
            545         221.779
            546         221.779
            547         221.779
            548         221.779
            549         222.756
            550         222.756
            551         222.756
            552         222.756
            553         222.756
            554         222.756
            555         222.756
            556         222.756
            557         222.756
            558         222.756
            559         222.756
            560         222.756
            561         222.756
            562         222.756
            563         222.756
            564         222.756
            565         222.756
            566         222.756
            567         223.733
            568         223.733
            569         223.733
            570         223.733
            571         223.733
            572         223.733
            573         223.733
            574         223.733
            575         223.733
            576         223.733
            577         223.733
            578         223.733
            579         224.710
            580         224.710
            581         224.710
            582         224.710
            583         224.710
            584         224.710
            585         224.710
            586         224.710
            587         224.710
            588         224.710
            589         224.710
            590         224.710
            591         224.710
            592         224.710
            593         224.710
            594         224.710
            595         224.710
            596         224.710
            597         224.710
            598         224.710
            599         224.710
            600         224.710
            601         224.710
            602         224.710
            603         224.710
            604         224.710
            605         224.710
            606         224.710
            607         225.687
            608         225.687
            609         225.687
            610         225.687
            611         225.687
            612         225.687
            613         225.687
            614         225.687
            615         225.687
            616         225.687
            617         225.687
            618         225.687
            619         225.687
            620         225.687
            621         226.664
            622         226.664
            623         226.664
            624         226.664
            625         226.664
            626         226.664
            627         226.664
            628         226.664
            629         226.664
            630         227.641
            631         227.641
            632         227.641
            633         227.641
            634         227.641
            635         227.641
            636         227.641
            637         227.641
            638         227.641
            639         227.641
            640         227.641
            641         227.641
            642         227.641
            643         227.641
            644         227.641
            645         227.641
            646         227.641
            647         227.641
            648         227.641
            649         227.641
            650         227.641
            651         227.641
            652         228.618
            653         228.618
            654         228.618
            655         228.618
            656         228.618
            657         228.618
            658         228.618
            659         228.618
            660         228.618
            661         228.618
            662         228.618
            663         228.618
            664         228.618
            665         229.595
            666         228.618
            667         228.618
            668         228.618
            669         228.618
            670         227.641
            671         227.641
            672         227.641
            673         227.641
            674         228.618
            675         228.618
            676         228.618
            677         228.618
            678         228.618
            679         228.618
            680         228.618
            681         228.618
            682         228.618
            683         228.618
            684         228.618
            685         228.618
            686         228.618
            687         229.595
            688         229.595
            689         229.595
            690         229.595
            691         229.595
            692         229.595
            693         229.595
            694         229.595
            695         229.595
            696         229.595
            697         229.595
            698         229.595
            699         229.595
            700         229.595
            701         229.595
            702         229.595
            703         229.595
            704         228.618
            705         229.595
            706         229.595
            707         229.595
            708         229.595
            709         229.595
            710         229.595
            711         229.595
            712         229.595
            713         229.595
            714         229.595
            715         229.595
            716         229.595
            717         229.595
            718         229.595
            719         229.595
            720         229.595
            721         229.595
            722         229.595
            723         229.595
            724         229.595
            725         229.595
            726         228.618
            727         228.618
            728         228.618
            729         228.618
            730         228.618
            731         228.618
            732         229.595
            733         229.595
            734         229.595
            735         229.595
            736         229.595
            737         229.595
            738         229.595
            739         229.595
            740         229.595
            741         229.595
            742         229.595
            743         229.595
            744         230.572
            745         230.572
            746         230.572
            747         230.572
            748         230.572
            749         230.572
            750         230.572
            751         230.572
            752         230.572
            753         230.572
            754         230.572
            755         230.572
            756         230.572
            757         230.572
            758         230.572
            759         231.549
            760         231.549
            761         231.549
            762         231.549
            763         231.549
            764         231.549
            765         231.549
            766         231.549
            767         231.549
            768         231.549
            769         231.549
            770         231.549
            771         231.549
            772         231.549
            773         231.549
            774         231.549
            775         232.526
            776         232.526
            777         232.526
            778         232.526
            779         232.526
            780         232.526
            781         232.526
            782         232.526
            783         232.526
            784         232.526
            785         232.526
            786         232.526
            787         232.526
            788         232.526
            789         232.526
            790         232.526
            791         232.526
            792         232.526
            793         232.526
            794         232.526
            795         232.526
            796         232.526
            797         232.526
            798         232.526
            799         232.526
            800         232.526
            801         232.526
            802         232.526
            803         232.526
            804         232.526
            805         232.526
            806         232.526
            807         232.526
            808         232.526
            809         232.526
            810         232.526
            811         232.526
            812         232.526
            813         232.526
            814         231.549
            815         231.549
            816         231.549
            817         231.549
            818         231.549
            819         231.549
            820         231.549
            821         231.549
            822         231.549
            823         231.549
            824         231.549
            825         231.549
            826         231.549
            827         231.549
            828         231.549
            829         232.526
            830         232.526
            831         232.526
            832         232.526
            833         232.526
            834         232.526
            835         232.526
            836         232.526
            837         232.526
            838         232.526
            839         232.526
            840         232.526
            841         232.526
            842         232.526
            843         232.526
            844         232.526
            845         232.526
            846         232.526
            847         232.526
            848         232.526
            849         232.526
            850         232.526
            851         232.526
            852         233.503
            853         233.503
            854         233.503
            855         233.503
            856         233.503
            857         233.503
            858         233.503
            859         233.503
            860         233.503
            861         233.503
            862         233.503
            863         233.503
            864         233.503
            865         233.503
            866         233.503
            867         233.503
            868         233.503
            869         233.503
            870         233.503
            871         233.503
            872         233.503
            873         233.503
            874         233.503
            875         233.503
            876         233.503
            877         233.503
            878         233.503
            879         233.503
            880         233.503
            881         233.503
            882         233.503
            883         234.480
            884         234.480
            885         234.480
            886         234.480
            887         234.480
            888         233.503
            889         233.503
            890         233.503
            891         233.503
            892         233.503
            893         233.503
            894         233.503
            895         233.503
            896         233.503
            897         233.503
            898         233.503
            899         233.503
            900         233.503
            901         233.503
            902         233.503
            903         233.503
            904         233.503
            905         233.503
            906         233.503
            907         233.503
            908         233.503
            909         233.503
            910         233.503
            911         233.503
            912         233.503
            913         233.503
            914         233.503
            915         233.503
            916         234.480
            917         234.480
            918         234.480
            919         234.480
            920         234.480
            921         234.480
            922         234.480
            923         234.480
            924         234.480
            925         234.480
            926         234.480
            927         234.480
            928         234.480
            929         234.480
            930         234.480
            931         234.480
            932         234.480
            933         234.480
            934         234.480
            935         234.480
            936         234.480
            937         234.480
            938         234.480
            939         234.480
            940         234.480
            941         234.480
            942         234.480
            943         234.480
            944         234.480
            945         234.480
            946         234.480
            947         233.503
            948         233.503
            949         233.503
            950         233.503
            951         233.503
            952         233.503
            953         233.503
            954         233.503
            955         233.503
            956         233.503
            957         233.503
            958         233.503
            959         233.503
            960         233.503
            961         233.503
            962         234.480
            963         234.480
            964         234.480
            965         234.480
            966         234.480
            967         234.480
            968         234.480
            969         234.480
            970         234.480
            971         234.480
            972         234.480
            973         234.480
            974         234.480
            975         234.480
            976         234.480
            977         234.480
            978         234.480
            979         234.480
            980         234.480
            981         234.480
            982         234.480
            983         234.480
            984         234.480
            985         234.480
            986         234.480
            987         234.480
            988         234.480
            989         234.480
            990         234.480
            991         233.503
            992         233.503
            993         233.503
            994         233.503
            995         233.503
            996         233.503
            997         233.503
            998         233.503
            999         233.503
           1000         233.503
           1001         234.480
           1002         234.480
           1003         234.480
           1004         234.480
           1005         234.480
           1006         234.480
           1007         233.503
           1008         233.503
           1009         233.503
           1010         233.503
           1011         233.503
           1012         233.503
           1013         233.503
           1014         233.503
           1015         233.503
           1016         233.503
           1017         233.503
           1018         233.503
           1019         233.503
           1020         233.503
           1021         233.503
           1022         233.503
           1023         233.503
           1024         233.503
           1025         233.503
           1026         233.503
           1027         233.503
           1028         232.526
           1029         232.526
           1030         232.526
           1031         232.526
           1032         232.526
           1033         232.526
           1034         232.526
           1035         232.526
           1036         232.526
           1037         232.526
           1038         232.526
           1039         232.526
           1040         232.526
           1041         232.526
           1042         232.526
           1043         232.526
           1044         232.526
           1045         232.526
           1046         232.526
           1047         233.503
           1048         233.503
           1049         233.503
           1050         233.503
           1051         233.503
           1052         233.503
           1053         233.503
           1054         233.503
           1055         233.503
           1056         233.503
           1057         233.503
           1058         233.503
           1059         233.503
           1060         234.480
           1061         234.480
           1062         234.480
           1063         234.480
           1064         234.480
           1065         234.480
           1066         234.480
           1067         234.480
           1068         234.480
           1069         234.480
           1070         234.480
           1071         234.480
           1072         234.480
           1073         234.480
           1074         234.480
