TRACENO
              2         150.458
              3         150.458
              4         150.458
              5         150.458
              6         150.458
              7         150.458
              8         150.458
              9         150.458
             10         150.458
             11         150.458
             12         150.458
             13         150.458
             14         150.458
             15         150.458
             16         150.458
             17         150.458
             18         150.458
             19         150.458
             20         150.458
             21         150.458
             22         150.458
             23         150.458
             24         150.458
             25         150.458
             26         150.458
             27         150.458
             28         150.458
             29         150.458
             30         151.435
             31         151.435
             32         151.435
             33         151.435
             34         151.435
             35         151.435
             36         151.435
             37         151.435
             38         151.435
             39         151.435
             40         151.435
             41         151.435
             42         151.435
             43         151.435
             44         151.435
             45         151.435
             46         151.435
             47         151.435
             48         151.435
             49         151.435
             50         151.435
             51         151.435
             52         151.435
             53         151.435
             54         151.435
             55         151.435
             56         151.435
             57         151.435
             58         151.435
             59         151.435
             60         151.435
             61         151.435
             62         151.435
             63         151.435
             64         151.435
             65         151.435
             66         151.435
             67         151.435
             68         151.435
             69         151.435
             70         151.435
             71         150.458
             72         150.458
             73         150.458
             74         150.458
             75         150.458
             76         150.458
             77         150.458
             78         150.458
             79         150.458
             80         150.458
             81         150.458
             82         150.458
             83         150.458
             84         150.458
             85         150.458
             86         150.458
             87         150.458
             88         150.458
             89         150.458
             90         150.458
             91         150.458
             92         150.458
             93         150.458
             94         150.458
             95         150.458
             96         150.458
             97         150.458
             98         150.458
             99         150.458
            100         150.458
            101         150.458
            102         150.458
            103         150.458
            104         150.458
            105         150.458
            106         150.458
            107         150.458
            108         150.458
            109         150.458
            110         150.458
            111         150.458
            112         150.458
            113         150.458
            114         150.458
            115         150.458
            116         150.458
            117         150.458
            118         150.458
            119         150.458
            120         150.458
            121         150.458
            122         150.458
            123         150.458
            124         150.458
            125         150.458
            126         150.458
            127         150.458
            128         150.458
            129         150.458
            130         150.458
            131         150.458
            132         150.458
            133         150.458
            134         150.458
            135         150.458
            136         150.458
            137         150.458
            138         150.458
            139         150.458
            140         150.458
            141         150.458
            142         150.458
            143         150.458
            144         150.458
            145         150.458
            146         150.458
            147         150.458
            148         150.458
            149         150.458
            150         150.458
            151         150.458
            152         150.458
            153         150.458
            154         150.458
            155         150.458
            156         150.458
            157         150.458
            158         150.458
            159         150.458
            160         150.458
            161         150.458
            162         150.458
            163         150.458
            164         150.458
            165         150.458
            166         150.458
            167         150.458
            168         150.458
            169         150.458
            170         150.458
            171         150.458
            172         150.458
            173         150.458
            174         150.458
            175         150.458
            176         150.458
            177         150.458
            178         150.458
            179         150.458
            180         150.458
            181         150.458
            182         150.458
            183         150.458
            184         150.458
            185         150.458
            186         150.458
            187         150.458
            188         150.458
            189         150.458
            190         150.458
            191         150.458
            192         150.458
            193         150.458
            194         150.458
            195         150.458
            196         150.458
            197         150.458
            198         150.458
            199         150.458
            200         150.458
            201         150.458
            202         150.458
            203         150.458
            204         150.458
            205         150.458
            206         150.458
            207         150.458
            208         150.458
            209         150.458
            210         150.458
            211         150.458
            212         150.458
            213         150.458
            214         150.458
            215         150.458
            216         150.458
            217         150.458
            218         150.458
            219         150.458
            220         150.458
            221         150.458
            222         150.458
            223         150.458
            224         150.458
            225         150.458
            226         150.458
            227         150.458
            228         150.458
            229         150.458
            230         150.458
            231         150.458
            232         150.458
            233         150.458
            234         150.458
            235         150.458
            236         150.458
            237         150.458
            238         150.458
            239         149.481
            240         149.481
            241         150.458
            242         150.458
            243         150.458
            244         150.458
            245         150.458
            246         150.458
            247         150.458
            248         150.458
            249         150.458
            250         150.458
            251         150.458
            252         150.458
            253         150.458
            254         150.458
            255         150.458
            256         150.458
            257         150.458
            258         150.458
            259         150.458
            260         150.458
            261         150.458
            262         150.458
            263         150.458
            264         150.458
            265         150.458
            266         150.458
            267         150.458
            268         150.458
            269         150.458
            270         150.458
            271         150.458
            272         150.458
            273         150.458
            274         150.458
            275         150.458
            276         150.458
            277         150.458
            278         150.458
            279         150.458
            280         150.458
            281         150.458
            282         150.458
            283         150.458
            284         150.458
            285         150.458
            286         150.458
            287         150.458
            288         150.458
            289         150.458
            290         150.458
            291         150.458
            292         150.458
            293         150.458
            294         150.458
            295         150.458
            296         150.458
            297         150.458
            298         150.458
            299         150.458
            300         150.458
            301         150.458
            302         150.458
            303         150.458
            304         150.458
            305         150.458
            306         151.435
            307         151.435
            308         151.435
            309         151.435
            310         151.435
            311         151.435
            312         151.435
            313         151.435
            314         151.435
            315         150.458
            316         150.458
            317         150.458
            318         150.458
            319         150.458
            320         150.458
            321         150.458
            322         150.458
            323         150.458
            324         150.458
            325         150.458
            326         150.458
            327         150.458
            328         150.458
            329         150.458
            330         150.458
            331         150.458
            332         150.458
            333         150.458
            334         151.435
            335         151.435
            336         151.435
            337         151.435
            338         151.435
            339         151.435
            340         151.435
            341         151.435
            342         151.435
            343         151.435
            344         151.435
            345         150.458
            346         150.458
            347         150.458
            348         150.458
            349         150.458
            350         150.458
            351         150.458
            352         150.458
            353         150.458
            354         150.458
            355         150.458
            356         150.458
            357         150.458
            358         150.458
            359         151.435
            360         151.435
            361         151.435
            362         151.435
            363         151.435
            364         151.435
            365         151.435
            366         151.435
            367         151.435
            368         151.435
            369         151.435
            370         151.435
            371         151.435
            372         151.435
            373         151.435
            374         151.435
            375         151.435
            376         151.435
            377         151.435
            378         151.435
            379         151.435
            380         151.435
            381         151.435
            382         151.435
            383         151.435
            384         151.435
            385         151.435
            386         151.435
            387         151.435
            388         151.435
            389         151.435
            390         151.435
            391         151.435
            392         151.435
            393         151.435
            394         151.435
            395         151.435
            396         151.435
            397         151.435
            398         151.435
            399         151.435
            400         151.435
            401         151.435
            402         151.435
            403         151.435
            404         151.435
            405         151.435
            406         151.435
            407         151.435
            408         151.435
            409         151.435
            410         151.435
            411         151.435
            412         150.458
            413         150.458
            414         150.458
            415         150.458
            416         150.458
            417         150.458
            418         150.458
            419         150.458
            420         150.458
            421         150.458
            422         150.458
            423         150.458
            424         150.458
            425         150.458
            426         150.458
            427         150.458
            428         150.458
            429         150.458
            430         150.458
            431         150.458
            432         151.435
            433         151.435
            434         151.435
            435         151.435
            436         151.435
            437         151.435
            438         151.435
            439         151.435
            440         151.435
            441         151.435
            442         151.435
            443         151.435
            444         151.435
            445         151.435
            446         151.435
            447         151.435
            448         151.435
            449         151.435
            450         151.435
            451         151.435
            452         151.435
            453         151.435
            454         151.435
            455         151.435
            456         151.435
            457         151.435
            458         151.435
            459         151.435
            460         151.435
            461         151.435
            462         151.435
            463         151.435
            464         151.435
            465         151.435
            466         151.435
            467         151.435
            468         151.435
            469         151.435
            470         151.435
            471         151.435
            472         151.435
            473         151.435
            474         151.435
            475         151.435
            476         152.412
            477         152.412
            478         152.412
            479         152.412
            480         152.412
            481         152.412
            482         152.412
            483         152.412
            484         152.412
            485         152.412
            486         152.412
            487         152.412
            488         152.412
            489         152.412
            490         152.412
            491         152.412
            492         152.412
            493         152.412
            494         152.412
            495         152.412
            496         152.412
            497         152.412
            498         152.412
            499         152.412
            500         152.412
            501         152.412
            502         152.412
            503         152.412
            504         152.412
            505         152.412
            506         152.412
            507         152.412
            508         152.412
            509         152.412
            510         152.412
            511         152.412
            512         152.412
            513         152.412
            514         152.412
            515         152.412
            516         152.412
            517         152.412
            518         152.412
            519         152.412
            520         152.412
            521         152.412
            522         152.412
            523         152.412
            524         152.412
            525         152.412
            526         152.412
            527         152.412
            528         152.412
            529         152.412
            530         152.412
            531         152.412
            532         152.412
            533         152.412
            534         153.389
            535         153.389
            536         153.389
            537         153.389
            538         152.412
            539         152.412
            540         152.412
            541         152.412
            542         152.412
            543         152.412
            544         152.412
            545         152.412
            546         152.412
            547         152.412
            548         152.412
            549         152.412
            550         152.412
            551         152.412
            552         152.412
            553         152.412
            554         152.412
            555         152.412
            556         152.412
            557         151.435
            558         151.435
            559         151.435
            560         151.435
            561         151.435
            562         151.435
            563         151.435
            564         151.435
            565         151.435
            566         151.435
            567         151.435
            568         151.435
            569         151.435
            570         151.435
            571         151.435
            572         151.435
            573         151.435
            574         151.435
            575         151.435
            576         151.435
            577         151.435
            578         151.435
            579         150.458
            580         150.458
            581         150.458
            582         150.458
            583         150.458
            584         150.458
            585         150.458
            586         150.458
            587         150.458
            588         150.458
            589         150.458
            590         150.458
            591         150.458
            592         150.458
            593         150.458
            594         150.458
            595         150.458
            596         150.458
            597         150.458
            598         150.458
            599         150.458
            600         150.458
            601         150.458
            602         150.458
            603         150.458
            604         150.458
            605         150.458
            606         150.458
            607         150.458
            608         150.458
            609         150.458
            610         150.458
            611         150.458
            612         150.458
            613         150.458
            614         150.458
            615         150.458
            616         150.458
            617         150.458
            618         150.458
            619         150.458
            620         150.458
            621         150.458
            622         150.458
            623         150.458
            624         150.458
            625         150.458
            626         150.458
            627         150.458
            628         150.458
            629         150.458
            630         150.458
            631         150.458
            632         150.458
            633         150.458
            634         150.458
            635         150.458
            636         150.458
            637         150.458
            638         150.458
            639         150.458
            640         150.458
            641         150.458
            642         150.458
            643         150.458
            644         150.458
            645         150.458
            646         150.458
            647         150.458
            648         150.458
            649         150.458
            650         150.458
            651         150.458
            652         150.458
            653         150.458
            654         150.458
            655         150.458
            656         150.458
            657         150.458
            658         150.458
            659         150.458
            660         150.458
            661         150.458
            662         150.458
            663         150.458
            664         150.458
            665         150.458
            666         150.458
            667         150.458
            668         150.458
            669         150.458
            670         151.435
            671         151.435
            672         151.435
            673         151.435
            674         151.435
            675         151.435
            676         151.435
            677         151.435
            678         151.435
            679         151.435
            680         151.435
            681         151.435
            682         151.435
            683         151.435
            684         151.435
            685         151.435
            686         151.435
            687         151.435
            688         151.435
            689         151.435
            690         151.435
            691         151.435
            692         151.435
            693         151.435
            694         151.435
            695         151.435
            696         151.435
            697         151.435
            698         151.435
            699         151.435
            700         151.435
            701         151.435
            702         151.435
            703         151.435
            704         151.435
            705         151.435
            706         151.435
            707         151.435
            708         151.435
            709         151.435
            710         151.435
            711         151.435
            712         151.435
            713         151.435
            714         151.435
            715         151.435
            716         151.435
            717         151.435
            718         151.435
            719         151.435
            720         151.435
            721         151.435
            722         151.435
            723         151.435
            724         151.435
            725         151.435
            726         151.435
            727         151.435
            728         151.435
            729         151.435
            730         151.435
            731         151.435
            732         151.435
            733         151.435
            734         151.435
            735         151.435
            736         150.458
            737         150.458
            738         150.458
            739         150.458
            740         150.458
            741         150.458
            742         150.458
            743         150.458
            744         150.458
            745         150.458
            746         150.458
            747         150.458
            748         150.458
            749         150.458
            750         150.458
            751         150.458
            752         150.458
            753         150.458
            754         150.458
            755         150.458
            756         150.458
            757         150.458
            758         150.458
            759         150.458
            760         150.458
            761         150.458
            762         150.458
            763         150.458
            764         150.458
            765         150.458
            766         150.458
            767         150.458
            768         150.458
            769         150.458
            770         150.458
            771         150.458
            772         150.458
            773         150.458
            774         150.458
            775         150.458
            776         150.458
            777         150.458
            778         150.458
            779         150.458
            780         150.458
            781         150.458
            782         149.481
            783         149.481
            784         149.481
            785         149.481
            786         149.481
            787         149.481
            788         149.481
            789         149.481
            790         149.481
            791         149.481
            792         149.481
            793         149.481
            794         149.481
            795         149.481
            796         149.481
            797         149.481
            798         149.481
            799         149.481
            800         149.481
            801         149.481
            802         149.481
            803         149.481
            804         149.481
            805         149.481
            806         149.481
            807         149.481
            808         149.481
            809         149.481
            810         149.481
            811         149.481
            812         149.481
            813         149.481
            814         149.481
            815         149.481
            816         149.481
            817         149.481
            818         149.481
            819         149.481
            820         149.481
            821         149.481
            822         149.481
            823         149.481
            824         149.481
            825         149.481
            826         149.481
            827         149.481
            828         149.481
            829         149.481
            830         149.481
            831         149.481
            832         149.481
            833         149.481
            834         149.481
            835         149.481
            836         149.481
            837         149.481
            838         149.481
            839         149.481
            840         149.481
            841         149.481
            842         149.481
            843         149.481
            844         149.481
            845         149.481
            846         149.481
            847         149.481
            848         149.481
            849         149.481
            850         149.481
            851         149.481
            852         149.481
            853         149.481
            854         149.481
            855         149.481
            856         149.481
            857         149.481
            858         149.481
            859         149.481
            860         149.481
            861         149.481
            862         149.481
            863         149.481
            864         149.481
            865         149.481
            866         149.481
            867         149.481
            868         149.481
            869         149.481
            870         149.481
            871         149.481
            872         149.481
            873         149.481
            874         149.481
            875         148.504
            876         148.504
            877         148.504
            878         148.504
            879         148.504
            880         148.504
            881         148.504
            882         148.504
            883         148.504
            884         148.504
            885         148.504
            886         148.504
            887         148.504
            888         148.504
            889         148.504
            890         148.504
            891         148.504
            892         148.504
            893         148.504
            894         148.504
            895         148.504
            896         147.527
            897         147.527
            898         147.527
            899         147.527
            900         147.527
            901         147.527
            902         147.527
            903         147.527
            904         147.527
            905         147.527
            906         147.527
            907         147.527
            908         147.527
            909         147.527
            910         147.527
            911         147.527
            912         147.527
            913         147.527
            914         147.527
            915         147.527
            916         147.527
            917         147.527
            918         147.527
            919         147.527
            920         147.527
            921         147.527
            922         147.527
            923         147.527
            924         147.527
            925         147.527
            926         147.527
            927         147.527
            928         147.527
            929         147.527
            930         147.527
            931         146.550
            932         146.550
            933         146.550
            934         146.550
            935         146.550
            936         146.550
            937         146.550
            938         146.550
            939         146.550
            940         146.550
            941         146.550
            942         146.550
            943         146.550
            944         146.550
            945         146.550
            946         146.550
            947         146.550
            948         146.550
            949         146.550
            950         146.550
            951         146.550
            952         146.550
            953         146.550
            954         146.550
            955         146.550
            956         146.550
            957         146.550
            958         146.550
            959         146.550
            960         146.550
            961         146.550
            962         146.550
            963         146.550
            964         146.550
            965         146.550
            966         146.550
            967         146.550
            968         146.550
            969         146.550
            970         146.550
            971         146.550
            972         146.550
            973         146.550
            974         146.550
            975         146.550
            976         146.550
            977         146.550
            978         146.550
            979         146.550
            980         146.550
            981         146.550
            982         146.550
            983         146.550
            984         146.550
            985         146.550
            986         146.550
            987         146.550
            988         146.550
            989         146.550
            990         146.550
            991         146.550
            992         146.550
            993         146.550
            994         146.550
            995         146.550
            996         146.550
            997         146.550
            998         145.573
            999         145.573
           1000         145.573
           1001         145.573
           1002         145.573
           1003         145.573
           1004         145.573
           1005         145.573
           1006         145.573
           1007         145.573
           1008         145.573
           1009         145.573
           1010         145.573
           1011         145.573
           1012         145.573
           1013         145.573
           1014         145.573
           1015         145.573
           1016         145.573
           1017         145.573
           1018         145.573
           1019         145.573
           1020         145.573
           1021         145.573
           1022         145.573
           1023         145.573
           1024         145.573
           1025         145.573
           1026         145.573
           1027         145.573
           1028         145.573
           1029         145.573
           1030         145.573
           1031         145.573
           1032         145.573
           1033         145.573
           1034         144.596
           1035         144.596
           1036         144.596
           1037         144.596
           1038         144.596
           1039         144.596
           1040         143.619
           1041         143.619
           1042         143.619
           1043         143.619
           1044         143.619
           1045         143.619
           1046         143.619
           1047         143.619
           1048         143.619
           1049         143.619
           1050         143.619
           1051         143.619
           1052         143.619
           1053         143.619
           1054         143.619
           1055         143.619
           1056         143.619
           1057         143.619
           1058         143.619
           1059         142.642
           1060         142.642
           1061         142.642
           1062         142.642
           1063         142.642
           1064         142.642
           1065         142.642
           1066         142.642
           1067         142.642
           1068         142.642
           1069         142.642
           1070         142.642
           1071         142.642
           1072         142.642
           1073         142.642
           1074         142.642
           1075         142.642
           1076         142.642
           1077         142.642
           1078         142.642
           1079         142.642
           1080         142.642
           1081         142.642
           1082         142.642
           1083         142.642
           1084         142.642
           1085         142.642
           1086         142.642
           1087         142.642
           1088         142.642
           1089         142.642
           1090         142.642
           1091         142.642
           1092         142.642
           1093         142.642
           1094         142.642
           1095         142.642
           1096         142.642
           1097         142.642
           1098         142.642
           1099         142.642
           1100         142.642
           1101         142.642
           1102         142.642
           1103         142.642
           1104         142.642
           1105         142.642
           1106         142.642
           1107         142.642
           1108         142.642
           1109         142.642
           1110         142.642
           1111         142.642
           1112         142.642
           1113         142.642
           1114         142.642
           1115         141.665
           1116         141.665
           1117         141.665
           1118         141.665
           1119         141.665
           1120         141.665
           1121         141.665
           1122         141.665
           1123         141.665
           1124         141.665
           1125         141.665
           1126         141.665
           1127         141.665
           1128         141.665
           1129         141.665
           1130         141.665
           1131         141.665
           1132         141.665
           1133         141.665
           1134         141.665
           1135         141.665
           1136         141.665
           1137         141.665
           1138         141.665
           1139         141.665
           1140         141.665
           1141         141.665
           1142         141.665
           1143         141.665
           1144         141.665
           1145         141.665
           1146         141.665
           1147         141.665
           1148         141.665
           1149         141.665
           1150         141.665
           1151         141.665
           1152         141.665
           1153         141.665
           1154         141.665
           1155         141.665
           1156         141.665
           1157         141.665
           1158         141.665
           1159         141.665
           1160         141.665
           1161         141.665
           1162         141.665
           1163         141.665
           1164         141.665
           1165         141.665
           1166         141.665
           1167         141.665
           1168         141.665
           1169         141.665
           1170         141.665
           1171         141.665
           1172         141.665
           1173         141.665
           1174         141.665
           1175         141.665
           1176         141.665
           1177         141.665
           1178         141.665
           1179         141.665
           1180         141.665
           1181         141.665
           1182         141.665
           1183         140.688
           1184         140.688
           1185         140.688
           1186         140.688
           1187         140.688
           1188         140.688
           1189         140.688
           1190         140.688
           1191         140.688
           1192         140.688
           1193         140.688
           1194         140.688
           1195         140.688
           1196         140.688
           1197         140.688
           1198         140.688
           1199         140.688
           1200         140.688
           1201         140.688
           1202         140.688
           1203         140.688
           1204         140.688
           1205         140.688
           1206         140.688
           1207         140.688
           1208         140.688
           1209         140.688
           1210         140.688
           1211         140.688
           1212         140.688
           1213         140.688
           1214         140.688
           1215         140.688
           1216         139.711
           1217         139.711
           1218         139.711
           1219         139.711
           1220         139.711
           1221         139.711
           1222         139.711
           1223         139.711
           1224         139.711
           1225         139.711
           1226         139.711
           1227         139.711
           1228         139.711
           1229         139.711
           1230         139.711
           1231         139.711
           1232         139.711
           1233         139.711
           1234         139.711
           1235         139.711
           1236         139.711
           1237         139.711
           1238         139.711
           1239         139.711
           1240         139.711
           1241         139.711
           1242         139.711
           1243         139.711
           1244         139.711
           1245         139.711
           1246         139.711
           1247         139.711
           1248         139.711
           1249         139.711
           1250         139.711
           1251         139.711
           1252         140.688
           1253         140.688
           1254         140.688
           1255         140.688
           1256         140.688
           1257         139.711
           1258         139.711
           1259         139.711
           1260         139.711
           1261         139.711
           1262         139.711
           1263         139.711
           1264         139.711
           1265         139.711
           1266         139.711
           1267         139.711
           1268         139.711
           1269         139.711
           1270         139.711
           1271         139.711
           1272         139.711
           1273         139.711
           1274         139.711
           1275         138.734
           1276         138.734
           1277         138.734
           1278         138.734
           1279         138.734
           1280         138.734
           1281         138.734
           1282         138.734
           1283         138.734
           1284         138.734
           1285         138.734
           1286         138.734
           1287         138.734
           1288         138.734
           1289         138.734
           1290         138.734
           1291         138.734
           1292         138.734
           1293         138.734
           1294         138.734
           1295         137.757
           1296         137.757
           1297         137.757
           1298         137.757
           1299         137.757
           1300         137.757
           1301         137.757
           1302         137.757
           1303         137.757
           1304         137.757
           1305         137.757
           1306         137.757
           1307         137.757
           1308         137.757
           1309         137.757
           1310         137.757
           1311         137.757
           1312         137.757
           1313         137.757
           1314         137.757
           1315         137.757
           1316         137.757
           1317         137.757
           1318         137.757
           1319         137.757
           1320         137.757
           1321         137.757
           1322         137.757
           1323         137.757
           1324         137.757
           1325         137.757
           1326         137.757
           1327         137.757
           1328         137.757
           1329         137.757
           1330         137.757
           1331         137.757
           1332         137.757
           1333         137.757
           1334         137.757
           1335         137.757
           1336         137.757
           1337         137.757
           1338         137.757
           1339         137.757
           1340         137.757
           1341         137.757
           1342         137.757
           1343         137.757
           1344         137.757
           1345         137.757
           1346         137.757
           1347         137.757
           1348         137.757
           1349         137.757
           1350         137.757
           1351         137.757
           1352         137.757
           1353         138.734
           1354         138.734
           1355         138.734
           1356         138.734
           1357         137.757
           1358         137.757
           1359         137.757
           1360         137.757
           1361         137.757
           1362         137.757
           1363         137.757
           1364         137.757
           1365         137.757
           1366         137.757
           1367         137.757
           1368         137.757
           1369         137.757
           1370         137.757
           1371         137.757
           1372         137.757
           1373         137.757
           1374         137.757
           1375         137.757
           1376         137.757
           1377         137.757
           1378         137.757
           1379         137.757
           1380         137.757
           1381         137.757
           1382         137.757
           1383         137.757
           1384         137.757
           1385         137.757
           1386         137.757
           1387         137.757
           1388         137.757
           1389         137.757
           1390         137.757
           1391         137.757
           1392         137.757
           1393         137.757
           1394         137.757
           1395         137.757
           1396         137.757
           1397         137.757
           1398         137.757
           1399         137.757
           1400         137.757
           1401         137.757
           1402         136.780
           1403         136.780
           1404         136.780
           1405         136.780
           1406         136.780
           1407         136.780
           1408         136.780
           1409         136.780
           1410         136.780
           1411         136.780
           1412         136.780
           1413         136.780
           1414         136.780
           1415         137.757
           1416         137.757
           1417         137.757
           1418         137.757
           1419         137.757
           1420         137.757
           1421         138.734
           1422         138.734
           1423         138.734
           1424         138.734
           1425         138.734
           1426         138.734
           1427         138.734
           1428         138.734
           1429         138.734
           1430         138.734
           1431         138.734
           1432         138.734
           1433         138.734
           1434         138.734
           1435         138.734
           1436         138.734
           1437         137.757
           1438         137.757
           1439         137.757
           1440         137.757
           1441         137.757
           1442         137.757
           1443         137.757
           1444         137.757
           1445         137.757
           1446         137.757
           1447         137.757
           1448         137.757
           1449         137.757
           1450         137.757
           1451         137.757
           1452         137.757
           1453         137.757
           1454         137.757
           1455         137.757
           1456         137.757
           1457         137.757
           1458         137.757
           1459         137.757
           1460         137.757
           1461         137.757
           1462         137.757
           1463         137.757
           1464         137.757
           1465         137.757
           1466         137.757
           1467         137.757
           1468         137.757
           1469         137.757
           1470         137.757
           1471         137.757
           1472         137.757
           1473         137.757
           1474         137.757
           1475         137.757
           1476         137.757
           1477         137.757
           1478         137.757
           1479         137.757
           1480         137.757
           1481         137.757
           1482         136.780
           1483         136.780
           1484         136.780
           1485         136.780
           1486         136.780
           1487         136.780
           1488         136.780
           1489         136.780
           1490         136.780
           1491         136.780
           1492         136.780
           1493         136.780
           1494         136.780
           1495         136.780
           1496         136.780
           1497         136.780
           1498         136.780
           1499         136.780
           1500         136.780
           1501         136.780
           1502         136.780
           1503         136.780
           1504         136.780
           1505         136.780
           1506         136.780
           1507         136.780
           1508         136.780
           1509         136.780
           1510         136.780
           1511         136.780
           1512         136.780
           1513         136.780
           1514         136.780
           1515         136.780
           1516         137.757
           1517         137.757
           1518         137.757
           1519         137.757
           1520         137.757
           1521         137.757
           1522         137.757
           1523         137.757
           1524         137.757
           1525         137.757
           1526         137.757
           1527         137.757
           1528         137.757
           1529         137.757
           1530         137.757
           1531         137.757
           1532         137.757
           1533         137.757
           1534         137.757
           1535         137.757
           1536         137.757
           1537         137.757
           1538         137.757
           1539         138.734
           1540         138.734
           1541         137.757
           1542         137.757
           1543         137.757
           1544         137.757
           1545         137.757
           1546         137.757
           1547         137.757
           1548         137.757
           1549         137.757
           1550         137.757
           1551         137.757
           1552         137.757
           1553         137.757
           1554         137.757
           1555         137.757
           1556         137.757
           1557         137.757
           1558         137.757
           1559         137.757
           1560         137.757
           1561         137.757
           1562         137.757
           1563         137.757
           1564         137.757
           1565         137.757
           1566         137.757
           1567         137.757
           1568         137.757
           1569         137.757
           1570         137.757
           1571         137.757
           1572         137.757
           1573         137.757
           1574         137.757
           1575         137.757
           1576         137.757
           1577         137.757
           1578         137.757
           1579         137.757
           1580         137.757
           1581         137.757
           1582         137.757
           1583         137.757
           1584         137.757
           1585         137.757
           1586         137.757
           1587         137.757
           1588         137.757
           1589         137.757
           1590         137.757
           1591         137.757
           1592         137.757
           1593         137.757
           1594         137.757
           1595         137.757
           1596         137.757
           1597         137.757
           1598         137.757
           1599         137.757
           1600         137.757
           1601         137.757
           1602         137.757
           1603         137.757
           1604         137.757
           1605         137.757
           1606         137.757
           1607         137.757
           1608         137.757
           1609         137.757
           1610         137.757
           1611         137.757
           1612         137.757
           1613         137.757
           1614         137.757
           1615         137.757
           1616         137.757
           1617         137.757
           1618         137.757
           1619         137.757
           1620         137.757
           1621         137.757
           1622         137.757
           1623         137.757
           1624         137.757
           1625         137.757
           1626         137.757
           1627         137.757
           1628         137.757
           1629         137.757
           1630         137.757
           1631         137.757
           1632         137.757
           1633         137.757
           1634         138.734
           1635         138.734
           1636         138.734
           1637         138.734
           1638         138.734
           1639         138.734
           1640         138.734
           1641         138.734
           1642         138.734
           1643         138.734
           1644         138.734
           1645         138.734
           1646         138.734
           1647         138.734
           1648         138.734
           1649         138.734
           1650         138.734
           1651         138.734
           1652         138.734
           1653         138.734
           1654         138.734
           1655         138.734
           1656         138.734
           1657         138.734
           1658         138.734
           1659         138.734
           1660         138.734
           1661         138.734
           1662         138.734
           1663         138.734
           1664         138.734
           1665         138.734
