TRACENO
              1         158.274
              2         159.251
              3         159.251
              4         159.251
              5         159.251
              6         159.251
              7         159.251
              8         159.251
              9         159.251
             10         159.251
             11         159.251
             12         160.228
             13         160.228
             14         160.228
             15         160.228
             16         160.228
             17         160.228
             18         160.228
             19         160.228
             20         160.228
             21         160.228
             22         160.228
             23         161.205
             24         161.205
             25         161.205
             26         161.205
             27         161.205
             28         161.205
             29         161.205
             30         161.205
             31         161.205
             32         161.205
             33         162.182
             34         162.182
             35         162.182
             36         162.182
             37         162.182
             38         162.182
             39         162.182
             40         162.182
             41         162.182
             42         163.159
             43         163.159
             44         163.159
             45         163.159
             46         163.159
             47         163.159
             48         163.159
             49         163.159
             50         164.136
             51         165.113
             52         165.113
             53         165.113
             54         165.113
             55         165.113
             56         165.113
             57         165.113
             58         166.090
             59         166.090
             60         166.090
             61         166.090
             62         166.090
             63         166.090
             64         167.067
             65         167.067
             66         167.067
             67         167.067
             68         167.067
             69         167.067
             70         168.044
             71         168.044
             72         168.044
             73         168.044
             74         168.044
             75         169.021
             76         169.021
             77         169.021
             78         169.021
             79         169.021
             80         169.998
             81         169.998
             82         169.998
             83         169.998
             84         169.998
             85         170.975
             86         170.975
             87         170.975
             88         170.975
             89         171.952
             90         171.952
             91         171.952
             92         171.952
             93         172.929
             94         172.929
             95         172.929
             96         172.929
             97         172.929
             98         172.929
             99         173.906
            100         173.906
            101         173.906
            102         173.906
            103         173.906
            104         173.906
            105         173.906
            106         173.906
            107         174.883
            108         174.883
            109         174.883
            110         174.883
            111         174.883
            112         174.883
            113         174.883
            114         174.883
            115         175.860
            116         175.860
            117         175.860
            118         175.860
            119         175.860
            120         175.860
            121         175.860
            122         175.860
            123         175.860
            124         175.860
            125         175.860
            126         176.837
            127         177.814
            128         177.814
            129         177.814
            130         177.814
            131         177.814
            132         177.814
            133         177.814
            134         177.814
            135         177.814
            136         177.814
            137         177.814
            138         177.814
            139         178.791
            140         178.791
            141         178.791
            142         178.791
            143         178.791
            144         179.768
            145         179.768
            146         179.768
            147         179.768
            148         179.768
            149         179.768
            150         179.768
            151         180.745
            152         180.745
            153         180.745
            154         180.745
            155         180.745
            156         180.745
            157         180.745
            158         181.722
            159         181.722
            160         181.722
            161         181.722
            162         181.722
            163         181.722
            164         181.722
            165         181.722
            166         181.722
            167         181.722
            168         182.699
            169         182.699
            170         182.699
            171         183.676
            172         183.676
            173         183.676
            174         183.676
            175         183.676
            176         183.676
            177         183.676
            178         183.676
            179         183.676
            180         183.676
            181         183.676
            182         183.676
            183         183.676
            184         183.676
            185         183.676
            186         183.676
            187         183.676
            188         183.676
            189         183.676
            190         183.676
            191         183.676
            192         183.676
            193         182.699
            194         182.699
            195         183.676
            196         183.676
            197         183.676
            198         183.676
            199         183.676
            200         183.676
            201         184.653
            202         184.653
            203         184.653
            204         184.653
            205         184.653
            206         184.653
            207         185.630
            208         185.630
            209         185.630
            210         185.630
            211         185.630
            212         185.630
            213         185.630
            214         185.630
            215         186.607
            216         186.607
            217         186.607
            218         186.607
            219         186.607
            220         186.607
            221         186.607
            222         186.607
            223         186.607
            224         187.584
            225         187.584
            226         187.584
            227         187.584
            228         187.584
            229         187.584
            230         187.584
            231         187.584
            232         188.561
            233         188.561
            234         188.561
            235         188.561
            236         188.561
            237         188.561
            238         188.561
            239         188.561
            240         188.561
            241         189.538
            242         189.538
            243         189.538
            244         189.538
            245         189.538
            246         189.538
            247         189.538
            248         190.515
            249         190.515
            250         190.515
            251         190.515
            252         190.515
            253         191.492
            254         191.492
            255         191.492
            256         191.492
            257         191.492
            258         191.492
            259         191.492
            260         192.469
            261         192.469
            262         192.469
            263         192.469
            264         192.469
            265         192.469
            266         192.469
            267         193.446
            268         193.446
            269         193.446
            270         193.446
            271         193.446
            272         194.423
            273         194.423
            274         194.423
            275         194.423
            276         194.423
            277         195.400
            278         195.400
            279         195.400
            280         195.400
            281         195.400
            282         195.400
            283         195.400
            284         195.400
            285         195.400
            286         195.400
            287         195.400
            288         196.377
            289         196.377
            290         196.377
            291         196.377
            292         196.377
            293         196.377
            294         196.377
            295         196.377
            296         196.377
            297         196.377
            298         197.354
            299         197.354
            300         197.354
            301         197.354
            302         197.354
            303         197.354
            304         198.331
            305         198.331
            306         198.331
            307         198.331
            308         198.331
            309         198.331
            310         198.331
            311         198.331
            312         198.331
            313         198.331
            314         198.331
            315         199.308
            316         199.308
            317         199.308
            318         199.308
            319         199.308
            320         199.308
            321         200.285
            322         200.285
            323         200.285
            324         200.285
            325         200.285
            326         200.285
            327         201.262
            328         201.262
            329         201.262
            330         201.262
            331         201.262
            332         201.262
            333         202.239
            334         202.239
            335         202.239
            336         202.239
            337         202.239
            338         202.239
            339         202.239
            340         202.239
            341         202.239
            342         202.239
            343         202.239
            344         202.239
            345         202.239
            346         202.239
            347         202.239
            348         202.239
            349         202.239
            350         202.239
            351         202.239
            352         202.239
            353         202.239
            354         202.239
            355         202.239
            356         202.239
            357         202.239
            358         202.239
            359         202.239
            360         202.239
            361         202.239
            362         202.239
            363         202.239
            364         202.239
            365         202.239
            366         202.239
            367         202.239
            368         202.239
            369         203.216
            370         203.216
            371         203.216
            372         203.216
            373         203.216
            374         203.216
            375         203.216
            376         203.216
            377         203.216
            378         203.216
            379         203.216
            380         203.216
            381         203.216
            382         203.216
