TRACENO
              2         184.653
              3         184.653
              4         184.653
              5         184.653
              6         184.653
              7         184.653
              8         184.653
              9         184.653
             10         184.653
             11         184.653
             12         184.653
             13         184.653
             14         184.653
             15         184.653
             16         184.653
             17         184.653
             18         184.653
             19         184.653
             20         184.653
             21         184.653
             22         184.653
             23         184.653
             24         184.653
             25         184.653
             26         184.653
             27         184.653
             28         184.653
             29         184.653
             30         184.653
             31         184.653
             32         184.653
             33         184.653
             34         184.653
             35         184.653
             36         184.653
             37         184.653
             38         184.653
             39         184.653
             40         184.653
             41         184.653
             42         184.653
             43         184.653
             44         184.653
             45         184.653
             46         184.653
             47         184.653
             48         184.653
             49         184.653
             50         184.653
             51         184.653
             52         184.653
             53         184.653
             54         184.653
             55         184.653
             56         184.653
             57         184.653
             58         184.653
             59         184.653
             60         184.653
             61         184.653
             62         184.653
             63         184.653
             64         183.676
             65         183.676
             66         183.676
             67         183.676
             68         183.676
             69         183.676
             70         183.676
             71         183.676
             72         183.676
             73         183.676
             74         183.676
             75         183.676
             76         183.676
             77         183.676
             78         183.676
             79         183.676
             80         183.676
             81         183.676
             82         183.676
             83         183.676
             84         183.676
             85         183.676
             86         183.676
             87         183.676
             88         183.676
             89         183.676
             90         183.676
             91         183.676
             92         183.676
             93         183.676
             94         183.676
             95         183.676
             96         183.676
             97         183.676
             98         183.676
             99         183.676
            100         183.676
            101         183.676
            102         183.676
            103         183.676
            104         183.676
            105         183.676
            106         183.676
            107         183.676
            108         183.676
            109         183.676
            110         183.676
            111         183.676
            112         183.676
            113         183.676
            114         183.676
            115         183.676
            116         183.676
            117         183.676
            118         183.676
            119         183.676
            120         183.676
            121         183.676
            122         183.676
            123         183.676
            124         183.676
            125         183.676
            126         183.676
            127         183.676
            128         183.676
            129         183.676
            130         183.676
            131         183.676
            132         183.676
            133         183.676
            134         183.676
            135         183.676
            136         183.676
            137         183.676
            138         183.676
            139         183.676
            140         183.676
            141         183.676
            142         183.676
            143         183.676
            144         183.676
            145         183.676
            146         183.676
            147         183.676
            148         183.676
            149         183.676
            150         183.676
            151         183.676
            152         183.676
            153         183.676
            154         183.676
            155         183.676
            156         183.676
            157         183.676
            158         183.676
            159         183.676
            160         183.676
            161         183.676
            162         183.676
            163         183.676
            164         183.676
            165         183.676
            166         183.676
            167         183.676
            168         183.676
            169         183.676
            170         183.676
            171         183.676
            172         183.676
            173         183.676
            174         183.676
            175         183.676
            176         183.676
            177         183.676
            178         183.676
            179         183.676
            180         183.676
            181         183.676
            182         183.676
            183         183.676
            184         183.676
            185         183.676
            186         183.676
            187         183.676
            188         183.676
            189         183.676
            190         183.676
            191         183.676
            192         183.676
            193         183.676
            194         183.676
            195         183.676
            196         183.676
            197         183.676
            198         183.676
            199         183.676
            200         183.676
            201         183.676
            202         183.676
            203         183.676
            204         183.676
            205         183.676
            206         183.676
            207         183.676
            208         183.676
            209         183.676
            210         183.676
            211         183.676
            212         183.676
            213         183.676
            214         183.676
            215         183.676
            216         183.676
            217         183.676
            218         183.676
            219         183.676
            220         183.676
            221         183.676
            222         183.676
            223         183.676
            224         184.653
            225         184.653
            226         184.653
            227         184.653
            228         184.653
            229         184.653
            230         184.653
            231         184.653
            232         184.653
            233         184.653
            234         184.653
            235         184.653
            236         184.653
            237         184.653
            238         184.653
            239         184.653
            240         184.653
            241         184.653
            242         184.653
            243         184.653
            244         184.653
            245         184.653
            246         184.653
            247         184.653
            248         184.653
            249         184.653
            250         184.653
            251         184.653
            252         184.653
            253         184.653
            254         184.653
            255         184.653
            256         184.653
            257         184.653
            258         184.653
            259         184.653
            260         184.653
            261         184.653
            262         184.653
            263         184.653
            264         184.653
            265         184.653
            266         184.653
            267         184.653
            268         184.653
            269         184.653
            270         184.653
            271         184.653
            272         184.653
            273         184.653
            274         184.653
            275         184.653
            276         184.653
            277         184.653
            278         184.653
            279         184.653
            280         184.653
            281         184.653
            282         184.653
            283         184.653
            284         184.653
            285         184.653
            286         184.653
            287         184.653
            288         184.653
            289         184.653
            290         184.653
            291         184.653
            292         184.653
            293         184.653
            294         184.653
            295         184.653
            296         184.653
            297         184.653
            298         184.653
            299         184.653
            300         184.653
            301         184.653
            302         184.653
            303         184.653
            304         184.653
            305         185.630
            306         185.630
            307         185.630
            308         185.630
            309         185.630
            310         185.630
            311         185.630
            312         185.630
            313         185.630
            314         185.630
            315         185.630
            316         185.630
            317         185.630
            318         185.630
            319         185.630
            320         185.630
            321         185.630
            322         185.630
            323         185.630
            324         185.630
            325         185.630
            326         185.630
            327         185.630
            328         185.630
            329         185.630
            330         185.630
            331         185.630
            332         185.630
            333         185.630
            334         185.630
            335         185.630
            336         185.630
            337         185.630
            338         185.630
            339         185.630
            340         185.630
            341         185.630
            342         185.630
            343         185.630
            344         185.630
            345         185.630
            346         185.630
            347         185.630
            348         185.630
            349         185.630
            350         185.630
            351         185.630
            352         185.630
            353         185.630
            354         185.630
            355         185.630
            356         185.630
            357         186.607
            358         186.607
            359         186.607
            360         186.607
            361         186.607
            362         186.607
            363         186.607
            364         186.607
            365         186.607
            366         186.607
            367         186.607
            368         186.607
            369         186.607
            370         186.607
            371         186.607
            372         186.607
            373         186.607
            374         186.607
            375         186.607
            376         186.607
            377         186.607
            378         186.607
            379         186.607
            380         186.607
            381         186.607
            382         186.607
            383         186.607
            384         186.607
            385         186.607
            386         186.607
            387         186.607
            388         187.584
            389         187.584
            390         187.584
            391         187.584
            392         187.584
            393         188.561
            394         188.561
            395         188.561
            396         188.561
            397         188.561
            398         188.561
            399         188.561
            400         188.561
            401         188.561
            402         188.561
            403         188.561
            404         188.561
            405         188.561
            406         188.561
            407         188.561
            408         188.561
            409         188.561
            410         188.561
            411         188.561
            412         188.561
            413         188.561
            414         188.561
            415         188.561
            416         188.561
            417         188.561
            418         188.561
            419         188.561
            420         188.561
            421         188.561
            422         188.561
            423         188.561
            424         188.561
            425         188.561
            426         188.561
            427         189.538
            428         189.538
            429         189.538
            430         189.538
            431         189.538
            432         189.538
            433         189.538
            434         189.538
            435         189.538
            436         189.538
            437         189.538
            438         189.538
            439         189.538
            440         189.538
            441         189.538
            442         189.538
            443         189.538
            444         189.538
            445         189.538
            446         189.538
            447         189.538
            448         189.538
            449         190.515
            450         190.515
            451         190.515
            452         190.515
            453         190.515
            454         190.515
            455         190.515
            456         190.515
            457         190.515
            458         190.515
            459         190.515
            460         190.515
            461         190.515
            462         190.515
            463         190.515
            464         190.515
            465         190.515
            466         190.515
            467         190.515
            468         190.515
            469         190.515
            470         190.515
            471         190.515
            472         190.515
            473         190.515
            474         190.515
            475         190.515
            476         190.515
            477         190.515
            478         190.515
            479         190.515
            480         190.515
            481         190.515
            482         190.515
            483         190.515
            484         190.515
            485         190.515
            486         191.492
            487         191.492
            488         191.492
            489         191.492
            490         191.492
            491         191.492
            492         191.492
            493         191.492
            494         191.492
            495         191.492
            496         191.492
            497         191.492
            498         191.492
            499         191.492
            500         191.492
            501         191.492
            502         191.492
            503         191.492
            504         191.492
            505         191.492
            506         191.492
            507         191.492
            508         191.492
            509         191.492
            510         191.492
            511         191.492
            512         191.492
            513         191.492
            514         191.492
            515         191.492
            516         191.492
            517         191.492
            518         191.492
            519         191.492
            520         191.492
            521         191.492
            522         191.492
            523         191.492
            524         191.492
            525         191.492
            526         191.492
            527         191.492
            528         191.492
            529         191.492
            530         191.492
            531         191.492
            532         191.492
            533         191.492
            534         192.469
            535         192.469
            536         192.469
            537         192.469
            538         192.469
            539         192.469
            540         192.469
            541         192.469
            542         192.469
            543         192.469
            544         192.469
            545         192.469
            546         192.469
            547         192.469
            548         192.469
            549         192.469
            550         192.469
            551         192.469
            552         192.469
            553         192.469
            554         192.469
            555         192.469
            556         192.469
            557         192.469
            558         192.469
            559         192.469
            560         192.469
            561         192.469
            562         192.469
            563         192.469
            564         192.469
            565         192.469
            566         192.469
            567         192.469
            568         192.469
            569         192.469
            570         192.469
            571         192.469
            572         192.469
            573         192.469
            574         192.469
            575         192.469
            576         192.469
            577         192.469
            578         192.469
            579         192.469
            580         192.469
            581         192.469
            582         192.469
            583         192.469
            584         192.469
            585         192.469
            586         192.469
            587         192.469
            588         192.469
            589         192.469
            590         192.469
            591         192.469
            592         192.469
            593         192.469
            594         192.469
            595         192.469
            596         192.469
            597         192.469
            598         192.469
            599         192.469
            600         192.469
            601         192.469
            602         192.469
            603         192.469
            604         192.469
            605         192.469
            606         192.469
            607         192.469
            608         192.469
            609         192.469
            610         192.469
            611         192.469
            612         192.469
            613         192.469
            614         192.469
            615         192.469
            616         192.469
            617         192.469
            618         192.469
            619         193.446
            620         193.446
            621         193.446
            622         193.446
            623         193.446
            624         193.446
            625         193.446
            626         193.446
            627         193.446
            628         193.446
            629         193.446
            630         193.446
            631         193.446
            632         194.423
            633         194.423
            634         194.423
            635         194.423
            636         194.423
            637         194.423
            638         194.423
            639         194.423
            640         194.423
            641         194.423
            642         194.423
            643         194.423
            644         194.423
            645         194.423
            646         194.423
            647         194.423
            648         194.423
            649         194.423
            650         194.423
            651         194.423
            652         194.423
            653         194.423
            654         194.423
            655         194.423
            656         194.423
            657         194.423
            658         194.423
            659         194.423
            660         194.423
            661         194.423
            662         194.423
            663         194.423
            664         194.423
            665         194.423
            666         194.423
            667         194.423
            668         194.423
            669         194.423
            670         194.423
            671         194.423
            672         194.423
            673         194.423
            674         194.423
            675         194.423
            676         194.423
            677         194.423
            678         194.423
            679         194.423
            680         194.423
            681         194.423
            682         194.423
            683         194.423
            684         194.423
            685         194.423
            686         194.423
            687         194.423
            688         195.400
            689         195.400
            690         195.400
            691         195.400
            692         195.400
            693         195.400
            694         195.400
            695         195.400
            696         195.400
            697         195.400
            698         195.400
            699         195.400
            700         195.400
            701         195.400
            702         195.400
            703         195.400
            704         195.400
            705         195.400
            706         195.400
            707         195.400
            708         195.400
            709         195.400
            710         195.400
            711         195.400
            712         195.400
            713         195.400
            714         195.400
            715         195.400
            716         195.400
            717         195.400
            718         195.400
            719         195.400
            720         195.400
            721         195.400
            722         195.400
            723         196.377
            724         196.377
            725         196.377
            726         196.377
            727         196.377
            728         196.377
            729         196.377
            730         196.377
            731         196.377
            732         196.377
            733         196.377
            734         196.377
            735         196.377
            736         196.377
            737         196.377
            738         196.377
            739         196.377
            740         196.377
            741         196.377
            742         196.377
            743         196.377
            744         196.377
            745         196.377
            746         196.377
            747         196.377
            748         196.377
            749         196.377
            750         196.377
            751         196.377
            752         196.377
            753         196.377
            754         196.377
            755         196.377
            756         196.377
            757         196.377
            758         196.377
            759         196.377
            760         196.377
            761         196.377
            762         196.377
            763         196.377
            764         197.354
            765         197.354
            766         197.354
            767         197.354
            768         197.354
            769         197.354
            770         197.354
            771         197.354
            772         197.354
            773         197.354
            774         197.354
            775         197.354
            776         197.354
            777         197.354
            778         197.354
            779         197.354
            780         197.354
            781         197.354
            782         197.354
            783         197.354
            784         197.354
            785         197.354
            786         197.354
            787         197.354
            788         197.354
            789         197.354
            790         197.354
            791         197.354
            792         197.354
            793         197.354
            794         197.354
            795         197.354
            796         197.354
            797         197.354
            798         197.354
            799         197.354
            800         197.354
            801         197.354
            802         197.354
            803         197.354
            804         197.354
            805         197.354
            806         197.354
            807         198.331
            808         198.331
            809         197.354
            810         197.354
            811         197.354
            812         197.354
            813         197.354
            814         197.354
            815         197.354
            816         197.354
            817         197.354
            818         197.354
            819         197.354
            820         197.354
            821         197.354
            822         197.354
            823         197.354
            824         197.354
            825         197.354
            826         197.354
            827         197.354
            828         197.354
            829         197.354
            830         197.354
            831         197.354
            832         198.331
            833         198.331
            834         198.331
            835         198.331
            836         198.331
            837         198.331
            838         198.331
            839         198.331
            840         198.331
            841         198.331
            842         198.331
            843         198.331
            844         198.331
            845         198.331
            846         198.331
            847         198.331
            848         198.331
            849         198.331
            850         198.331
            851         198.331
            852         198.331
            853         198.331
            854         198.331
            855         198.331
            856         198.331
            857         198.331
            858         198.331
            859         198.331
            860         198.331
            861         198.331
            862         198.331
            863         198.331
            864         198.331
            865         198.331
            866         198.331
            867         198.331
            868         199.308
            869         199.308
            870         199.308
            871         199.308
            872         199.308
            873         199.308
            874         199.308
            875         199.308
            876         199.308
            877         199.308
            878         199.308
            879         199.308
            880         199.308
            881         199.308
            882         199.308
            883         199.308
            884         199.308
            885         199.308
            886         199.308
            887         199.308
            888         199.308
            889         199.308
            890         199.308
            891         199.308
            892         199.308
            893         199.308
            894         199.308
            895         199.308
            896         199.308
            897         199.308
            898         199.308
            899         199.308
            900         199.308
            901         199.308
            902         199.308
            903         199.308
            904         199.308
            905         199.308
            906         199.308
            907         199.308
            908         199.308
            909         199.308
            910         199.308
            911         199.308
            912         199.308
            913         199.308
            914         199.308
            915         199.308
            916         199.308
            917         199.308
            918         199.308
            919         199.308
            920         199.308
            921         199.308
            922         199.308
            923         199.308
            924         199.308
            925         199.308
            926         199.308
            927         199.308
            928         199.308
            929         199.308
            930         199.308
            931         199.308
            932         199.308
            933         199.308
            934         199.308
            935         200.285
            936         200.285
            937         200.285
            938         200.285
            939         200.285
            940         200.285
            941         200.285
            942         200.285
            943         200.285
            944         200.285
            945         200.285
            946         200.285
            947         200.285
            948         200.285
            949         200.285
            950         200.285
            951         200.285
            952         200.285
            953         200.285
            954         200.285
            955         200.285
            956         200.285
            957         200.285
            958         200.285
            959         200.285
            960         200.285
            961         200.285
            962         200.285
            963         200.285
            964         200.285
            965         200.285
            966         200.285
            967         200.285
            968         200.285
            969         200.285
            970         200.285
            971         200.285
            972         200.285
            973         200.285
            974         200.285
            975         200.285
            976         200.285
            977         200.285
            978         200.285
            979         200.285
            980         200.285
            981         200.285
            982         200.285
            983         200.285
            984         200.285
            985         200.285
            986         200.285
            987         200.285
            988         200.285
            989         200.285
            990         200.285
            991         200.285
            992         200.285
            993         200.285
            994         200.285
            995         200.285
            996         200.285
            997         200.285
            998         200.285
            999         200.285
           1000         200.285
           1001         200.285
           1002         200.285
           1003         200.285
           1004         200.285
           1005         200.285
           1006         200.285
           1007         201.262
           1008         201.262
           1009         201.262
           1010         201.262
           1011         201.262
           1012         201.262
           1013         201.262
           1014         201.262
           1015         201.262
           1016         201.262
           1017         201.262
           1018         201.262
           1019         201.262
           1020         201.262
           1021         201.262
           1022         201.262
           1023         201.262
           1024         201.262
           1025         201.262
           1026         201.262
           1027         201.262
           1028         201.262
           1029         201.262
           1030         201.262
           1031         201.262
           1032         201.262
           1033         201.262
           1034         201.262
           1035         201.262
           1036         201.262
           1037         201.262
           1038         201.262
           1039         201.262
           1040         201.262
           1041         201.262
           1042         201.262
           1043         201.262
           1044         201.262
           1045         201.262
           1046         201.262
           1047         201.262
           1048         201.262
           1049         201.262
           1050         201.262
           1051         201.262
           1052         201.262
           1053         201.262
           1054         201.262
           1055         201.262
           1056         201.262
           1057         201.262
           1058         201.262
           1059         201.262
           1060         201.262
           1061         201.262
           1062         201.262
           1063         201.262
           1064         201.262
           1065         201.262
           1066         201.262
           1067         201.262
           1068         201.262
           1069         201.262
           1070         202.239
           1071         202.239
           1072         202.239
           1073         202.239
           1074         202.239
           1075         202.239
           1076         202.239
           1077         202.239
           1078         202.239
           1079         202.239
           1080         202.239
           1081         202.239
           1082         202.239
           1083         202.239
           1084         202.239
           1085         202.239
           1086         202.239
           1087         202.239
           1088         202.239
           1089         202.239
           1090         202.239
           1091         202.239
           1092         202.239
           1093         202.239
           1094         202.239
           1095         202.239
           1096         202.239
           1097         202.239
           1098         202.239
           1099         202.239
           1100         202.239
           1101         202.239
           1102         202.239
           1103         202.239
           1104         202.239
           1105         202.239
           1106         202.239
           1107         202.239
           1108         202.239
           1109         202.239
           1110         202.239
           1111         202.239
           1112         202.239
           1113         202.239
           1114         202.239
           1115         202.239
           1116         202.239
           1117         202.239
           1118         202.239
           1119         202.239
           1120         202.239
           1121         202.239
           1122         202.239
           1123         202.239
           1124         202.239
           1125         202.239
           1126         202.239
           1127         202.239
           1128         202.239
           1129         202.239
           1130         202.239
           1131         202.239
           1132         202.239
           1133         202.239
           1134         202.239
           1135         202.239
           1136         202.239
           1137         202.239
           1138         202.239
           1139         202.239
           1140         202.239
           1141         202.239
           1142         202.239
           1143         202.239
           1144         202.239
           1145         202.239
           1146         202.239
           1147         202.239
           1148         202.239
           1149         202.239
           1150         202.239
           1151         202.239
           1152         202.239
           1153         202.239
           1154         202.239
           1155         202.239
           1156         202.239
           1157         202.239
           1158         202.239
           1159         202.239
           1160         202.239
           1161         202.239
           1162         202.239
           1163         202.239
           1164         202.239
           1165         202.239
           1166         202.239
           1167         202.239
           1168         202.239
           1169         202.239
           1170         202.239
           1171         202.239
           1172         202.239
           1173         202.239
           1174         202.239
           1175         202.239
           1176         202.239
           1177         202.239
           1178         202.239
           1179         202.239
           1180         202.239
           1181         202.239
           1182         202.239
           1183         202.239
           1184         202.239
           1185         202.239
           1186         202.239
           1187         202.239
           1188         202.239
           1189         202.239
           1190         202.239
           1191         202.239
           1192         202.239
           1193         202.239
           1194         202.239
           1195         202.239
           1196         202.239
           1197         202.239
           1198         202.239
           1199         202.239
           1200         203.216
           1201         203.216
           1202         203.216
           1203         203.216
           1204         203.216
           1205         203.216
           1206         203.216
           1207         203.216
           1208         203.216
           1209         203.216
           1210         203.216
           1211         203.216
           1212         203.216
           1213         203.216
           1214         203.216
           1215         203.216
           1216         203.216
           1217         203.216
           1218         203.216
           1219         203.216
           1220         203.216
           1221         203.216
           1222         203.216
           1223         203.216
           1224         203.216
           1225         203.216
           1226         203.216
           1227         203.216
           1228         203.216
           1229         203.216
           1230         203.216
           1231         203.216
           1232         203.216
           1233         203.216
           1234         203.216
           1235         203.216
           1236         203.216
           1237         203.216
           1238         203.216
           1239         203.216
           1240         203.216
           1241         203.216
           1242         203.216
           1243         203.216
           1244         203.216
           1245         203.216
           1246         203.216
           1247         203.216
           1248         203.216
           1249         203.216
           1250         203.216
           1251         203.216
           1252         203.216
           1253         203.216
           1254         203.216
           1255         203.216
           1256         203.216
           1257         203.216
           1258         203.216
           1259         203.216
           1260         203.216
           1261         203.216
           1262         203.216
           1263         203.216
           1264         203.216
           1265         203.216
           1266         203.216
           1267         203.216
           1268         203.216
           1269         203.216
           1270         203.216
           1271         203.216
           1272         203.216
           1273         203.216
           1274         203.216
           1275         203.216
           1276         203.216
           1277         203.216
           1278         203.216
           1279         203.216
           1280         203.216
           1281         203.216
           1282         203.216
           1283         203.216
           1284         203.216
           1285         203.216
           1286         203.216
           1287         203.216
           1288         203.216
           1289         203.216
           1290         203.216
           1291         203.216
           1292         203.216
           1293         203.216
           1294         203.216
           1295         203.216
           1296         203.216
           1297         203.216
           1298         203.216
           1299         203.216
           1300         203.216
           1301         203.216
           1302         203.216
           1303         203.216
           1304         203.216
           1305         203.216
           1306         203.216
           1307         203.216
           1308         203.216
           1309         203.216
           1310         203.216
           1311         203.216
           1312         203.216
           1313         203.216
           1314         203.216
           1315         202.239
           1316         202.239
           1317         202.239
           1318         202.239
           1319         202.239
           1320         202.239
           1321         202.239
           1322         202.239
           1323         202.239
           1324         202.239
           1325         202.239
           1326         202.239
           1327         202.239
           1328         202.239
           1329         202.239
           1330         202.239
           1331         202.239
           1332         202.239
           1333         202.239
           1334         202.239
           1335         202.239
           1336         202.239
           1337         202.239
           1338         202.239
           1339         202.239
           1340         202.239
           1341         202.239
           1342         202.239
           1343         202.239
           1344         202.239
           1345         202.239
           1346         202.239
           1347         202.239
           1348         202.239
           1349         202.239
           1350         202.239
           1351         202.239
           1352         202.239
           1353         202.239
           1354         202.239
           1355         202.239
           1356         202.239
           1357         202.239
           1358         202.239
           1359         202.239
           1360         202.239
           1361         202.239
           1362         202.239
           1363         202.239
           1364         202.239
           1365         202.239
           1366         202.239
           1367         202.239
           1368         202.239
           1369         202.239
           1370         202.239
           1371         202.239
           1372         202.239
           1373         202.239
           1374         202.239
           1375         202.239
           1376         202.239
           1377         202.239
           1378         202.239
           1379         202.239
           1380         202.239
           1381         202.239
           1382         202.239
           1383         202.239
           1384         202.239
           1385         202.239
           1386         202.239
           1387         202.239
           1388         202.239
           1389         202.239
           1390         202.239
           1391         202.239
           1392         202.239
           1393         202.239
           1394         202.239
           1395         202.239
           1396         202.239
           1397         202.239
           1398         202.239
           1399         202.239
           1400         202.239
           1401         202.239
           1402         202.239
           1403         202.239
           1404         202.239
           1405         202.239
           1406         202.239
           1407         202.239
           1408         202.239
           1409         202.239
           1410         202.239
           1411         202.239
           1412         202.239
           1413         202.239
           1414         202.239
           1415         202.239
           1416         202.239
           1417         202.239
           1418         202.239
           1419         202.239
           1420         202.239
           1421         202.239
           1422         202.239
           1423         202.239
           1424         202.239
           1425         202.239
           1426         202.239
           1427         202.239
           1428         202.239
           1429         202.239
           1430         202.239
           1431         202.239
           1432         202.239
           1433         202.239
           1434         202.239
           1435         202.239
           1436         202.239
           1437         202.239
           1438         202.239
           1439         202.239
           1440         202.239
           1441         202.239
           1442         202.239
           1443         202.239
           1444         202.239
           1445         202.239
           1446         202.239
           1447         202.239
           1448         202.239
           1449         202.239
           1450         202.239
           1451         202.239
           1452         202.239
           1453         202.239
           1454         202.239
           1455         202.239
           1456         202.239
           1457         202.239
           1458         202.239
           1459         202.239
           1460         202.239
           1461         202.239
           1462         202.239
           1463         202.239
           1464         202.239
           1465         202.239
           1466         202.239
           1467         202.239
           1468         202.239
           1469         202.239
           1470         202.239
           1471         202.239
           1472         202.239
           1473         202.239
           1474         202.239
           1475         202.239
           1476         202.239
           1477         202.239
           1478         202.239
           1479         202.239
           1480         202.239
           1481         202.239
           1482         202.239
           1483         202.239
           1484         202.239
           1485         202.239
           1486         202.239
           1487         202.239
           1488         202.239
           1489         202.239
           1490         202.239
           1491         202.239
           1492         202.239
           1493         202.239
           1494         202.239
           1495         202.239
           1496         202.239
           1497         202.239
           1498         202.239
           1499         202.239
           1500         202.239
           1501         202.239
           1502         202.239
           1503         202.239
           1504         202.239
           1505         202.239
           1506         202.239
           1507         202.239
           1508         202.239
           1509         202.239
           1510         202.239
           1511         202.239
           1512         202.239
           1513         202.239
           1514         202.239
           1515         202.239
           1516         202.239
           1517         202.239
           1518         202.239
           1519         202.239
           1520         202.239
           1521         202.239
           1522         202.239
           1523         202.239
           1524         202.239
           1525         202.239
           1526         202.239
           1527         202.239
           1528         202.239
           1529         202.239
           1530         202.239
           1531         202.239
           1532         202.239
           1533         202.239
           1534         202.239
           1535         202.239
           1536         202.239
           1537         202.239
           1538         202.239
           1539         202.239
           1540         202.239
           1541         202.239
           1542         202.239
           1543         202.239
           1544         202.239
           1545         202.239
           1546         202.239
           1547         202.239
           1548         202.239
           1549         202.239
           1550         202.239
           1551         202.239
           1552         202.239
           1553         202.239
           1554         202.239
           1555         202.239
           1556         202.239
           1557         202.239
           1558         202.239
           1559         202.239
           1560         202.239
           1561         202.239
           1562         202.239
           1563         202.239
           1564         202.239
           1565         202.239
           1566         202.239
           1567         202.239
           1568         202.239
           1569         202.239
           1570         202.239
           1571         202.239
           1572         202.239
           1573         202.239
