TRACENO
              1         155.343
              2         155.343
              3         155.343
              4         155.343
              5         155.343
              6         154.366
              7         154.366
              8         154.366
              9         154.366
             10         154.366
             11         154.366
             12         154.366
             13         154.366
             14         154.366
             15         154.366
             16         154.366
             17         154.366
             18         155.343
             19         155.343
             20         155.343
             21         155.343
             22         155.343
             23         155.343
             24         155.343
             25         155.343
             26         155.343
             27         155.343
             28         155.343
             29         155.343
             30         156.320
             31         156.320
             32         156.320
             33         157.297
             34         157.297
             35         158.274
             36         158.274
             37         158.274
             38         158.274
             39         158.274
             40         158.274
             41         158.274
             42         158.274
             43         158.274
             44         158.274
             45         159.251
             46         159.251
             47         159.251
             48         159.251
             49         159.251
             50         159.251
             51         159.251
             52         159.251
             53         159.251
             54         160.228
             55         160.228
             56         160.228
             57         160.228
             58         160.228
             59         160.228
             60         160.228
             61         160.228
             62         160.228
             63         160.228
             64         160.228
             65         160.228
             66         160.228
             67         161.205
             68         161.205
             69         161.205
             70         161.205
             71         161.205
             72         161.205
             73         161.205
             74         161.205
             75         161.205
             76         161.205
             77         161.205
             78         161.205
             79         161.205
             80         161.205
             81         161.205
             82         161.205
             83         161.205
             84         161.205
             85         162.182
             86         162.182
             87         162.182
             88         162.182
             89         162.182
             90         162.182
             91         162.182
             92         162.182
             93         162.182
             94         162.182
             95         162.182
             96         162.182
             97         162.182
             98         162.182
             99         162.182
            100         162.182
            101         163.159
            102         163.159
            103         163.159
            104         163.159
            105         164.136
            106         164.136
            107         164.136
            108         164.136
            109         164.136
            110         164.136
            111         164.136
            112         164.136
            113         164.136
            114         164.136
            115         164.136
            116         164.136
            117         164.136
            118         164.136
            119         164.136
            120         164.136
            121         164.136
            122         164.136
            123         164.136
            124         164.136
            125         164.136
            126         164.136
            127         164.136
            128         165.113
            129         165.113
            130         165.113
            131         165.113
            132         165.113
            133         165.113
            134         165.113
            135         165.113
            136         165.113
            137         165.113
            138         165.113
            139         165.113
            140         165.113
            141         165.113
            142         165.113
            143         166.090
            144         166.090
            145         166.090
            146         166.090
            147         166.090
            148         166.090
            149         166.090
            150         167.067
            151         166.090
            152         166.090
            153         166.090
            154         166.090
            155         166.090
            156         167.067
            157         167.067
            158         167.067
            159         167.067
            160         167.067
            161         167.067
            162         167.067
            163         167.067
            164         167.067
            165         167.067
            166         167.067
            167         167.067
            168         167.067
            169         167.067
            170         167.067
            171         167.067
            172         167.067
            173         167.067
            174         167.067
            175         168.044
            176         168.044
            177         168.044
            178         168.044
            179         168.044
            180         168.044
            181         168.044
            182         168.044
            183         169.021
            184         169.021
            185         168.044
            186         168.044
            187         167.067
            188         167.067
            189         167.067
            190         168.044
            191         168.044
            192         168.044
            193         169.021
            194         169.021
            195         169.021
            196         169.021
            197         169.021
            198         169.021
            199         169.021
            200         169.021
            201         169.021
            202         169.021
            203         169.021
            204         169.021
            205         169.021
            206         169.998
            207         169.998
            208         169.998
            209         169.998
            210         169.998
            211         169.998
            212         169.998
            213         169.998
            214         169.998
            215         169.998
            216         169.998
            217         169.998
            218         170.975
            219         170.975
            220         170.975
            221         170.975
            222         170.975
            223         170.975
            224         170.975
            225         170.975
            226         171.952
            227         171.952
            228         171.952
            229         171.952
            230         171.952
            231         171.952
            232         171.952
            233         172.929
            234         172.929
            235         172.929
            236         172.929
            237         172.929
            238         172.929
            239         172.929
            240         172.929
            241         172.929
            242         172.929
            243         172.929
            244         172.929
            245         172.929
            246         172.929
            247         172.929
            248         172.929
            249         172.929
            250         172.929
            251         172.929
            252         172.929
            253         172.929
            254         172.929
            255         172.929
            256         173.906
            257         173.906
            258         173.906
            259         173.906
            260         173.906
            261         173.906
            262         173.906
            263         173.906
            264         173.906
            265         173.906
            266         173.906
            267         173.906
            268         173.906
            269         174.883
            270         174.883
            271         174.883
            272         174.883
            273         174.883
            274         174.883
            275         174.883
            276         174.883
            277         174.883
            278         174.883
            279         175.860
            280         175.860
            281         175.860
            282         175.860
            283         175.860
            284         175.860
            285         175.860
            286         175.860
            287         175.860
            288         175.860
            289         176.837
            290         176.837
            291         176.837
            292         176.837
            293         176.837
            294         176.837
            295         176.837
            296         176.837
            297         176.837
            298         177.814
            299         177.814
            300         177.814
            301         177.814
            302         177.814
            303         177.814
            304         177.814
            305         177.814
            306         177.814
            307         177.814
            308         177.814
            309         177.814
            310         177.814
            311         177.814
            312         178.791
            313         178.791
            314         178.791
            315         178.791
            316         178.791
            317         178.791
            318         178.791
            319         178.791
            320         178.791
            321         178.791
            322         178.791
            323         178.791
            324         178.791
            325         178.791
            326         178.791
            327         179.768
            328         179.768
            329         179.768
            330         179.768
            331         179.768
            332         179.768
            333         179.768
            334         179.768
            335         179.768
            336         179.768
            337         179.768
            338         179.768
            339         180.745
            340         180.745
            341         180.745
            342         180.745
            343         180.745
            344         180.745
            345         180.745
            346         180.745
            347         181.722
            348         181.722
            349         181.722
            350         181.722
            351         181.722
            352         181.722
            353         181.722
            354         181.722
            355         181.722
            356         181.722
            357         181.722
            358         181.722
            359         181.722
            360         181.722
            361         181.722
            362         181.722
            363         181.722
            364         181.722
            365         181.722
            366         181.722
            367         181.722
            368         181.722
            369         181.722
            370         181.722
            371         181.722
            372         181.722
            373         181.722
            374         182.699
            375         182.699
            376         182.699
            377         182.699
            378         182.699
            379         182.699
            380         182.699
            381         182.699
            382         182.699
            383         182.699
            384         182.699
            385         182.699
            386         182.699
            387         182.699
            388         182.699
            389         182.699
            390         182.699
            391         182.699
            392         182.699
            393         182.699
            394         182.699
            395         182.699
            396         182.699
            397         182.699
            398         182.699
            399         182.699
            400         182.699
            401         182.699
            402         182.699
            403         182.699
            404         182.699
            405         182.699
            406         182.699
            407         182.699
            408         182.699
            409         182.699
            410         182.699
            411         182.699
            412         182.699
            413         182.699
            414         182.699
            415         182.699
            416         182.699
            417         182.699
            418         182.699
            419         182.699
            420         182.699
            421         182.699
            422         182.699
            423         182.699
            424         182.699
            425         182.699
            426         182.699
            427         182.699
            428         182.699
            429         182.699
            430         182.699
            431         182.699
            432         182.699
            433         182.699
            434         182.699
            435         182.699
            436         182.699
            437         182.699
            438         182.699
            439         182.699
            440         182.699
            441         182.699
            442         182.699
            443         182.699
            444         182.699
            445         182.699
            446         182.699
            447         182.699
            448         182.699
            449         182.699
            450         182.699
            451         182.699
            452         182.699
            453         182.699
            454         182.699
            455         182.699
            456         181.722
            457         181.722
            458         181.722
            459         181.722
            460         181.722
            461         181.722
            462         181.722
            463         181.722
            464         181.722
            465         181.722
            466         181.722
            467         181.722
            468         181.722
            469         180.745
            470         180.745
            471         180.745
            472         180.745
            473         180.745
            474         180.745
            475         180.745
            476         180.745
            477         180.745
            478         180.745
            479         180.745
            480         180.745
            481         180.745
            482         180.745
            483         179.768
            484         179.768
            485         179.768
            486         179.768
            487         179.768
            488         179.768
            489         179.768
            490         179.768
            491         179.768
            492         179.768
            493         179.768
            494         179.768
            495         179.768
            496         179.768
            497         179.768
            498         179.768
            499         179.768
            500         179.768
            501         179.768
            502         179.768
            503         179.768
            504         179.768
            505         178.791
            506         178.791
            507         178.791
            508         177.814
            509         177.814
            510         177.814
            511         177.814
            512         177.814
            513         177.814
            514         177.814
            515         177.814
            516         177.814
            517         177.814
            518         177.814
            519         177.814
            520         177.814
            521         177.814
            522         177.814
            523         177.814
            524         176.837
            525         176.837
            526         176.837
            527         176.837
            528         176.837
            529         176.837
            530         176.837
            531         176.837
            532         176.837
            533         175.860
            534         175.860
            535         175.860
            536         175.860
            537         175.860
            538         175.860
            539         175.860
            540         175.860
            541         175.860
            542         175.860
            543         175.860
            544         175.860
            545         175.860
            546         175.860
            547         175.860
            548         175.860
            549         175.860
            550         175.860
