TRACENO
              1         124.079
              2         124.079
              3         124.079
              4         124.079
              5         124.079
              6         124.079
              7         124.079
              8         124.079
              9         124.079
             10         124.079
             11         124.079
             12         124.079
             13         124.079
             14         124.079
             15         123.102
             16         123.102
             17         123.102
             18         123.102
             19         123.102
             20         123.102
             21         123.102
             22         123.102
             23         123.102
             24         123.102
             25         123.102
             26         123.102
             27         123.102
             28         123.102
             29         123.102
             30         123.102
             31         123.102
             32         123.102
             33         123.102
             34         123.102
             35         123.102
             36         123.102
             37         123.102
             38         124.079
             39         124.079
             40         123.102
             41         123.102
             42         123.102
             43         123.102
             44         123.102
             45         123.102
             46         123.102
             47         123.102
             48         122.125
             49         122.125
             50         122.125
             51         122.125
             52         122.125
             53         122.125
             54         122.125
             55         122.125
             56         123.102
             57         123.102
             58         123.102
             59         123.102
             60         123.102
             61         123.102
             62         123.102
             63         123.102
             64         123.102
             65         123.102
             66         123.102
             67         123.102
             68         123.102
             69         123.102
             70         123.102
             71         123.102
             72         123.102
             73         123.102
             74         123.102
             75         123.102
             76         123.102
             77         123.102
             78         124.079
             79         124.079
             80         124.079
             81         124.079
             82         124.079
             83         124.079
             84         124.079
             85         124.079
             86         124.079
             87         124.079
             88         124.079
             89         124.079
             90         124.079
             91         124.079
             92         124.079
             93         124.079
             94         124.079
             95         124.079
             96         124.079
             97         124.079
             98         124.079
             99         124.079
            100         124.079
            101         124.079
            102         124.079
            103         124.079
            104         124.079
            105         124.079
            106         124.079
            107         124.079
            108         124.079
            109         124.079
            110         124.079
            111         124.079
            112         124.079
            113         124.079
            114         124.079
            115         124.079
            116         124.079
            117         124.079
            118         124.079
            119         124.079
            120         124.079
            121         124.079
            122         124.079
            123         124.079
            124         124.079
            125         124.079
            126         124.079
            127         125.056
            128         125.056
            129         125.056
            130         125.056
            131         125.056
            132         126.033
            133         126.033
            134         126.033
            135         126.033
            136         126.033
            137         126.033
            138         126.033
            139         126.033
            140         127.010
            141         127.010
            142         127.010
            143         127.010
            144         127.010
            145         127.010
            146         126.033
            147         126.033
            148         126.033
            149         126.033
            150         126.033
            151         126.033
            152         126.033
            153         126.033
            154         126.033
            155         126.033
            156         126.033
            157         126.033
            158         125.056
            159         125.056
            160         125.056
            161         125.056
            162         125.056
            163         125.056
            164         125.056
            165         125.056
            166         125.056
            167         125.056
            168         125.056
            169         125.056
            170         125.056
            171         125.056
            172         124.079
            173         124.079
            174         124.079
            175         124.079
            176         124.079
            177         124.079
            178         124.079
            179         124.079
            180         124.079
            181         124.079
            182         124.079
            183         124.079
            184         125.056
            185         125.056
            186         125.056
            187         125.056
            188         125.056
            189         125.056
            190         125.056
            191         125.056
            192         125.056
            193         125.056
            194         125.056
            195         125.056
            196         125.056
            197         125.056
            198         125.056
            199         125.056
            200         125.056
            201         125.056
            202         125.056
            203         125.056
            204         125.056
            205         125.056
            206         125.056
            207         125.056
            208         125.056
            209         125.056
            210         125.056
            211         125.056
            212         125.056
            213         125.056
            214         125.056
            215         125.056
            216         125.056
            217         125.056
            218         125.056
            219         125.056
            220         125.056
            221         125.056
            222         125.056
            223         125.056
            224         126.033
            225         126.033
            226         126.033
            227         126.033
            228         126.033
            229         126.033
            230         126.033
            231         126.033
            232         126.033
            233         126.033
            234         126.033
            235         127.010
            236         127.010
            237         127.010
            238         127.010
            239         127.010
            240         127.010
            241         127.010
            242         127.010
            243         127.010
            244         127.010
            245         127.010
            246         127.010
            247         127.010
            248         127.987
            249         127.987
            250         127.987
            251         127.987
            252         127.987
            253         127.987
            254         127.987
            255         127.987
            256         127.987
            257         127.987
            258         127.987
            259         127.987
            260         127.987
            261         127.987
            262         127.987
            263         127.987
            264         127.987
            265         127.987
            266         128.964
            267         128.964
            268         128.964
            269         128.964
            270         128.964
            271         128.964
            272         128.964
            273         128.964
            274         128.964
            275         128.964
            276         128.964
            277         128.964
            278         128.964
            279         129.941
            280         129.941
            281         129.941
            282         129.941
            283         129.941
            284         129.941
            285         129.941
            286         129.941
            287         129.941
            288         129.941
            289         130.918
            290         130.918
            291         130.918
            292         130.918
            293         130.918
            294         130.918
            295         130.918
            296         130.918
            297         130.918
            298         130.918
            299         130.918
            300         130.918
            301         130.918
            302         130.918
            303         130.918
            304         130.918
            305         130.918
            306         130.918
            307         130.918
            308         130.918
            309         130.918
            310         130.918
            311         131.895
            312         131.895
            313         131.895
            314         131.895
            315         131.895
            316         131.895
            317         131.895
            318         131.895
            319         131.895
            320         131.895
            321         131.895
            322         131.895
            323         131.895
            324         131.895
            325         131.895
            326         131.895
            327         131.895
            328         131.895
            329         131.895
            330         131.895
            331         131.895
            332         131.895
            333         131.895
            334         131.895
            335         132.872
            336         132.872
            337         132.872
            338         132.872
            339         132.872
            340         132.872
            341         132.872
            342         132.872
            343         133.849
            344         133.849
            345         133.849
            346         133.849
            347         133.849
            348         133.849
            349         133.849
            350         133.849
            351         133.849
            352         133.849
            353         133.849
            354         133.849
            355         133.849
            356         133.849
            357         134.826
            358         134.826
            359         134.826
            360         134.826
            361         134.826
            362         134.826
            363         134.826
            364         134.826
            365         134.826
            366         135.803
            367         135.803
            368         135.803
            369         135.803
            370         135.803
            371         135.803
            372         135.803
            373         136.780
            374         136.780
            375         136.780
            376         136.780
            377         136.780
            378         136.780
            379         136.780
            380         135.803
            381         135.803
            382         135.803
            383         135.803
            384         135.803
            385         134.826
            386         135.803
            387         135.803
            388         135.803
            389         135.803
            390         135.803
            391         135.803
            392         135.803
            393         135.803
            394         135.803
            395         135.803
            396         135.803
            397         135.803
            398         136.780
            399         136.780
            400         136.780
            401         136.780
            402         136.780
            403         136.780
            404         136.780
            405         136.780
            406         136.780
            407         136.780
            408         136.780
            409         136.780
            410         136.780
            411         136.780
            412         136.780
            413         136.780
            414         137.757
            415         137.757
            416         137.757
            417         137.757
            418         137.757
            419         137.757
            420         137.757
            421         137.757
            422         137.757
            423         137.757
            424         137.757
            425         137.757
            426         137.757
            427         137.757
            428         137.757
            429         137.757
            430         137.757
            431         137.757
            432         137.757
            433         137.757
            434         137.757
            435         137.757
            436         137.757
            437         137.757
            438         137.757
            439         137.757
            440         137.757
            441         137.757
            442         137.757
            443         137.757
            444         137.757
            445         137.757
            446         137.757
            447         138.734
            448         138.734
            449         138.734
            450         138.734
            451         138.734
            452         138.734
            453         138.734
            454         138.734
            455         138.734
            456         139.711
            457         139.711
            458         139.711
            459         139.711
            460         139.711
            461         139.711
            462         139.711
            463         139.711
            464         139.711
            465         139.711
            466         139.711
            467         139.711
            468         139.711
            469         139.711
            470         139.711
            471         139.711
            472         139.711
            473         139.711
            474         139.711
            475         139.711
            476         139.711
            477         139.711
            478         139.711
            479         139.711
            480         139.711
            481         139.711
            482         139.711
            483         139.711
            484         139.711
            485         139.711
            486         139.711
            487         139.711
            488         139.711
            489         139.711
            490         139.711
            491         140.688
            492         140.688
            493         140.688
            494         140.688
            495         140.688
            496         140.688
            497         140.688
            498         140.688
            499         140.688
            500         140.688
            501         140.688
            502         140.688
            503         140.688
            504         140.688
            505         141.665
            506         141.665
            507         141.665
            508         141.665
            509         141.665
            510         141.665
            511         141.665
            512         141.665
            513         141.665
            514         141.665
            515         141.665
            516         141.665
            517         142.642
            518         142.642
            519         142.642
            520         142.642
            521         142.642
            522         142.642
            523         142.642
            524         142.642
            525         142.642
            526         142.642
            527         142.642
            528         142.642
            529         142.642
            530         142.642
            531         142.642
            532         142.642
            533         142.642
            534         142.642
            535         142.642
            536         142.642
            537         142.642
            538         142.642
            539         142.642
            540         142.642
            541         143.619
            542         143.619
            543         143.619
            544         143.619
            545         143.619
            546         143.619
            547         143.619
            548         143.619
            549         143.619
            550         143.619
            551         143.619
            552         143.619
            553         143.619
            554         143.619
            555         143.619
            556         143.619
            557         143.619
            558         143.619
            559         143.619
            560         143.619
            561         143.619
            562         143.619
            563         143.619
            564         143.619
            565         143.619
            566         143.619
            567         143.619
            568         143.619
            569         143.619
            570         143.619
            571         144.596
            572         144.596
            573         144.596
            574         144.596
            575         144.596
            576         144.596
            577         144.596
            578         144.596
            579         144.596
            580         144.596
            581         144.596
            582         144.596
            583         144.596
            584         144.596
            585         145.573
            586         145.573
            587         145.573
            588         145.573
            589         145.573
            590         145.573
            591         145.573
            592         145.573
            593         145.573
            594         145.573
            595         145.573
            596         145.573
            597         145.573
            598         145.573
            599         145.573
            600         145.573
            601         145.573
            602         145.573
            603         145.573
            604         145.573
            605         145.573
            606         145.573
            607         145.573
            608         145.573
            609         145.573
            610         145.573
            611         145.573
            612         145.573
            613         145.573
            614         145.573
            615         145.573
            616         145.573
            617         145.573
            618         145.573
            619         145.573
            620         145.573
            621         145.573
            622         145.573
            623         145.573
            624         145.573
            625         145.573
            626         145.573
            627         145.573
            628         145.573
            629         145.573
            630         145.573
            631         145.573
            632         145.573
            633         145.573
            634         145.573
            635         145.573
            636         145.573
            637         145.573
            638         145.573
            639         145.573
            640         145.573
            641         145.573
            642         145.573
            643         145.573
            644         145.573
            645         146.550
            646         146.550
            647         146.550
            648         146.550
            649         146.550
            650         146.550
            651         146.550
            652         146.550
            653         146.550
            654         146.550
            655         146.550
            656         146.550
            657         147.527
            658         147.527
            659         147.527
            660         147.527
            661         147.527
            662         147.527
            663         147.527
            664         147.527
            665         147.527
            666         147.527
            667         147.527
            668         147.527
            669         148.504
            670         148.504
            671         148.504
            672         148.504
            673         148.504
            674         148.504
            675         148.504
            676         148.504
            677         148.504
            678         148.504
            679         148.504
            680         148.504
            681         148.504
            682         148.504
            683         148.504
            684         148.504
            685         148.504
            686         148.504
            687         148.504
            688         148.504
            689         148.504
            690         148.504
            691         148.504
            692         148.504
            693         148.504
            694         148.504
            695         148.504
            696         148.504
            697         148.504
            698         148.504
            699         148.504
            700         148.504
            701         148.504
            702         148.504
            703         148.504
            704         148.504
            705         148.504
            706         148.504
            707         148.504
            708         148.504
            709         148.504
            710         148.504
            711         148.504
            712         148.504
            713         148.504
            714         148.504
            715         148.504
            716         148.504
            717         148.504
            718         148.504
            719         148.504
            720         148.504
            721         148.504
            722         148.504
            723         148.504
            724         148.504
            725         148.504
            726         148.504
            727         148.504
            728         149.481
            729         149.481
            730         149.481
            731         149.481
            732         149.481
            733         149.481
            734         149.481
            735         149.481
            736         149.481
            737         149.481
            738         149.481
            739         149.481
            740         149.481
            741         149.481
            742         149.481
            743         149.481
            744         149.481
            745         149.481
            746         149.481
            747         149.481
            748         149.481
            749         149.481
            750         149.481
            751         149.481
            752         149.481
            753         149.481
            754         149.481
            755         149.481
            756         149.481
            757         149.481
            758         149.481
            759         149.481
            760         149.481
            761         149.481
            762         149.481
            763         149.481
            764         149.481
            765         149.481
            766         150.458
            767         150.458
            768         150.458
            769         150.458
            770         150.458
            771         150.458
            772         150.458
            773         150.458
            774         150.458
            775         150.458
            776         150.458
            777         150.458
            778         150.458
            779         150.458
            780         150.458
            781         149.481
            782         149.481
            783         149.481
            784         150.458
            785         150.458
            786         150.458
            787         150.458
            788         150.458
            789         150.458
            790         150.458
            791         150.458
            792         150.458
            793         150.458
            794         150.458
            795         150.458
            796         150.458
            797         150.458
            798         150.458
            799         150.458
            800         150.458
            801         150.458
            802         150.458
            803         150.458
            804         150.458
            805         150.458
            806         150.458
            807         150.458
            808         150.458
            809         150.458
            810         150.458
            811         150.458
            812         150.458
            813         150.458
            814         150.458
            815         150.458
            816         150.458
            817         150.458
            818         150.458
            819         150.458
            820         149.481
            821         149.481
            822         149.481
            823         149.481
            824         149.481
            825         149.481
            826         149.481
            827         149.481
            828         149.481
            829         149.481
            830         149.481
            831         149.481
            832         149.481
            833         149.481
            834         149.481
            835         149.481
            836         149.481
            837         149.481
            838         149.481
            839         149.481
            840         149.481
            841         149.481
            842         149.481
            843         149.481
            844         149.481
            845         149.481
            846         149.481
            847         149.481
            848         149.481
            849         149.481
            850         149.481
            851         149.481
            852         149.481
            853         149.481
            854         149.481
            855         149.481
            856         149.481
            857         149.481
            858         149.481
            859         149.481
            860         149.481
            861         149.481
            862         149.481
            863         149.481
            864         149.481
            865         149.481
            866         149.481
            867         149.481
            868         149.481
            869         149.481
            870         149.481
            871         149.481
            872         149.481
            873         149.481
            874         149.481
            875         149.481
            876         150.458
            877         150.458
            878         150.458
            879         150.458
            880         150.458
            881         150.458
            882         150.458
            883         150.458
            884         150.458
            885         150.458
            886         150.458
            887         150.458
            888         150.458
            889         150.458
            890         150.458
            891         150.458
            892         150.458
            893         151.435
            894         151.435
            895         151.435
            896         151.435
            897         151.435
            898         151.435
            899         151.435
            900         151.435
            901         151.435
            902         151.435
            903         151.435
            904         151.435
            905         151.435
            906         151.435
            907         151.435
            908         151.435
            909         151.435
            910         151.435
            911         151.435
            912         151.435
            913         151.435
            914         151.435
            915         151.435
            916         151.435
            917         151.435
            918         151.435
            919         151.435
            920         151.435
            921         152.412
            922         152.412
            923         152.412
            924         152.412
            925         152.412
            926         152.412
            927         152.412
            928         152.412
            929         152.412
            930         152.412
            931         152.412
            932         152.412
            933         152.412
            934         152.412
            935         152.412
            936         152.412
            937         152.412
            938         152.412
            939         152.412
            940         152.412
            941         152.412
            942         152.412
            943         152.412
            944         152.412
            945         152.412
            946         152.412
            947         152.412
            948         152.412
            949         152.412
            950         152.412
            951         152.412
            952         152.412
            953         152.412
            954         152.412
            955         152.412
            956         152.412
            957         152.412
            958         152.412
            959         152.412
            960         152.412
            961         152.412
            962         152.412
            963         152.412
            964         153.389
            965         153.389
            966         153.389
            967         153.389
            968         153.389
            969         153.389
            970         152.412
            971         151.435
            972         151.435
            973         151.435
            974         151.435
            975         151.435
            976         151.435
            977         151.435
            978         151.435
            979         151.435
            980         152.412
            981         152.412
            982         152.412
            983         152.412
            984         152.412
            985         152.412
            986         152.412
            987         152.412
            988         152.412
            989         152.412
            990         152.412
            991         152.412
            992         152.412
            993         152.412
            994         152.412
            995         152.412
            996         152.412
            997         152.412
            998         152.412
            999         152.412
           1000         152.412
           1001         152.412
           1002         152.412
           1003         152.412
           1004         152.412
           1005         152.412
           1006         152.412
           1007         152.412
           1008         152.412
           1009         152.412
           1010         152.412
           1011         152.412
           1012         152.412
           1013         152.412
           1014         152.412
           1015         152.412
           1016         152.412
           1017         152.412
           1018         152.412
           1019         152.412
           1020         152.412
           1021         152.412
           1022         152.412
           1023         152.412
           1024         152.412
           1025         152.412
           1026         152.412
           1027         152.412
           1028         152.412
           1029         152.412
           1030         152.412
           1031         152.412
           1032         152.412
           1033         152.412
           1034         152.412
           1035         152.412
           1036         152.412
           1037         152.412
           1038         152.412
           1039         152.412
           1040         152.412
           1041         152.412
           1042         152.412
           1043         152.412
           1044         152.412
           1045         152.412
           1046         152.412
           1047         152.412
           1048         152.412
           1049         152.412
           1050         152.412
           1051         153.389
           1052         153.389
           1053         153.389
           1054         153.389
           1055         153.389
           1056         153.389
           1057         153.389
           1058         153.389
           1059         153.389
           1060         153.389
           1061         153.389
           1062         153.389
           1063         153.389
           1064         153.389
           1065         153.389
           1066         153.389
           1067         153.389
           1068         153.389
           1069         153.389
           1070         153.389
           1071         153.389
           1072         153.389
           1073         153.389
           1074         153.389
