TRACENO
              1         156.320
              2         156.320
              3         155.343
              4         155.343
              5         155.343
              6         155.343
              7         155.343
              8         155.343
              9         155.343
             10         155.343
             11         155.343
             12         155.343
             13         155.343
             14         155.343
             15         155.343
             16         154.366
             17         154.366
             18         153.389
             19         154.366
             20         154.366
             21         154.366
             22         154.366
             23         154.366
             24         154.366
             25         154.366
             26         154.366
             27         155.343
             28         155.343
             29         154.366
             30         154.366
             31         154.366
             32         153.389
             33         153.389
             34         153.389
             35         153.389
             36         152.412
             37         152.412
             38         152.412
             39         152.412
             40         152.412
             41         151.435
             42         151.435
             43         151.435
             44         151.435
             45         151.435
             46         151.435
             47         151.435
             48         151.435
             49         151.435
             50         151.435
             51         151.435
             52         150.458
             53         150.458
             54         150.458
             55         149.481
             56         149.481
             57         149.481
             58         148.504
             59         148.504
             60         148.504
             61         148.504
             62         148.504
             63         149.481
             64         149.481
             65         149.481
             66         149.481
             67         149.481
             68         149.481
             69         149.481
             70         149.481
             71         149.481
             72         149.481
             73         149.481
             74         148.504
             75         148.504
             76         148.504
             77         148.504
             78         148.504
             79         148.504
             80         148.504
             81         148.504
             82         148.504
             83         148.504
             84         148.504
             85         148.504
             86         148.504
             87         147.527
             88         147.527
             89         147.527
             90         147.527
             91         147.527
             92         147.527
             93         147.527
             94         146.550
             95         146.550
             96         146.550
             97         146.550
             98         146.550
             99         146.550
            100         146.550
            101         145.573
            102         145.573
            103         145.573
            104         145.573
            105         145.573
            106         145.573
            107         145.573
            108         145.573
            109         145.573
            110         145.573
            111         145.573
            112         145.573
            113         145.573
            114         144.596
            115         144.596
            116         144.596
            117         144.596
            118         144.596
            119         144.596
            120         144.596
            121         144.596
            122         144.596
            123         144.596
            124         144.596
            125         144.596
            126         143.619
            127         143.619
            128         143.619
            129         143.619
            130         143.619
            131         143.619
            132         142.642
            133         142.642
            134         142.642
            135         142.642
            136         142.642
            137         141.665
            138         141.665
            139         141.665
            140         141.665
            141         141.665
            142         141.665
            143         141.665
            144         140.688
            145         140.688
            146         140.688
            147         140.688
            148         140.688
            149         140.688
            150         139.711
            151         139.711
            152         139.711
            153         139.711
            154         139.711
            155         139.711
            156         139.711
            157         139.711
            158         138.734
            159         138.734
            160         138.734
            161         138.734
            162         138.734
            163         138.734
            164         138.734
            165         138.734
            166         138.734
            167         137.757
            168         137.757
            169         137.757
            170         137.757
            171         137.757
            172         137.757
            173         137.757
            174         137.757
            175         137.757
            176         136.780
            177         136.780
            178         136.780
            179         136.780
            180         136.780
            181         136.780
            182         136.780
            183         136.780
            184         136.780
            185         136.780
            186         136.780
            187         136.780
            188         136.780
            189         136.780
            190         136.780
            191         136.780
            192         136.780
            193         136.780
            194         136.780
            195         135.803
            196         135.803
            197         135.803
            198         135.803
            199         135.803
            200         135.803
            201         135.803
            202         135.803
            203         135.803
            204         134.826
            205         134.826
            206         134.826
            207         134.826
            208         134.826
            209         134.826
            210         133.849
            211         133.849
            212         133.849
            213         133.849
            214         133.849
            215         133.849
            216         132.872
            217         132.872
            218         132.872
            219         132.872
            220         132.872
            221         132.872
            222         131.895
            223         131.895
            224         131.895
            225         131.895
            226         131.895
            227         131.895
            228         131.895
            229         131.895
            230         131.895
            231         131.895
            232         131.895
            233         131.895
            234         131.895
            235         131.895
            236         131.895
            237         130.918
            238         130.918
            239         130.918
            240         130.918
            241         130.918
            242         130.918
            243         130.918
            244         130.918
            245         130.918
            246         129.941
            247         129.941
            248         129.941
            249         128.964
            250         128.964
            251         128.964
            252         127.987
            253         127.987
            254         127.987
            255         127.987
            256         127.987
            257         127.987
            258         127.987
            259         127.987
            260         127.987
            261         127.987
            262         127.987
            263         127.987
            264         127.987
            265         127.987
            266         127.010
            267         127.010
            268         127.010
            269         127.010
            270         127.987
            271         127.987
            272         127.987
            273         127.987
            274         127.987
            275         127.987
            276         127.987
            277         127.987
            278         127.987
            279         127.987
            280         127.987
            281         127.987
            282         127.987
            283         127.987
            284         127.010
            285         127.010
            286         127.010
            287         127.010
            288         127.010
            289         127.010
            290         127.010
            291         127.010
            292         127.010
            293         127.010
            294         126.033
            295         126.033
            296         126.033
            297         126.033
            298         126.033
            299         126.033
            300         126.033
            301         126.033
            302         126.033
            303         126.033
            304         125.056
            305         125.056
            306         125.056
            307         125.056
            308         125.056
            309         125.056
            310         125.056
            311         125.056
            312         125.056
            313         124.079
            314         124.079
            315         124.079
            316         124.079
            317         124.079
            318         124.079
            319         124.079
            320         124.079
            321         124.079
            322         123.102
            323         123.102
            324         123.102
            325         123.102
            326         123.102
            327         123.102
            328         123.102
            329         123.102
            330         123.102
            331         122.125
            332         122.125
            333         122.125
            334         122.125
            335         122.125
            336         122.125
            337         122.125
            338         122.125
            339         122.125
            340         121.148
            341         121.148
            342         121.148
            343         121.148
            344         121.148
            345         121.148
            346         121.148
            347         121.148
            348         121.148
            349         120.171
            350         120.171
            351         120.171
            352         120.171
            353         120.171
            354         120.171
            355         120.171
            356         120.171
            357         120.171
            358         120.171
            359         119.194
            360         119.194
            361         119.194
            362         119.194
            363         119.194
            364         119.194
            365         119.194
            366         119.194
            367         119.194
            368         119.194
            369         119.194
            370         119.194
            371         119.194
            372         119.194
            373         119.194
            374         119.194
            375         119.194
            376         119.194
            377         119.194
            378         118.217
            379         118.217
            380         118.217
            381         118.217
            382         118.217
            383         118.217
            384         118.217
            385         118.217
            386         118.217
            387         118.217
            388         118.217
            389         118.217
            390         118.217
            391         118.217
            392         118.217
            393         118.217
            394         118.217
            395         118.217
            396         118.217
            397         117.240
            398         117.240
            399         117.240
            400         117.240
            401         117.240
            402         117.240
            403         117.240
            404         117.240
            405         117.240
            406         117.240
            407         117.240
            408         117.240
            409         117.240
            410         117.240
            411         117.240
            412         117.240
            413         117.240
            414         117.240
            415         117.240
            416         117.240
            417         117.240
            418         117.240
            419         117.240
            420         117.240
            421         117.240
            422         117.240
            423         117.240
            424         117.240
            425         117.240
            426         117.240
            427         117.240
            428         117.240
            429         117.240
            430         117.240
            431         117.240
            432         117.240
            433         117.240
            434         117.240
            435         117.240
            436         117.240
            437         117.240
            438         117.240
            439         117.240
            440         117.240
            441         117.240
            442         117.240
            443         117.240
            444         116.263
            445         116.263
            446         116.263
            447         116.263
            448         116.263
            449         116.263
            450         116.263
            451         116.263
            452         116.263
            453         116.263
            454         116.263
            455         116.263
            456         116.263
            457         116.263
            458         116.263
            459         116.263
            460         116.263
            461         116.263
            462         116.263
            463         116.263
            464         116.263
            465         116.263
            466         116.263
            467         116.263
            468         116.263
            469         116.263
            470         116.263
            471         116.263
            472         116.263
            473         116.263
