TRACENO
            122         125.056
            123         125.056
            124         125.056
            125         125.056
            126         125.056
            127         125.056
            128         125.056
            129         125.056
            130         125.056
            131         126.033
            132         126.033
            133         126.033
            134         126.033
            135         126.033
            136         126.033
            137         126.033
            138         126.033
            139         126.033
            140         126.033
            141         126.033
            142         126.033
            143         126.033
            144         126.033
            145         126.033
            146         126.033
            147         126.033
            148         126.033
            149         126.033
            150         126.033
            151         126.033
            152         126.033
            153         126.033
            154         126.033
            155         126.033
            156         126.033
            157         126.033
            158         126.033
            159         126.033
            160         126.033
            161         126.033
            162         126.033
            163         126.033
            164         126.033
            165         126.033
            166         126.033
            167         126.033
            168         126.033
            169         126.033
            170         126.033
            171         126.033
            172         126.033
            173         126.033
            174         126.033
            175         126.033
            176         126.033
            177         126.033
            178         126.033
            179         126.033
            180         126.033
            181         126.033
            182         126.033
            183         126.033
            184         126.033
            185         126.033
            186         126.033
            187         126.033
            188         126.033
            189         125.056
            190         125.056
            191         125.056
            192         125.056
            193         125.056
            194         125.056
            195         125.056
            196         125.056
            197         125.056
            198         125.056
            199         125.056
            200         125.056
            201         125.056
            202         125.056
            203         125.056
            204         125.056
            205         125.056
            206         125.056
            207         125.056
            208         125.056
            209         125.056
            210         125.056
            211         125.056
            212         125.056
            213         125.056
            214         125.056
            215         125.056
            216         125.056
            217         125.056
            218         125.056
            219         125.056
            220         125.056
            221         125.056
            222         125.056
            223         125.056
            224         126.033
            225         126.033
            226         126.033
            227         126.033
            228         126.033
            229         126.033
            230         126.033
            231         126.033
            232         126.033
            233         126.033
            234         126.033
            235         126.033
            236         126.033
            237         126.033
            238         126.033
            239         126.033
            240         126.033
            241         126.033
            242         126.033
            243         126.033
            244         126.033
            245         126.033
            246         126.033
            247         126.033
            248         126.033
            249         126.033
            250         126.033
            251         126.033
            252         126.033
            253         126.033
            254         126.033
            255         126.033
            256         126.033
            257         126.033
            258         126.033
            259         126.033
            260         126.033
            261         126.033
            262         126.033
            263         126.033
            264         126.033
            265         126.033
            266         126.033
            267         126.033
            268         126.033
            269         127.010
            270         127.010
            271         127.010
            272         127.010
            273         127.010
            274         127.010
            275         127.010
            276         127.010
            277         127.010
            278         127.010
            279         127.010
            280         127.010
            281         127.010
            282         127.010
            283         127.010
            284         127.010
            285         127.010
            286         127.010
            287         127.010
            288         127.010
            289         127.010
            290         127.010
            291         127.010
            292         127.987
            293         127.987
            294         127.987
            295         127.987
            296         127.987
            297         127.987
            298         127.987
            299         127.987
            300         127.987
            301         127.987
            302         127.987
            303         127.987
            304         127.987
            305         127.987
            306         127.987
            307         127.987
            308         127.987
            309         127.987
            310         127.987
            311         127.987
            312         127.987
            313         128.964
            314         128.964
            315         128.964
            316         128.964
            317         128.964
            318         128.964
            319         128.964
            320         128.964
            321         128.964
            322         128.964
            323         128.964
            324         128.964
            325         128.964
            326         128.964
            327         128.964
            328         128.964
            329         128.964
            330         129.941
            331         129.941
            332         129.941
            333         129.941
            334         129.941
            335         129.941
            336         129.941
            337         129.941
            338         129.941
            339         129.941
            340         130.918
            341         130.918
            342         130.918
            343         130.918
            344         130.918
            345         130.918
            346         130.918
            347         130.918
            348         130.918
            349         130.918
            350         130.918
            351         130.918
            352         130.918
            353         131.895
            354         131.895
            355         131.895
            356         131.895
            357         131.895
            358         131.895
            359         131.895
            360         131.895
            361         131.895
            362         131.895
            363         131.895
            364         131.895
            365         131.895
            366         131.895
            367         131.895
            368         131.895
            369         131.895
            370         131.895
            371         131.895
            372         131.895
            373         131.895
            374         131.895
            375         132.872
            376         132.872
            377         132.872
            378         132.872
            379         132.872
            380         132.872
            381         132.872
            382         132.872
            383         132.872
            384         132.872
            385         132.872
            386         132.872
            387         132.872
            388         132.872
            389         132.872
            390         132.872
            391         132.872
            392         132.872
            393         132.872
            394         132.872
            395         132.872
            396         132.872
            397         132.872
            398         133.849
            399         133.849
            400         133.849
            401         133.849
            402         133.849
            403         133.849
            404         133.849
            405         133.849
            406         133.849
            407         133.849
            408         133.849
            409         133.849
            410         133.849
            411         133.849
            412         133.849
            413         133.849
            414         133.849
            415         133.849
            416         133.849
            417         133.849
            418         133.849
            419         133.849
            420         133.849
            421         133.849
            422         133.849
            423         133.849
            424         133.849
            425         133.849
            426         133.849
            427         133.849
            428         133.849
            429         133.849
            430         133.849
            431         133.849
            432         133.849
            433         133.849
            434         133.849
            435         133.849
            436         133.849
            437         133.849
            438         133.849
            439         134.826
            440         134.826
            441         134.826
            442         134.826
            443         134.826
            444         134.826
            445         134.826
            446         134.826
            447         134.826
            448         134.826
            449         134.826
            450         134.826
            451         134.826
            452         134.826
            453         134.826
            454         134.826
            455         135.803
            456         135.803
            457         135.803
            458         135.803
            459         135.803
            460         135.803
            461         135.803
            462         135.803
            463         135.803
            464         135.803
            465         135.803
            466         136.780
            467         136.780
            468         136.780
            469         136.780
            470         136.780
            471         136.780
            472         136.780
            473         136.780
            474         136.780
            475         136.780
            476         137.757
            477         137.757
            478         137.757
            479         137.757
            480         137.757
            481         137.757
            482         137.757
            483         137.757
            484         137.757
            485         137.757
            486         137.757
            487         137.757
            488         137.757
            489         137.757
            490         138.734
            491         138.734
            492         138.734
            493         138.734
            494         138.734
            495         138.734
            496         138.734
            497         138.734
            498         138.734
            499         138.734
            500         138.734
            501         138.734
            502         138.734
            503         138.734
            504         138.734
            505         138.734
            506         138.734
            507         138.734
            508         138.734
            509         138.734
            510         138.734
            511         138.734
            512         138.734
            513         138.734
            514         138.734
            515         138.734
            516         138.734
            517         138.734
            518         138.734
            519         138.734
            520         138.734
            521         138.734
            522         138.734
            523         139.711
            524         139.711
            525         139.711
            526         139.711
            527         139.711
            528         139.711
            529         139.711
            530         139.711
            531         139.711
            532         139.711
            533         139.711
            534         139.711
            535         139.711
            536         140.688
            537         140.688
            538         140.688
            539         140.688
            540         140.688
            541         140.688
            542         140.688
            543         140.688
            544         140.688
            545         140.688
            546         140.688
            547         140.688
            548         140.688
            549         141.665
            550         141.665
            551         141.665
            552         141.665
            553         141.665
            554         141.665
            555         141.665
            556         141.665
            557         141.665
            558         141.665
            559         141.665
            560         141.665
            561         141.665
            562         142.642
            563         142.642
            564         142.642
            565         142.642
            566         142.642
            567         142.642
            568         142.642
            569         142.642
            570         142.642
            571         142.642
            572         142.642
            573         142.642
            574         143.619
            575         143.619
            576         143.619
            577         143.619
            578         143.619
            579         143.619
            580         143.619
            581         143.619
            582         143.619
            583         143.619
            584         143.619
            585         143.619
            586         143.619
            587         143.619
            588         143.619
            589         143.619
            590         143.619
            591         143.619
            592         143.619
            593         143.619
            594         143.619
            595         143.619
            596         143.619
            597         143.619
            598         143.619
            599         143.619
            600         143.619
            601         143.619
            602         143.619
            603         143.619
            604         143.619
            605         143.619
            606         143.619
            607         143.619
            608         143.619
            609         143.619
            610         143.619
            611         143.619
            612         143.619
            613         143.619
            614         144.596
            615         144.596
            616         144.596
            617         144.596
            618         144.596
            619         144.596
            620         144.596
            621         144.596
            622         144.596
            623         144.596
            624         144.596
            625         144.596
            626         144.596
            627         144.596
            628         144.596
            629         144.596
            630         144.596
            631         144.596
            632         144.596
            633         144.596
            634         144.596
            635         144.596
            636         144.596
            637         144.596
            638         144.596
            639         144.596
            640         144.596
            641         144.596
            642         144.596
            643         144.596
            644         144.596
            645         144.596
            646         145.573
            647         145.573
            648         145.573
            649         145.573
            650         146.550
            651         146.550
            652         146.550
            653         147.527
            654         146.550
