TRACENO
              2         241.319
              3         240.342
              4         240.342
              5         240.342
              6         240.342
              7         240.342
              8         239.365
              9         239.365
             10         239.365
             11         238.388
             12         238.388
             13         238.388
             14         237.411
             15         237.411
             16         237.411
             17         236.434
             18         236.434
             19         237.411
             20         237.411
             21         237.411
             22         237.411
             23         237.411
             24         237.411
             25         237.411
             26         237.411
             27         237.411
             28         237.411
             29         237.411
             30         237.411
             31         237.411
             32         237.411
             33         237.411
             34         237.411
             35         237.411
             36         237.411
             37         237.411
             38         237.411
             39         237.411
             40         237.411
             41         237.411
             42         237.411
             43         237.411
             44         237.411
             45         237.411
             46         237.411
             47         237.411
             48         237.411
             49         237.411
             50         237.411
             51         237.411
             52         237.411
             53         237.411
             54         237.411
             55         237.411
             56         237.411
             57         237.411
             58         237.411
             59         237.411
             60         237.411
             61         237.411
             62         237.411
             63         237.411
             64         237.411
             65         237.411
             66         237.411
             67         237.411
             68         237.411
             69         237.411
             70         237.411
             71         237.411
             72         237.411
             73         237.411
             74         237.411
             75         237.411
             76         237.411
             77         237.411
             78         237.411
             79         237.411
             80         237.411
             81         237.411
             82         237.411
             83         237.411
             84         237.411
             85         237.411
             86         237.411
             87         237.411
             88         237.411
             89         237.411
             90         237.411
             91         237.411
             92         237.411
             93         237.411
             94         237.411
             95         237.411
             96         237.411
             97         237.411
             98         236.434
             99         236.434
            100         236.434
            101         237.411
            102         237.411
            103         237.411
            104         238.388
            105         238.388
            106         238.388
            107         238.388
            108         237.411
            109         237.411
            110         237.411
            111         237.411
            112         237.411
            113         237.411
            114         237.411
            115         237.411
            116         238.388
            117         239.365
            118         240.342
            119         240.342
            120         240.342
            121         241.319
            122         241.319
            123         241.319
            124         242.296
            125         242.296
            126         243.273
            127         243.273
            128         243.273
            129         244.250
            130         243.273
            131         243.273
            132         243.273
            133         243.273
            134         241.319
            135         240.342
            136         239.365
            137         239.365
            138         239.365
            139         239.365
            140         239.365
            141         240.342
            142         241.319
            143         241.319
            144         241.319
            145         241.319
            146         240.342
            147         240.342
            148         240.342
            149         240.342
            150         241.319
            151         241.319
            152         242.296
            153         242.296
            154         242.296
            155         242.296
            156         242.296
            157         241.319
            158         241.319
            159         241.319
            160         241.319
            161         241.319
            162         241.319
            163         241.319
            164         241.319
            165         240.342
            166         240.342
            167         240.342
            168         240.342
            169         240.342
            170         240.342
            171         240.342
            172         239.365
            173         239.365
            174         239.365
            175         238.388
            176         238.388
            177         238.388
            178         238.388
            179         238.388
            180         238.388
            181         238.388
            182         238.388
            183         238.388
            184         238.388
            185         238.388
            186         238.388
            187         238.388
            188         238.388
            189         238.388
            190         238.388
            191         238.388
            192         238.388
            193         238.388
            194         238.388
            195         239.365
            196         239.365
            197         239.365
            198         239.365
            199         240.342
            200         240.342
            201         240.342
            202         240.342
            203         240.342
            204         240.342
            205         240.342
            206         240.342
            207         240.342
            208         240.342
            209         241.319
            210         241.319
            211         241.319
            212         241.319
            213         241.319
            214         241.319
            215         241.319
            216         241.319
            217         241.319
            218         241.319
            219         241.319
            220         241.319
            221         240.342
            222         240.342
            223         241.319
            224         241.319
            225         241.319
            226         241.319
            227         241.319
            228         241.319
            229         242.296
            230         242.296
            231         241.319
            232         241.319
            233         241.319
            234         241.319
            235         241.319
            236         241.319
            237         241.319
            238         241.319
            239         241.319
            240         241.319
            241         241.319
            242         241.319
            243         241.319
            244         241.319
            245         241.319
            246         241.319
            247         241.319
            248         241.319
            249         241.319
            250         241.319
            251         241.319
            252         241.319
            253         241.319
            254         242.296
            255         242.296
            256         243.273
            257         243.273
            258         242.296
            259         242.296
            260         242.296
            261         242.296
            262         242.296
            263         242.296
            264         242.296
            265         242.296
            266         242.296
            267         242.296
            268         242.296
            269         242.296
            270         242.296
            271         242.296
            272         242.296
            273         242.296
            274         242.296
            275         242.296
            276         242.296
            277         242.296
            278         242.296
