TRACENO
              1         160.228
              2         160.228
              3         160.228
              4         160.228
              5         160.228
              6         160.228
              7         160.228
              8         160.228
              9         160.228
             10         160.228
             11         160.228
             12         160.228
             13         160.228
             14         160.228
             15         160.228
             16         160.228
             17         160.228
             18         160.228
             19         160.228
             20         160.228
             21         160.228
             22         160.228
             23         160.228
             24         160.228
             25         160.228
             26         160.228
             27         160.228
             28         160.228
             29         160.228
             30         160.228
             31         160.228
             32         160.228
             33         160.228
             34         160.228
             35         160.228
             36         160.228
             37         160.228
             38         160.228
             39         160.228
             40         160.228
             41         160.228
             42         160.228
             43         160.228
             44         160.228
             45         160.228
             46         159.251
             47         159.251
             48         159.251
             49         159.251
             50         159.251
             51         159.251
             52         159.251
             53         159.251
             54         159.251
             55         159.251
             56         159.251
             57         159.251
             58         159.251
             59         159.251
             60         159.251
             61         159.251
             62         159.251
             63         160.228
             64         160.228
             65         160.228
             66         160.228
             67         160.228
             68         160.228
             69         160.228
             70         160.228
             71         160.228
             72         160.228
             73         160.228
             74         160.228
             75         160.228
             76         160.228
             77         160.228
             78         160.228
             79         160.228
             80         160.228
             81         160.228
             82         160.228
             83         160.228
             84         160.228
             85         160.228
             86         160.228
             87         160.228
             88         160.228
             89         160.228
             90         160.228
             91         160.228
             92         160.228
             93         160.228
             94         160.228
             95         160.228
             96         160.228
             97         160.228
             98         160.228
             99         160.228
            100         160.228
            101         160.228
            102         160.228
            103         160.228
            104         160.228
            105         160.228
            106         160.228
            107         160.228
            108         160.228
            109         160.228
            110         160.228
            111         160.228
            112         160.228
            113         160.228
            114         160.228
            115         160.228
            116         160.228
            117         160.228
            118         160.228
            119         160.228
            120         160.228
            121         160.228
            122         160.228
            123         160.228
            124         160.228
            125         160.228
            126         160.228
            127         160.228
            128         160.228
            129         160.228
            130         160.228
            131         160.228
            132         160.228
            133         160.228
            134         160.228
            135         160.228
            136         160.228
            137         160.228
            138         160.228
            139         160.228
            140         160.228
            141         160.228
            142         160.228
            143         160.228
            144         160.228
            145         160.228
            146         160.228
            147         160.228
            148         161.205
            149         161.205
            150         161.205
            151         161.205
            152         161.205
            153         161.205
            154         160.228
            155         160.228
            156         160.228
            157         160.228
            158         160.228
            159         160.228
            160         160.228
            161         160.228
            162         160.228
            163         160.228
            164         160.228
            165         160.228
            166         160.228
            167         160.228
            168         160.228
            169         160.228
            170         160.228
            171         160.228
            172         160.228
            173         160.228
            174         160.228
            175         160.228
            176         160.228
            177         160.228
            178         160.228
            179         160.228
            180         160.228
            181         160.228
            182         160.228
            183         160.228
            184         160.228
            185         160.228
            186         160.228
            187         160.228
            188         160.228
            189         160.228
            190         160.228
            191         160.228
            192         160.228
            193         160.228
            194         160.228
            195         160.228
            196         160.228
            197         160.228
            198         160.228
            199         160.228
            200         160.228
            201         160.228
            202         160.228
            203         160.228
            204         160.228
            205         160.228
            206         160.228
            207         160.228
            208         160.228
            209         160.228
            210         160.228
            211         160.228
            212         160.228
            213         160.228
            214         160.228
            215         160.228
            216         160.228
            217         160.228
            218         160.228
            219         160.228
            220         160.228
            221         160.228
            222         160.228
            223         160.228
            224         160.228
            225         160.228
            226         160.228
            227         160.228
            228         160.228
            229         160.228
            230         160.228
            231         160.228
            232         160.228
            233         160.228
            234         160.228
            235         160.228
            236         160.228
            237         160.228
            238         160.228
            239         160.228
            240         160.228
            241         160.228
            242         160.228
            243         160.228
            244         160.228
            245         160.228
            246         160.228
            247         160.228
            248         160.228
            249         160.228
            250         160.228
            251         160.228
            252         160.228
            253         160.228
            254         160.228
            255         160.228
            256         160.228
            257         160.228
            258         160.228
            259         160.228
            260         160.228
            261         160.228
            262         160.228
            263         160.228
            264         160.228
            265         160.228
            266         159.251
            267         159.251
            268         159.251
            269         159.251
            270         159.251
            271         159.251
            272         159.251
            273         159.251
            274         159.251
            275         159.251
            276         159.251
            277         159.251
            278         159.251
            279         159.251
            280         159.251
            281         159.251
            282         159.251
            283         159.251
            284         159.251
            285         159.251
            286         159.251
            287         159.251
            288         159.251
            289         159.251
            290         159.251
            291         159.251
            292         160.228
            293         160.228
            294         160.228
            295         160.228
            296         160.228
            297         160.228
            298         160.228
            299         160.228
            300         160.228
            301         160.228
            302         160.228
            303         160.228
            304         160.228
            305         160.228
            306         160.228
            307         160.228
            308         160.228
            309         160.228
            310         160.228
            311         160.228
            312         161.205
            313         161.205
            314         161.205
            315         161.205
            316         161.205
            317         161.205
            318         161.205
            319         161.205
            320         161.205
            321         161.205
            322         161.205
            323         161.205
            324         161.205
            325         161.205
            326         161.205
            327         161.205
            328         161.205
            329         161.205
            330         161.205
            331         161.205
            332         161.205
            333         161.205
            334         161.205
            335         161.205
            336         161.205
            337         161.205
            338         161.205
            339         161.205
            340         161.205
            341         161.205
            342         161.205
            343         161.205
            344         161.205
            345         161.205
            346         161.205
            347         161.205
            348         161.205
            349         161.205
            350         161.205
            351         161.205
            352         161.205
            353         161.205
            354         161.205
            355         161.205
            356         161.205
            357         161.205
            358         161.205
            359         161.205
            360         161.205
            361         161.205
            362         161.205
            363         161.205
            364         161.205
            365         161.205
            366         161.205
            367         161.205
            368         161.205
            369         161.205
            370         161.205
            371         161.205
            372         161.205
            373         161.205
            374         161.205
            375         161.205
            376         161.205
            377         161.205
            378         161.205
            379         161.205
            380         161.205
            381         161.205
            382         161.205
            383         161.205
            384         161.205
            385         160.228
            386         160.228
            387         160.228
            388         160.228
            389         160.228
            390         160.228
            391         160.228
            392         160.228
            393         160.228
            394         160.228
            395         160.228
            396         160.228
            397         160.228
            398         160.228
            399         160.228
            400         160.228
            401         160.228
            402         160.228
            403         160.228
            404         160.228
            405         160.228
            406         160.228
            407         160.228
            408         160.228
            409         160.228
            410         160.228
            411         160.228
            412         160.228
            413         160.228
            414         160.228
            415         160.228
            416         160.228
            417         160.228
            418         161.205
            419         161.205
            420         161.205
            421         161.205
            422         161.205
            423         161.205
            424         161.205
            425         161.205
            426         161.205
            427         161.205
            428         161.205
            429         161.205
            430         161.205
            431         161.205
            432         161.205
            433         161.205
            434         161.205
            435         161.205
            436         161.205
            437         161.205
            438         161.205
            439         161.205
            440         161.205
            441         161.205
            442         162.182
            443         162.182
            444         162.182
            445         162.182
            446         162.182
            447         162.182
            448         162.182
            449         162.182
            450         162.182
            451         162.182
            452         162.182
            453         162.182
            454         162.182
            455         162.182
            456         162.182
            457         162.182
            458         162.182
            459         162.182
            460         162.182
            461         161.205
            462         161.205
            463         161.205
            464         161.205
            465         161.205
            466         161.205
            467         161.205
            468         161.205
            469         161.205
            470         161.205
            471         161.205
            472         161.205
            473         161.205
            474         161.205
            475         161.205
            476         161.205
            477         161.205
            478         161.205
            479         161.205
            480         161.205
            481         161.205
            482         161.205
            483         161.205
            484         161.205
            485         162.182
            486         162.182
            487         162.182
            488         162.182
            489         162.182
            490         162.182
            491         162.182
            492         162.182
            493         162.182
            494         162.182
            495         162.182
            496         162.182
            497         162.182
            498         162.182
            499         161.205
            500         161.205
            501         161.205
            502         161.205
            503         161.205
            504         161.205
            505         161.205
            506         161.205
            507         161.205
            508         161.205
            509         161.205
            510         161.205
            511         161.205
            512         161.205
            513         161.205
            514         161.205
            515         161.205
            516         161.205
            517         161.205
            518         161.205
            519         161.205
            520         161.205
            521         161.205
            522         161.205
            523         161.205
            524         161.205
            525         161.205
            526         161.205
            527         161.205
            528         161.205
            529         161.205
            530         161.205
            531         161.205
            532         161.205
            533         161.205
            534         161.205
            535         161.205
            536         161.205
            537         161.205
            538         161.205
            539         161.205
            540         161.205
            541         161.205
            542         161.205
            543         161.205
            544         161.205
            545         161.205
            546         161.205
            547         161.205
            548         161.205
            549         161.205
            550         161.205
            551         161.205
            552         161.205
            553         161.205
            554         161.205
            555         161.205
            556         160.228
            557         160.228
            558         160.228
            559         160.228
            560         160.228
            561         160.228
            562         160.228
            563         160.228
            564         160.228
            565         160.228
            566         160.228
            567         160.228
            568         160.228
            569         160.228
            570         160.228
            571         160.228
            572         160.228
            573         160.228
            574         160.228
            575         160.228
            576         160.228
            577         160.228
            578         160.228
            579         160.228
            580         160.228
            581         160.228
            582         160.228
            583         160.228
            584         160.228
            585         160.228
            586         160.228
            587         160.228
            588         160.228
            589         160.228
            590         160.228
            591         160.228
            592         160.228
            593         160.228
            594         160.228
            595         160.228
            596         160.228
            597         160.228
