TRACENO
              1         116.263
              2         116.263
              3         116.263
              4         116.263
              5         116.263
              6         116.263
              7         116.263
              8         116.263
              9         116.263
             10         116.263
             11         116.263
             12         116.263
             13         116.263
             14         116.263
             15         116.263
             16         117.240
             17         117.240
             18         117.240
             19         117.240
             20         117.240
             21         117.240
             22         117.240
             23         117.240
             24         117.240
             25         117.240
             26         117.240
             27         117.240
             28         117.240
             29         117.240
             30         117.240
             31         117.240
             32         117.240
             33         117.240
             34         117.240
             35         117.240
             36         117.240
             37         117.240
             38         118.217
             39         118.217
             40         118.217
             41         118.217
             42         118.217
             43         118.217
             44         118.217
             45         118.217
             46         119.194
             47         119.194
             48         119.194
             49         119.194
             50         119.194
             51         119.194
             52         119.194
             53         119.194
             54         119.194
             55         120.171
             56         120.171
             57         120.171
             58         120.171
             59         120.171
             60         120.171
             61         120.171
             62         120.171
             63         120.171
             64         120.171
             65         120.171
             66         120.171
             67         120.171
             68         120.171
             69         120.171
             70         121.148
             71         121.148
             72         121.148
             73         121.148
             74         121.148
             75         121.148
             76         121.148
             77         121.148
             78         121.148
             79         121.148
             80         121.148
             81         121.148
             82         121.148
             83         122.125
             84         122.125
             85         122.125
             86         122.125
             87         122.125
             88         122.125
             89         122.125
             90         123.102
             91         123.102
             92         123.102
             93         123.102
             94         123.102
             95         123.102
             96         123.102
             97         123.102
             98         124.079
             99         124.079
            100         124.079
            101         124.079
            102         124.079
            103         124.079
            104         124.079
            105         125.056
            106         125.056
            107         125.056
            108         125.056
            109         125.056
            110         125.056
            111         125.056
            112         125.056
            113         125.056
            114         126.033
            115         126.033
            116         126.033
            117         126.033
            118         126.033
            119         126.033
            120         126.033
            121         126.033
            122         127.010
            123         127.010
            124         127.010
            125         127.010
            126         127.010
            127         127.010
            128         127.010
            129         127.010
            130         127.987
            131         127.987
            132         127.987
            133         127.987
            134         127.987
            135         127.987
            136         127.987
            137         127.987
            138         127.987
            139         127.987
            140         127.987
            141         127.987
            142         127.987
            143         127.987
            144         128.964
            145         128.964
            146         128.964
            147         128.964
            148         128.964
            149         128.964
            150         128.964
            151         128.964
            152         128.964
            153         128.964
            154         128.964
            155         128.964
            156         129.941
            157         129.941
            158         129.941
            159         129.941
            160         129.941
            161         129.941
            162         129.941
            163         129.941
            164         129.941
            165         129.941
            166         129.941
            167         130.918
            168         130.918
            169         130.918
            170         130.918
            171         130.918
            172         130.918
            173         130.918
            174         130.918
            175         130.918
            176         130.918
            177         130.918
            178         130.918
            179         130.918
            180         130.918
            181         130.918
            182         130.918
            183         130.918
            184         130.918
            185         130.918
            186         130.918
            187         130.918
            188         130.918
            189         130.918
            190         130.918
            191         130.918
            192         130.918
            193         130.918
            194         130.918
            195         130.918
            196         130.918
            197         130.918
            198         130.918
            199         130.918
            200         130.918
            201         130.918
            202         130.918
            203         130.918
            204         130.918
            205         131.895
            206         131.895
            207         131.895
            208         131.895
            209         131.895
            210         131.895
            211         131.895
            212         131.895
            213         132.872
            214         132.872
            215         132.872
            216         132.872
            217         132.872
            218         132.872
            219         133.849
            220         133.849
            221         133.849
            222         133.849
            223         133.849
            224         134.826
            225         134.826
            226         134.826
            227         134.826
            228         134.826
            229         134.826
            230         135.803
            231         135.803
            232         135.803
            233         135.803
            234         135.803
            235         135.803
            236         135.803
            237         135.803
            238         135.803
            239         135.803
            240         135.803
            241         135.803
            242         135.803
            243         136.780
            244         136.780
            245         136.780
            246         136.780
            247         136.780
            248         136.780
            249         136.780
            250         136.780
            251         136.780
            252         136.780
            253         136.780
            254         136.780
            255         136.780
            256         136.780
            257         136.780
            258         136.780
            259         136.780
            260         136.780
            261         136.780
            262         136.780
            263         136.780
            264         136.780
            265         136.780
            266         136.780
            267         136.780
            268         136.780
            269         136.780
            270         136.780
            271         136.780
            272         136.780
            273         136.780
            274         137.757
            275         137.757
            276         137.757
            277         137.757
            278         137.757
            279         137.757
            280         137.757
            281         137.757
            282         137.757
            283         137.757
            284         137.757
            285         137.757
            286         137.757
            287         138.734
            288         138.734
            289         138.734
            290         138.734
            291         138.734
            292         138.734
            293         138.734
            294         138.734
            295         138.734
            296         138.734
            297         138.734
            298         138.734
            299         138.734
            300         138.734
            301         138.734
            302         138.734
            303         138.734
            304         138.734
            305         138.734
            306         138.734
            307         138.734
            308         138.734
            309         138.734
            310         138.734
            311         138.734
            312         138.734
            313         138.734
            314         138.734
            315         138.734
            316         138.734
            317         138.734
            318         138.734
            319         138.734
            320         139.711
            321         139.711
            322         139.711
            323         139.711
            324         139.711
            325         139.711
            326         139.711
            327         139.711
            328         139.711
            329         139.711
            330         139.711
            331         139.711
            332         139.711
            333         139.711
            334         140.688
            335         140.688
            336         140.688
            337         140.688
            338         140.688
            339         140.688
            340         140.688
            341         140.688
            342         140.688
            343         140.688
            344         140.688
            345         140.688
            346         140.688
            347         141.665
            348         141.665
            349         141.665
            350         141.665
            351         141.665
            352         141.665
            353         141.665
            354         141.665
            355         141.665
            356         141.665
            357         141.665
            358         141.665
            359         141.665
            360         141.665
            361         141.665
            362         141.665
            363         141.665
            364         141.665
            365         141.665
            366         141.665
            367         141.665
            368         141.665
            369         141.665
            370         141.665
            371         141.665
            372         141.665
            373         141.665
            374         141.665
            375         141.665
            376         141.665
            377         141.665
            378         142.642
            379         142.642
            380         142.642
            381         142.642
            382         142.642
