TRACENO
              1         134.826
              2         134.826
              3         134.826
              4         134.826
              5         134.826
              6         134.826
              7         134.826
              8         134.826
              9         134.826
             10         134.826
             11         134.826
             12         134.826
             13         134.826
             14         134.826
             15         134.826
             16         134.826
             17         134.826
             18         134.826
             19         134.826
             20         134.826
             21         134.826
             22         134.826
             23         134.826
             24         134.826
             25         134.826
             26         134.826
             27         134.826
             28         134.826
             29         134.826
             30         134.826
             31         134.826
             32         134.826
             33         134.826
             34         134.826
             35         134.826
             36         134.826
             37         134.826
             38         134.826
             39         134.826
             40         134.826
             41         134.826
             42         134.826
             43         134.826
             44         134.826
             45         135.803
             46         135.803
             47         135.803
             48         135.803
             49         135.803
             50         135.803
             51         135.803
             52         135.803
             53         135.803
             54         135.803
             55         136.780
             56         136.780
             57         136.780
             58         136.780
             59         136.780
             60         136.780
             61         136.780
             62         137.757
             63         137.757
             64         137.757
             65         137.757
             66         137.757
             67         137.757
             68         137.757
             69         138.734
             70         138.734
             71         138.734
             72         138.734
             73         138.734
             74         138.734
             75         139.711
             76         139.711
             77         139.711
             78         139.711
             79         139.711
             80         139.711
             81         140.688
             82         140.688
             83         140.688
             84         140.688
             85         140.688
             86         141.665
             87         141.665
             88         141.665
             89         141.665
             90         141.665
             91         142.642
             92         142.642
             93         142.642
             94         142.642
             95         142.642
             96         143.619
             97         143.619
             98         143.619
             99         143.619
            100         144.596
            101         144.596
            102         144.596
            103         144.596
            104         144.596
            105         145.573
            106         145.573
            107         145.573
            108         145.573
            109         145.573
            110         146.550
            111         146.550
            112         146.550
            113         146.550
            114         146.550
            115         146.550
            116         146.550
            117         146.550
            118         146.550
            119         146.550
            120         146.550
            121         146.550
            122         146.550
            123         146.550
            124         146.550
            125         146.550
            126         146.550
            127         146.550
            128         146.550
            129         146.550
            130         146.550
            131         146.550
            132         147.527
            133         147.527
            134         147.527
            135         147.527
            136         147.527
            137         147.527
            138         147.527
            139         147.527
            140         148.504
            141         148.504
            142         148.504
            143         148.504
            144         148.504
            145         148.504
            146         149.481
            147         149.481
            148         149.481
            149         149.481
            150         149.481
            151         149.481
            152         150.458
            153         150.458
            154         150.458
            155         150.458
            156         150.458
            157         150.458
            158         150.458
            159         150.458
            160         151.435
            161         151.435
            162         151.435
            163         151.435
            164         151.435
            165         151.435
            166         151.435
            167         151.435
            168         152.412
            169         152.412
            170         152.412
            171         152.412
            172         152.412
            173         152.412
            174         152.412
            175         153.389
            176         153.389
            177         153.389
            178         153.389
            179         153.389
            180         153.389
            181         154.366
            182         154.366
            183         154.366
            184         154.366
            185         154.366
            186         154.366
            187         155.343
            188         155.343
            189         155.343
            190         155.343
            191         155.343
            192         155.343
            193         156.320
            194         156.320
            195         156.320
            196         156.320
            197         156.320
            198         156.320
            199         157.297
            200         157.297
            201         157.297
            202         157.297
            203         157.297
            204         157.297
            205         158.274
            206         158.274
            207         158.274
            208         158.274
            209         158.274
            210         159.251
            211         159.251
            212         159.251
            213         159.251
            214         159.251
            215         159.251
            216         160.228
            217         160.228
            218         160.228
            219         160.228
            220         160.228
            221         160.228
            222         161.205
            223         161.205
            224         161.205
            225         161.205
            226         161.205
            227         161.205
            228         162.182
            229         162.182
            230         162.182
            231         162.182
            232         162.182
            233         162.182
            234         163.159
            235         163.159
            236         163.159
            237         163.159
            238         163.159
            239         163.159
            240         164.136
            241         164.136
            242         164.136
            243         164.136
            244         164.136
            245         164.136
            246         165.113
            247         165.113
            248         165.113
            249         165.113
            250         165.113
            251         165.113
            252         166.090
            253         166.090
            254         166.090
            255         166.090
            256         166.090
            257         166.090
            258         167.067
            259         167.067
            260         167.067
            261         168.044
            262         168.044
            263         168.044
            264         168.044
            265         169.021
            266         169.021
            267         169.021
            268         169.998
            269         169.998
            270         169.998
            271         169.998
            272         170.975
            273         170.975
            274         170.975
            275         171.952
            276         171.952
            277         171.952
            278         172.929
            279         172.929
            280         172.929
            281         173.906
            282         173.906
            283         173.906
            284         173.906
            285         173.906
            286         174.883
            287         174.883
            288         174.883
            289         175.860
            290         175.860
            291         175.860
            292         176.837
            293         176.837
            294         176.837
            295         177.814
            296         177.814
            297         177.814
            298         178.791
            299         178.791
            300         178.791
            301         178.791
            302         179.768
            303         179.768
            304         179.768
            305         179.768
            306         180.745
            307         180.745
            308         180.745
            309         180.745
            310         181.722
            311         181.722
            312         181.722
            313         182.699
            314         182.699
            315         182.699
            316         183.676
            317         183.676
            318         184.653
            319         184.653
            320         185.630
            321         185.630
            322         185.630
            323         186.607
            324         186.607
            325         187.584
            326         187.584
            327         187.584
            328         188.561
            329         188.561
            330         188.561
            331         189.538
            332         189.538
            333         189.538
            334         190.515
            335         190.515
            336         191.492
