TRACENO
              1         216.894
              2         216.894
              3         216.894
              4         216.894
              5         216.894
              6         216.894
              7         216.894
              8         216.894
              9         216.894
             10         216.894
             11         216.894
             12         216.894
             13         216.894
             14         216.894
             15         216.894
             16         216.894
             17         216.894
             18         216.894
             19         216.894
             20         216.894
             21         216.894
             22         216.894
             23         216.894
             24         216.894
             25         216.894
             26         216.894
             27         216.894
             28         216.894
             29         216.894
             30         216.894
             31         216.894
             32         216.894
             33         216.894
             34         216.894
             35         216.894
             36         216.894
             37         216.894
             38         216.894
             39         216.894
             40         216.894
             41         216.894
             42         216.894
             43         216.894
             44         216.894
             45         216.894
             46         216.894
             47         216.894
             48         216.894
             49         216.894
             50         216.894
             51         216.894
             52         216.894
             53         216.894
             54         216.894
             55         216.894
             56         216.894
             57         216.894
             58         216.894
             59         216.894
             60         216.894
             61         216.894
             62         216.894
             63         216.894
             64         216.894
             65         216.894
             66         216.894
             67         216.894
             68         216.894
             69         216.894
             70         216.894
             71         216.894
             72         216.894
             73         216.894
             74         216.894
             75         216.894
             76         216.894
             77         216.894
             78         216.894
             79         216.894
             80         216.894
             81         216.894
             82         216.894
             83         216.894
             84         216.894
             85         216.894
             86         216.894
             87         216.894
             88         216.894
             89         216.894
             90         216.894
             91         216.894
             92         216.894
             93         216.894
             94         216.894
             95         216.894
             96         216.894
             97         216.894
             98         216.894
             99         216.894
            100         216.894
            101         216.894
            102         216.894
            103         217.871
            104         217.871
            105         217.871
            106         217.871
            107         217.871
            108         217.871
            109         217.871
            110         217.871
            111         217.871
            112         218.848
            113         218.848
            114         218.848
            115         218.848
            116         218.848
            117         218.848
            118         218.848
            119         218.848
            120         218.848
            121         218.848
            122         218.848
            123         218.848
            124         218.848
            125         218.848
            126         218.848
            127         218.848
            128         218.848
            129         218.848
            130         218.848
            131         218.848
            132         218.848
            133         218.848
            134         218.848
            135         218.848
            136         218.848
            137         217.871
            138         217.871
            139         217.871
            140         217.871
            141         217.871
            142         216.894
            143         216.894
            144         216.894
            145         216.894
            146         216.894
            147         216.894
            148         216.894
            149         216.894
            150         216.894
            151         215.917
            152         215.917
            153         215.917
            154         215.917
            155         215.917
            156         215.917
            157         215.917
            158         215.917
            159         215.917
            160         215.917
            161         215.917
            162         215.917
            163         215.917
            164         215.917
            165         215.917
            166         215.917
            167         215.917
            168         215.917
            169         215.917
            170         214.940
            171         214.940
            172         214.940
            173         214.940
            174         214.940
            175         214.940
            176         214.940
            177         214.940
            178         214.940
            179         214.940
            180         214.940
            181         214.940
            182         214.940
            183         214.940
            184         214.940
            185         214.940
            186         214.940
            187         214.940
            188         214.940
            189         214.940
            190         214.940
            191         214.940
            192         214.940
            193         214.940
            194         214.940
            195         214.940
            196         214.940
            197         214.940
            198         214.940
            199         214.940
            200         214.940
            201         214.940
            202         214.940
            203         214.940
            204         214.940
            205         214.940
            206         214.940
            207         214.940
            208         214.940
            209         214.940
            210         214.940
            211         214.940
            212         214.940
            213         214.940
            214         214.940
            215         214.940
            216         214.940
            217         214.940
            218         214.940
            219         214.940
            220         214.940
            221         214.940
            222         214.940
            223         214.940
            224         214.940
            225         214.940
            226         215.917
            227         215.917
            228         215.917
            229         215.917
            230         215.917
            231         215.917
            232         215.917
            233         215.917
            234         215.917
            235         215.917
            236         215.917
            237         215.917
            238         216.894
            239         216.894
            240         216.894
            241         216.894
            242         216.894
            243         217.871
            244         217.871
            245         217.871
            246         217.871
            247         217.871
            248         218.848
            249         217.871
            250         217.871
            251         217.871
            252         216.894
            253         216.894
            254         216.894
            255         216.894
            256         215.917
            257         215.917
            258         215.917
            259         215.917
            260         215.917
            261         215.917
            262         215.917
            263         215.917
            264         215.917
            265         215.917
            266         215.917
            267         214.940
            268         214.940
            269         214.940
            270         214.940
            271         214.940
            272         214.940
            273         214.940
            274         214.940
            275         214.940
            276         215.917
            277         215.917
            278         215.917
            279         215.917
            280         215.917
            281         216.894
            282         215.917
            283         215.917
            284         215.917
            285         215.917
            286         215.917
            287         215.917
            288         215.917
            289         214.940
            290         214.940
            291         214.940
            292         214.940
            293         214.940
            294         214.940
            295         215.917
            296         215.917
            297         215.917
            298         215.917
            299         215.917
            300         215.917
            301         215.917
            302         215.917
            303         215.917
            304         215.917
            305         215.917
            306         215.917
            307         215.917
            308         215.917
            309         215.917
            310         215.917
            311         215.917
            312         215.917
            313         215.917
            314         215.917
            315         214.940
            316         214.940
            317         214.940
            318         214.940
            319         214.940
            320         214.940
            321         214.940
            322         214.940
            323         214.940
            324         215.917
            325         214.940
            326         214.940
            327         214.940
            328         214.940
            329         214.940
            330         213.963
            331         213.963
            332         213.963
            333         213.963
            334         213.963
            335         213.963
            336         213.963
            337         213.963
            338         213.963
            339         213.963
            340         213.963
            341         213.963
            342         213.963
            343         213.963
            344         213.963
            345         213.963
            346         213.963
            347         213.963
            348         212.986
            349         212.986
            350         212.986
            351         212.986
            352         212.986
            353         212.986
            354         212.986
            355         212.986
            356         212.986
            357         212.986
            358         212.986
            359         212.986
            360         212.986
            361         212.986
            362         212.986
            363         212.986
            364         212.986
            365         212.986
            366         212.986
            367         212.986
            368         212.986
            369         212.986
            370         212.986
            371         212.986
            372         212.986
            373         212.986
            374         212.986
            375         212.986
            376         213.963
            377         213.963
            378         213.963
            379         213.963
            380         213.963
            381         213.963
            382         213.963
            383         213.963
            384         213.963
            385         213.963
            386         213.963
            387         213.963
            388         213.963
            389         213.963
            390         213.963
            391         213.963
            392         213.963
            393         213.963
            394         213.963
            395         213.963
            396         213.963
            397         213.963
            398         213.963
            399         213.963
            400         213.963
            401         213.963
            402         213.963
            403         213.963
            404         213.963
            405         212.986
            406         212.986
            407         212.986
            408         212.986
            409         212.986
            410         212.986
            411         212.986
            412         212.986
            413         212.986
            414         212.986
            415         212.986
            416         212.986
            417         212.986
            418         212.986
            419         212.986
            420         212.986
            421         212.986
            422         212.986
            423         212.986
            424         212.986
            425         212.986
            426         212.986
            427         212.986
            428         212.986
            429         212.986
            430         212.986
            431         212.986
            432         212.986
            433         212.986
            434         212.986
            435         212.986
            436         212.986
            437         212.986
            438         212.986
            439         212.986
            440         212.009
            441         212.009
            442         212.009
            443         212.009
            444         212.009
            445         212.009
            446         212.009
            447         212.009
            448         212.009
            449         212.009
            450         212.009
            451         212.009
            452         212.009
            453         212.009
            454         212.009
            455         212.009
            456         212.009
            457         212.009
            458         212.009
            459         212.009
            460         212.009
            461         212.009
            462         212.009
            463         212.009
            464         212.009
            465         212.009
            466         212.009
            467         212.009
            468         212.009
            469         212.009
            470         212.009
            471         212.009
            472         212.009
            473         212.986
            474         212.986
            475         212.986
            476         212.986
            477         212.986
            478         213.963
            479         213.963
            480         213.963
            481         214.940
            482         213.963
            483         213.963
            484         212.986
            485         213.963
            486         213.963
            487         213.963
            488         213.963
            489         213.963
            490         213.963
            491         213.963
            492         213.963
            493         213.963
            494         213.963
            495         213.963
            496         212.986
            497         212.986
            498         212.986
            499         212.986
            500         212.986
            501         212.986
            502         212.986
            503         212.986
            504         212.986
            505         212.986
            506         212.986
            507         212.986
            508         212.986
            509         212.986
            510         212.986
            511         212.986
            512         212.986
            513         212.986
            514         212.009
            515         212.009
            516         212.009
            517         212.009
            518         212.009
            519         212.009
            520         212.009
            521         212.009
            522         212.009
            523         212.009
            524         212.009
            525         212.009
            526         212.009
            527         212.009
            528         212.009
            529         212.009
            530         212.009
            531         212.009
            532         212.009
            533         212.009
            534         211.032
            535         211.032
            536         211.032
            537         211.032
            538         211.032
            539         211.032
            540         212.009
            541         212.009
            542         212.009
            543         212.009
            544         212.009
            545         212.009
            546         212.009
            547         212.009
            548         212.009
            549         212.009
            550         212.009
            551         212.009
            552         212.009
            553         212.009
            554         212.009
            555         212.009
            556         212.009
            557         212.009
            558         212.009
            559         212.009
            560         212.009
            561         212.009
            562         212.009
            563         212.009
            564         212.986
            565         212.986
            566         212.986
            567         212.986
            568         212.986
            569         212.986
            570         212.986
            571         212.986
            572         212.986
            573         212.986
            574         212.986
            575         212.986
            576         212.986
            577         212.986
            578         212.986
            579         212.986
            580         212.986
            581         213.963
            582         213.963
            583         213.963
            584         213.963
            585         213.963
            586         213.963
            587         213.963
            588         213.963
            589         213.963
            590         213.963
            591         213.963
            592         213.963
            593         213.963
            594         213.963
            595         213.963
            596         213.963
            597         212.986
            598         212.986
            599         212.986
            600         212.986
            601         212.986
            602         212.986
            603         212.986
            604         212.986
            605         212.009
            606         212.009
            607         212.009
            608         212.986
            609         212.986
            610         212.986
            611         212.986
            612         212.986
            613         212.986
            614         212.986
            615         212.986
            616         213.963
            617         213.963
            618         213.963
            619         213.963
            620         213.963
            621         213.963
            622         213.963
            623         213.963
            624         213.963
            625         213.963
            626         212.986
            627         212.986
            628         212.986
            629         212.986
            630         212.986
            631         212.986
            632         212.986
            633         212.986
            634         212.986
            635         212.009
            636         212.009
            637         212.009
            638         212.009
            639         212.009
            640         212.009
            641         212.009
            642         212.009
            643         212.009
            644         211.032
            645         211.032
            646         211.032
            647         211.032
            648         211.032
            649         211.032
            650         211.032
            651         211.032
            652         210.055
            653         210.055
            654         210.055
            655         210.055
            656         210.055
            657         210.055
            658         210.055
            659         210.055
            660         210.055
            661         210.055
            662         210.055
            663         210.055
            664         210.055
            665         210.055
            666         210.055
            667         210.055
            668         210.055
            669         210.055
            670         210.055
            671         209.078
            672         209.078
            673         209.078
            674         209.078
            675         209.078
            676         209.078
            677         209.078
            678         209.078
            679         209.078
            680         209.078
            681         209.078
            682         209.078
            683         209.078
            684         209.078
            685         209.078
            686         209.078
            687         209.078
            688         209.078
            689         209.078
            690         209.078
            691         209.078
            692         209.078
            693         209.078
            694         209.078
            695         209.078
            696         209.078
            697         209.078
            698         209.078
            699         209.078
            700         209.078
            701         209.078
            702         209.078
            703         209.078
            704         209.078
            705         209.078
            706         209.078
            707         209.078
            708         209.078
            709         209.078
            710         209.078
            711         209.078
            712         209.078
            713         209.078
            714         209.078
            715         209.078
            716         209.078
            717         209.078
            718         209.078
            719         209.078
            720         209.078
            721         209.078
            722         209.078
            723         209.078
            724         209.078
            725         209.078
            726         209.078
            727         209.078
            728         209.078
            729         209.078
            730         209.078
            731         209.078
            732         209.078
            733         209.078
            734         209.078
            735         209.078
            736         209.078
            737         209.078
            738         209.078
            739         209.078
            740         209.078
            741         209.078
            742         209.078
            743         209.078
            744         209.078
            745         209.078
            746         209.078
            747         209.078
            748         209.078
            749         209.078
            750         209.078
            751         209.078
            752         209.078
            753         209.078
            754         209.078
            755         209.078
            756         209.078
            757         209.078
            758         209.078
            759         209.078
            760         209.078
            761         209.078
            762         209.078
            763         209.078
            764         209.078
            765         209.078
            766         209.078
            767         209.078
            768         209.078
            769         209.078
            770         209.078
            771         209.078
            772         209.078
            773         209.078
            774         209.078
            775         209.078
            776         209.078
            777         209.078
            778         209.078
            779         209.078
            780         209.078
            781         209.078
            782         209.078
            783         209.078
            784         209.078
            785         209.078
            786         209.078
            787         209.078
            788         209.078
            789         209.078
            790         209.078
            791         209.078
            792         209.078
            793         209.078
            794         209.078
            795         209.078
            796         209.078
            797         209.078
            798         209.078
            799         208.101
            800         208.101
            801         208.101
            802         208.101
            803         208.101
            804         208.101
            805         208.101
            806         208.101
            807         208.101
            808         208.101
            809         208.101
            810         208.101
            811         208.101
            812         208.101
            813         208.101
            814         208.101
            815         208.101
            816         208.101
            817         208.101
            818         208.101
            819         208.101
            820         208.101
            821         208.101
            822         208.101
            823         208.101
            824         208.101
            825         208.101
            826         208.101
            827         208.101
            828         208.101
            829         208.101
            830         208.101
            831         208.101
            832         208.101
            833         208.101
            834         208.101
            835         208.101
            836         208.101
            837         208.101
            838         208.101
            839         208.101
            840         208.101
            841         208.101
            842         208.101
            843         208.101
            844         208.101
            845         208.101
            846         208.101
            847         208.101
            848         208.101
            849         209.078
            850         209.078
            851         209.078
            852         209.078
            853         209.078
            854         209.078
            855         209.078
            856         209.078
            857         209.078
            858         209.078
            859         209.078
            860         209.078
            861         209.078
            862         208.101
            863         208.101
            864         208.101
            865         208.101
            866         208.101
            867         208.101
            868         208.101
            869         208.101
            870         208.101
            871         208.101
            872         208.101
            873         208.101
            874         208.101
            875         208.101
            876         208.101
            877         208.101
            878         208.101
            879         208.101
            880         208.101
            881         208.101
            882         208.101
            883         208.101
            884         208.101
            885         208.101
            886         208.101
            887         208.101
            888         208.101
            889         208.101
            890         208.101
            891         208.101
            892         207.124
            893         207.124
            894         207.124
            895         207.124
            896         207.124
            897         207.124
            898         207.124
            899         207.124
            900         207.124
            901         207.124
            902         207.124
            903         207.124
            904         207.124
            905         206.147
            906         206.147
            907         206.147
            908         206.147
            909         206.147
            910         206.147
            911         206.147
            912         206.147
            913         206.147
            914         206.147
            915         206.147
            916         206.147
            917         206.147
            918         206.147
            919         206.147
            920         206.147
            921         206.147
            922         206.147
            923         206.147
            924         206.147
            925         206.147
            926         206.147
            927         206.147
            928         206.147
            929         206.147
            930         206.147
            931         206.147
            932         206.147
            933         206.147
            934         206.147
            935         206.147
            936         206.147
            937         206.147
            938         206.147
            939         206.147
            940         206.147
            941         206.147
            942         206.147
            943         206.147
            944         206.147
            945         206.147
            946         206.147
            947         205.170
            948         205.170
            949         205.170
            950         205.170
            951         205.170
            952         205.170
            953         205.170
            954         205.170
            955         205.170
            956         205.170
            957         205.170
            958         205.170
            959         205.170
            960         205.170
            961         205.170
            962         205.170
            963         205.170
            964         205.170
            965         205.170
            966         205.170
            967         205.170
            968         205.170
            969         205.170
            970         205.170
            971         205.170
            972         205.170
            973         205.170
            974         205.170
            975         205.170
            976         205.170
            977         205.170
            978         205.170
            979         205.170
            980         205.170
            981         205.170
            982         205.170
            983         205.170
            984         205.170
            985         205.170
            986         205.170
            987         205.170
            988         205.170
            989         205.170
            990         205.170
            991         205.170
            992         205.170
            993         205.170
            994         205.170
            995         205.170
            996         205.170
            997         205.170
            998         205.170
            999         205.170
           1000         205.170
           1001         205.170
           1002         205.170
           1003         205.170
           1004         205.170
           1005         205.170
           1006         204.193
           1007         204.193
           1008         204.193
           1009         204.193
           1010         204.193
           1011         204.193
           1012         204.193
           1013         204.193
           1014         204.193
           1015         204.193
           1016         204.193
           1017         204.193
           1018         204.193
           1019         204.193
           1020         204.193
           1021         204.193
           1022         204.193
           1023         204.193
           1024         204.193
           1025         204.193
           1026         204.193
           1027         204.193
           1028         203.216
           1029         203.216
           1030         203.216
           1031         203.216
           1032         203.216
           1033         203.216
           1034         203.216
           1035         203.216
           1036         203.216
           1037         203.216
           1038         203.216
           1039         203.216
           1040         203.216
           1041         203.216
           1042         203.216
           1043         203.216
           1044         203.216
           1045         203.216
           1046         203.216
           1047         203.216
           1048         203.216
           1049         203.216
           1050         203.216
           1051         203.216
           1052         203.216
           1053         203.216
           1054         203.216
           1055         203.216
           1056         203.216
           1057         203.216
           1058         203.216
           1059         203.216
           1060         203.216
           1061         203.216
           1062         203.216
           1063         203.216
           1064         203.216
           1065         203.216
           1066         203.216
           1067         203.216
           1068         203.216
           1069         203.216
           1070         203.216
           1071         203.216
           1072         203.216
           1073         203.216
           1074         203.216
           1075         203.216
           1076         203.216
           1077         203.216
           1078         203.216
           1079         203.216
           1080         203.216
           1081         203.216
           1082         203.216
           1083         203.216
           1084         203.216
           1085         203.216
           1086         203.216
           1087         203.216
           1088         203.216
           1089         203.216
           1090         203.216
           1091         203.216
           1092         203.216
           1093         203.216
           1094         203.216
           1095         203.216
           1096         203.216
           1097         203.216
           1098         203.216
           1099         203.216
           1100         203.216
           1101         203.216
           1102         203.216
           1103         203.216
           1104         203.216
           1105         203.216
           1106         203.216
           1107         203.216
           1108         203.216
           1109         203.216
           1110         203.216
           1111         203.216
           1112         203.216
           1113         203.216
           1114         203.216
           1115         203.216
           1116         203.216
           1117         203.216
           1118         203.216
           1119         203.216
           1120         203.216
           1121         203.216
           1122         203.216
           1123         203.216
           1124         203.216
           1125         203.216
           1126         203.216
           1127         203.216
           1128         203.216
           1129         203.216
           1130         203.216
           1131         203.216
           1132         203.216
           1133         203.216
           1134         203.216
           1135         203.216
           1136         203.216
           1137         203.216
           1138         203.216
           1139         203.216
           1140         203.216
           1141         203.216
           1142         203.216
           1143         203.216
           1144         203.216
           1145         203.216
           1146         203.216
           1147         203.216
           1148         203.216
           1149         203.216
           1150         203.216
           1151         203.216
           1152         203.216
           1153         203.216
           1154         203.216
           1155         203.216
           1156         203.216
           1157         203.216
           1158         203.216
           1159         203.216
           1160         203.216
           1161         203.216
           1162         203.216
           1163         203.216
           1164         203.216
           1165         203.216
           1166         203.216
           1167         203.216
           1168         203.216
           1169         203.216
           1170         203.216
           1171         203.216
           1172         203.216
           1173         203.216
           1174         203.216
           1175         203.216
           1176         202.239
           1177         202.239
           1178         202.239
           1179         202.239
           1180         202.239
           1181         202.239
           1182         202.239
           1183         202.239
           1184         202.239
           1185         202.239
           1186         202.239
           1187         202.239
           1188         202.239
           1189         202.239
           1190         202.239
           1191         202.239
           1192         202.239
           1193         202.239
           1194         202.239
           1195         202.239
           1196         202.239
           1197         202.239
           1198         202.239
           1199         202.239
           1200         202.239
           1201         202.239
           1202         202.239
           1203         202.239
           1204         202.239
           1205         202.239
           1206         202.239
           1207         202.239
           1208         202.239
           1209         202.239
           1210         202.239
           1211         202.239
           1212         202.239
           1213         202.239
           1214         202.239
           1215         202.239
           1216         202.239
           1217         202.239
           1218         202.239
           1219         202.239
           1220         202.239
           1221         202.239
           1222         202.239
           1223         202.239
           1224         202.239
           1225         202.239
           1226         202.239
           1227         202.239
           1228         202.239
           1229         202.239
           1230         202.239
           1231         202.239
           1232         202.239
           1233         202.239
           1234         202.239
           1235         202.239
           1236         202.239
           1237         202.239
           1238         202.239
           1239         202.239
           1240         202.239
           1241         202.239
           1242         202.239
           1243         202.239
           1244         202.239
           1245         202.239
           1246         202.239
           1247         202.239
           1248         202.239
           1249         202.239
           1250         202.239
           1251         202.239
           1252         202.239
           1253         202.239
           1254         202.239
           1255         202.239
           1256         202.239
           1257         202.239
           1258         202.239
           1259         202.239
           1260         202.239
           1261         202.239
           1262         202.239
           1263         202.239
           1264         202.239
           1265         202.239
           1266         202.239
           1267         202.239
           1268         202.239
           1269         202.239
           1270         202.239
           1271         202.239
           1272         202.239
           1273         202.239
           1274         202.239
           1275         202.239
           1276         202.239
           1277         202.239
           1278         202.239
           1279         202.239
           1280         202.239
           1281         202.239
           1282         202.239
           1283         202.239
           1284         202.239
           1285         202.239
           1286         202.239
           1287         202.239
           1288         202.239
           1289         202.239
           1290         202.239
           1291         202.239
           1292         202.239
           1293         202.239
           1294         202.239
           1295         202.239
           1296         202.239
           1297         202.239
           1298         202.239
           1299         201.262
           1300         201.262
           1301         202.239
           1302         202.239
           1303         202.239
           1304         202.239
           1305         202.239
           1306         202.239
           1307         202.239
           1308         202.239
           1309         202.239
           1310         202.239
           1311         202.239
           1312         202.239
           1313         202.239
           1314         202.239
           1315         202.239
           1316         202.239
           1317         202.239
           1318         202.239
           1319         202.239
           1320         202.239
           1321         202.239
           1322         202.239
           1323         202.239
           1324         202.239
           1325         202.239
           1326         202.239
           1327         202.239
           1328         202.239
           1329         202.239
           1330         202.239
           1331         202.239
           1332         202.239
           1333         202.239
           1334         202.239
           1335         202.239
           1336         202.239
           1337         202.239
           1338         202.239
           1339         202.239
           1340         202.239
           1341         202.239
           1342         202.239
           1343         201.262
           1344         201.262
           1345         201.262
           1346         201.262
           1347         201.262
           1348         201.262
           1349         201.262
           1350         201.262
           1351         201.262
           1352         201.262
           1353         201.262
           1354         201.262
           1355         201.262
           1356         201.262
           1357         201.262
           1358         201.262
           1359         201.262
           1360         201.262
           1361         201.262
           1362         201.262
           1363         201.262
           1364         201.262
           1365         201.262
           1366         202.239
           1367         202.239
           1368         202.239
           1369         202.239
           1370         202.239
           1371         202.239
           1372         202.239
           1373         203.216
           1374         203.216
           1375         203.216
           1376         203.216
           1377         203.216
           1378         203.216
           1379         203.216
           1380         203.216
           1381         203.216
           1382         203.216
           1383         203.216
           1384         203.216
           1385         203.216
           1386         203.216
           1387         203.216
           1388         204.193
           1389         204.193
           1390         204.193
           1391         204.193
           1392         204.193
           1393         204.193
           1394         204.193
           1395         203.216
           1396         203.216
           1397         203.216
           1398         202.239
           1399         202.239
           1400         202.239
           1401         201.262
           1402         201.262
           1403         201.262
           1404         201.262
           1405         201.262
           1406         201.262
           1407         201.262
           1408         201.262
           1409         201.262
           1410         201.262
           1411         201.262
           1412         201.262
           1413         201.262
           1414         201.262
           1415         201.262
           1416         201.262
           1417         201.262
           1418         201.262
           1419         201.262
           1420         201.262
           1421         201.262
           1422         201.262
           1423         201.262
           1424         201.262
           1425         201.262
           1426         201.262
           1427         201.262
           1428         201.262
           1429         201.262
           1430         201.262
           1431         201.262
           1432         201.262
           1433         201.262
           1434         201.262
           1435         201.262
           1436         201.262
           1437         201.262
           1438         201.262
           1439         201.262
           1440         201.262
           1441         201.262
           1442         201.262
           1443         201.262
           1444         201.262
           1445         201.262
           1446         201.262
           1447         201.262
           1448         201.262
           1449         200.285
           1450         200.285
           1451         200.285
           1452         200.285
           1453         200.285
           1454         200.285
           1455         200.285
           1456         200.285
           1457         200.285
           1458         200.285
           1459         200.285
           1460         200.285
           1461         200.285
           1462         200.285
           1463         200.285
           1464         200.285
           1465         200.285
           1466         200.285
           1467         200.285
           1468         200.285
           1469         200.285
           1470         200.285
           1471         200.285
           1472         200.285
           1473         200.285
           1474         200.285
           1475         200.285
           1476         200.285
           1477         200.285
           1478         200.285
           1479         200.285
           1480         200.285
           1481         200.285
           1482         200.285
           1483         200.285
           1484         200.285
           1485         200.285
           1486         200.285
           1487         200.285
           1488         200.285
           1489         200.285
           1490         200.285
           1491         200.285
           1492         200.285
           1493         200.285
           1494         200.285
           1495         200.285
           1496         200.285
           1497         200.285
           1498         200.285
           1499         200.285
           1500         200.285
           1501         200.285
           1502         200.285
           1503         200.285
           1504         200.285
           1505         200.285
           1506         200.285
           1507         199.308
           1508         199.308
           1509         199.308
           1510         199.308
           1511         199.308
           1512         199.308
           1513         199.308
           1514         199.308
           1515         199.308
           1516         199.308
           1517         199.308
           1518         199.308
           1519         199.308
           1520         199.308
           1521         199.308
           1522         199.308
           1523         199.308
           1524         199.308
           1525         199.308
           1526         199.308
           1527         199.308
           1528         199.308
           1529         199.308
           1530         199.308
           1531         199.308
           1532         199.308
           1533         198.331
           1534         198.331
           1535         198.331
           1536         198.331
           1537         198.331
           1538         198.331
           1539         198.331
           1540         198.331
           1541         198.331
           1542         198.331
           1543         198.331
           1544         198.331
           1545         198.331
           1546         198.331
           1547         198.331
           1548         198.331
           1549         198.331
           1550         198.331
           1551         198.331
           1552         198.331
           1553         198.331
           1554         198.331
           1555         198.331
           1556         198.331
           1557         197.354
           1558         197.354
           1559         197.354
           1560         197.354
           1561         197.354
           1562         197.354
           1563         197.354
           1564         197.354
           1565         197.354
           1566         197.354
           1567         197.354
           1568         197.354
           1569         197.354
           1570         197.354
           1571         197.354
           1572         197.354
           1573         196.377
           1574         196.377
           1575         196.377
           1576         196.377
           1577         196.377
           1578         196.377
           1579         196.377
           1580         196.377
           1581         196.377
           1582         196.377
           1583         197.354
           1584         197.354
           1585         197.354
           1586         197.354
           1587         197.354
           1588         196.377
           1589         196.377
           1590         196.377
           1591         196.377
           1592         196.377
           1593         196.377
           1594         196.377
           1595         196.377
           1596         196.377
           1597         196.377
           1598         196.377
           1599         196.377
           1600         196.377
           1601         196.377
           1602         196.377
           1603         196.377
           1604         196.377
           1605         196.377
           1606         196.377
           1607         196.377
           1608         196.377
           1609         196.377
           1610         196.377
           1611         196.377
           1612         196.377
           1613         197.354
           1614         197.354
           1615         197.354
           1616         197.354
           1617         197.354
           1618         197.354
           1619         197.354
           1620         197.354
           1621         197.354
           1622         197.354
           1623         197.354
           1624         197.354
           1625         197.354
           1626         197.354
           1627         197.354
           1628         196.377
           1629         196.377
           1630         196.377
           1631         196.377
           1632         196.377
           1633         196.377
           1634         196.377
           1635         196.377
           1636         196.377
           1637         196.377
           1638         196.377
           1639         196.377
           1640         196.377
           1641         196.377
           1642         196.377
           1643         196.377
           1644         196.377
           1645         196.377
           1646         196.377
           1647         196.377
           1648         196.377
           1649         196.377
           1650         196.377
           1651         196.377
           1652         196.377
           1653         196.377
           1654         196.377
           1655         196.377
           1656         196.377
           1657         196.377
           1658         196.377
           1659         196.377
           1660         196.377
           1661         196.377
           1662         196.377
           1663         196.377
           1664         196.377
           1665         196.377
           1666         196.377
           1667         196.377
           1668         196.377
           1669         196.377
           1670         196.377
           1671         196.377
           1672         196.377
           1673         196.377
           1674         197.354
           1675         197.354
           1676         197.354
           1677         197.354
           1678         197.354
           1679         197.354
           1680         197.354
           1681         197.354
           1682         197.354
           1683         198.331
           1684         198.331
           1685         198.331
           1686         198.331
           1687         198.331
           1688         198.331
           1689         198.331
           1690         198.331
           1691         198.331
           1692         199.308
           1693         199.308
           1694         199.308
           1695         199.308
           1696         199.308
           1697         199.308
           1698         199.308
           1699         198.331
           1700         198.331
           1701         198.331
           1702         198.331
           1703         198.331
           1704         197.354
           1705         197.354
           1706         197.354
           1707         197.354
           1708         197.354
           1709         197.354
           1710         197.354
           1711         197.354
           1712         197.354
           1713         197.354
           1714         198.331
           1715         198.331
           1716         198.331
           1717         198.331
           1718         198.331
           1719         198.331
           1720         198.331
           1721         198.331
           1722         198.331
           1723         197.354
           1724         197.354
           1725         197.354
           1726         197.354
           1727         197.354
           1728         197.354
           1729         197.354
           1730         197.354
           1731         197.354
           1732         197.354
           1733         197.354
           1734         196.377
           1735         196.377
           1736         196.377
           1737         196.377
           1738         196.377
           1739         196.377
           1740         196.377
           1741         196.377
           1742         196.377
           1743         196.377
           1744         196.377
           1745         196.377
           1746         196.377
           1747         197.354
           1748         197.354
           1749         197.354
           1750         197.354
           1751         197.354
           1752         197.354
           1753         197.354
           1754         197.354
           1755         197.354
           1756         197.354
           1757         197.354
           1758         198.331
           1759         198.331
           1760         198.331
           1761         198.331
           1762         198.331
           1763         198.331
           1764         198.331
           1765         198.331
           1766         198.331
           1767         197.354
           1768         197.354
           1769         197.354
           1770         197.354
           1771         197.354
           1772         197.354
           1773         197.354
           1774         196.377
           1775         196.377
           1776         196.377
           1777         196.377
           1778         196.377
           1779         196.377
           1780         196.377
           1781         196.377
           1782         196.377
           1783         196.377
           1784         196.377
           1785         196.377
           1786         196.377
           1787         195.400
           1788         195.400
           1789         195.400
           1790         195.400
           1791         195.400
           1792         195.400
           1793         195.400
           1794         195.400
           1795         194.423
           1796         194.423
           1797         194.423
           1798         194.423
           1799         194.423
           1800         194.423
           1801         194.423
           1802         194.423
           1803         193.446
           1804         193.446
           1805         193.446
           1806         193.446
           1807         193.446
           1808         193.446
           1809         193.446
           1810         193.446
           1811         193.446
           1812         193.446
           1813         193.446
           1814         193.446
           1815         193.446
           1816         193.446
           1817         194.423
           1818         193.446
           1819         193.446
           1820         193.446
           1821         193.446
           1822         193.446
           1823         193.446
           1824         193.446
           1825         193.446
           1826         193.446
           1827         193.446
           1828         193.446
           1829         192.469
           1830         192.469
           1831         192.469
           1832         192.469
           1833         192.469
           1834         192.469
           1835         192.469
           1836         192.469
           1837         191.492
           1838         191.492
           1839         191.492
           1840         191.492
           1841         191.492
           1842         191.492
           1843         191.492
           1844         191.492
           1845         191.492
           1846         191.492
           1847         191.492
           1848         191.492
           1849         191.492
           1850         191.492
           1851         191.492
           1852         191.492
           1853         191.492
           1854         192.469
           1855         192.469
           1856         192.469
           1857         191.492
           1858         191.492
           1859         191.492
           1860         191.492
           1861         191.492
           1862         191.492
           1863         191.492
           1864         191.492
           1865         191.492
           1866         191.492
           1867         191.492
           1868         191.492
           1869         191.492
           1870         191.492
           1871         191.492
           1872         192.469
           1873         192.469
           1874         192.469
           1875         192.469
           1876         192.469
           1877         192.469
           1878         191.492
           1879         191.492
           1880         191.492
           1881         191.492
           1882         191.492
           1883         191.492
           1884         191.492
           1885         191.492
           1886         191.492
           1887         190.515
           1888         190.515
           1889         190.515
           1890         190.515
           1891         190.515
           1892         190.515
           1893         190.515
           1894         190.515
           1895         190.515
           1896         190.515
           1897         190.515
           1898         190.515
           1899         190.515
           1900         190.515
           1901         189.538
           1902         189.538
           1903         189.538
           1904         189.538
           1905         189.538
           1906         189.538
           1907         189.538
           1908         189.538
           1909         189.538
           1910         189.538
           1911         189.538
           1912         189.538
           1913         189.538
           1914         189.538
           1915         189.538
           1916         189.538
           1917         189.538
           1918         189.538
           1919         189.538
           1920         189.538
           1921         189.538
           1922         189.538
           1923         189.538
           1924         189.538
           1925         189.538
           1926         189.538
           1927         189.538
           1928         189.538
           1929         189.538
           1930         189.538
           1931         189.538
           1932         189.538
           1933         189.538
           1934         189.538
           1935         188.561
           1936         188.561
           1937         188.561
           1938         188.561
           1939         188.561
           1940         188.561
           1941         188.561
           1942         188.561
           1943         188.561
           1944         188.561
           1945         188.561
           1946         188.561
           1947         188.561
           1948         188.561
           1949         188.561
           1950         188.561
           1951         188.561
           1952         188.561
           1953         188.561
           1954         188.561
           1955         188.561
           1956         188.561
           1957         188.561
           1958         188.561
           1959         188.561
           1960         188.561
           1961         188.561
           1962         187.584
           1963         187.584
           1964         187.584
           1965         187.584
           1966         187.584
           1967         187.584
           1968         186.607
           1969         186.607
           1970         186.607
           1971         186.607
           1972         186.607
           1973         185.630
           1974         185.630
           1975         185.630
           1976         185.630
           1977         185.630
           1978         184.653
           1979         184.653
           1980         184.653
           1981         184.653
           1982         184.653
           1983         184.653
           1984         184.653
           1985         184.653
           1986         184.653
           1987         184.653
           1988         184.653
           1989         184.653
           1990         184.653
           1991         184.653
           1992         184.653
           1993         184.653
           1994         184.653
           1995         184.653
           1996         184.653
           1997         183.676
           1998         183.676
           1999         183.676
           2000         183.676
           2001         183.676
           2002         183.676
           2003         183.676
           2004         183.676
           2005         183.676
           2006         183.676
           2007         183.676
           2008         183.676
           2009         183.676
           2010         183.676
           2011         183.676
           2012         183.676
           2013         183.676
           2014         183.676
           2015         183.676
           2016         183.676
           2017         183.676
           2018         183.676
           2019         183.676
           2020         183.676
           2021         183.676
           2022         183.676
           2023         183.676
           2024         183.676
           2025         183.676
           2026         183.676
           2027         183.676
           2028         183.676
           2029         182.699
           2030         182.699
           2031         182.699
           2032         182.699
           2033         182.699
           2034         182.699
           2035         182.699
           2036         182.699
           2037         182.699
           2038         182.699
           2039         182.699
           2040         182.699
           2041         182.699
           2042         182.699
           2043         181.722
           2044         181.722
           2045         181.722
           2046         180.745
           2047         180.745
           2048         180.745
           2049         179.768
           2050         179.768
           2051         179.768
           2052         178.791
           2053         178.791
           2054         178.791
           2055         179.768
           2056         179.768
           2057         179.768
           2058         179.768
           2059         179.768
           2060         179.768
           2061         179.768
           2062         179.768
           2063         179.768
           2064         179.768
           2065         179.768
           2066         179.768
           2067         179.768
           2068         179.768
           2069         179.768
           2070         179.768
           2071         179.768
           2072         179.768
           2073         179.768
           2074         179.768
           2075         179.768
           2076         179.768
           2077         179.768
           2078         179.768
           2079         179.768
           2080         179.768
           2081         179.768
           2082         179.768
           2083         179.768
           2084         179.768
           2085         179.768
           2086         179.768
           2087         179.768
           2088         179.768
           2089         179.768
           2090         179.768
           2091         179.768
           2092         179.768
           2093         179.768
           2094         179.768
           2095         178.791
           2096         178.791
           2097         178.791
           2098         178.791
           2099         178.791
           2100         178.791
           2101         178.791
           2102         178.791
           2103         178.791
           2104         178.791
           2105         178.791
           2106         178.791
           2107         178.791
           2108         178.791
           2109         178.791
           2110         178.791
           2111         178.791
           2112         178.791
           2113         178.791
           2114         178.791
           2115         177.814
           2116         177.814
           2117         177.814
           2118         177.814
           2119         177.814
           2120         177.814
           2121         177.814
           2122         177.814
           2123         177.814
           2124         177.814
           2125         177.814
           2126         177.814
           2127         177.814
           2128         177.814
           2129         176.837
           2130         176.837
           2131         176.837
           2132         176.837
           2133         176.837
           2134         176.837
           2135         176.837
           2136         176.837
           2137         176.837
           2138         176.837
           2139         176.837
           2140         175.860
           2141         175.860
           2142         175.860
           2143         175.860
           2144         175.860
           2145         175.860
           2146         175.860
           2147         175.860
           2148         175.860
           2149         175.860
           2150         175.860
           2151         175.860
           2152         175.860
           2153         175.860
           2154         175.860
           2155         174.883
           2156         174.883
           2157         174.883
           2158         174.883
           2159         174.883
           2160         174.883
           2161         173.906
           2162         173.906
           2163         173.906
           2164         173.906
           2165         173.906
           2166         173.906
           2167         172.929
           2168         172.929
           2169         172.929
           2170         172.929
           2171         172.929
           2172         172.929
           2173         172.929
           2174         172.929
           2175         172.929
           2176         172.929
           2177         171.952
           2178         171.952
           2179         171.952
           2180         171.952
           2181         171.952
           2182         171.952
           2183         171.952
           2184         171.952
           2185         171.952
           2186         171.952
           2187         171.952
           2188         170.975
           2189         170.975
           2190         170.975
           2191         170.975
           2192         170.975
           2193         170.975
           2194         170.975
           2195         169.998
           2196         169.998
           2197         169.998
           2198         169.998
           2199         169.998
           2200         169.998
           2201         169.998
           2202         169.021
           2203         169.021
           2204         169.021
           2205         169.021
           2206         169.021
           2207         169.021
           2208         169.021
           2209         169.021
           2210         169.021
           2211         169.021
           2212         169.021
           2213         169.021
           2214         169.021
           2215         169.021
           2216         169.021
           2217         169.021
           2218         169.021
           2219         169.021
           2220         169.021
           2221         169.021
           2222         169.021
           2223         169.021
           2224         169.021
           2225         169.021
           2226         168.044
           2227         168.044
           2228         168.044
           2229         168.044
           2230         168.044
           2231         168.044
           2232         168.044
           2233         168.044
           2234         167.067
           2235         167.067
           2236         167.067
           2237         167.067
           2238         167.067
           2239         167.067
           2240         167.067
           2241         166.090
           2242         166.090
           2243         166.090
           2244         166.090
           2245         166.090
           2246         166.090
           2247         166.090
           2248         166.090
           2249         165.113
           2250         165.113
           2251         165.113
           2252         165.113
           2253         165.113
           2254         165.113
           2255         165.113
           2256         165.113
           2257         165.113
           2258         165.113
           2259         164.136
           2260         164.136
           2261         164.136
           2262         164.136
           2263         164.136
           2264         164.136
           2265         164.136
           2266         164.136
           2267         164.136
           2268         164.136
           2269         164.136
           2270         163.159
           2271         163.159
           2272         163.159
           2273         163.159
           2274         163.159
           2275         163.159
           2276         163.159
           2277         163.159
           2278         163.159
           2279         163.159
           2280         163.159
           2281         162.182
           2282         162.182
           2283         162.182
           2284         162.182
           2285         162.182
           2286         162.182
           2287         162.182
           2288         162.182
           2289         162.182
           2290         162.182
           2291         161.205
           2292         161.205
           2293         161.205
           2294         161.205
           2295         161.205
           2296         161.205
           2297         161.205
           2298         161.205
           2299         161.205
           2300         161.205
           2301         160.228
           2302         160.228
           2303         160.228
           2304         160.228
           2305         160.228
           2306         160.228
           2307         160.228
           2308         160.228
           2309         160.228
           2310         160.228
           2311         160.228
           2312         160.228
           2313         159.251
           2314         159.251
           2315         159.251
           2316         159.251
           2317         159.251
           2318         159.251
           2319         159.251
           2320         159.251
           2321         159.251
           2322         159.251
           2323         159.251
           2324         159.251
           2325         159.251
           2326         159.251
           2327         159.251
           2328         159.251
           2329         158.274
           2330         158.274
           2331         158.274
           2332         158.274
           2333         158.274
           2334         158.274
           2335         158.274
           2336         158.274
           2337         158.274
           2338         158.274
           2339         157.297
           2340         157.297
           2341         157.297
           2342         156.320
           2343         156.320
           2344         156.320
           2345         156.320
           2346         157.297
           2347         157.297
           2348         157.297
           2349         157.297
           2350         156.320
           2351         156.320
           2352         156.320
           2353         156.320
           2354         156.320
           2355         156.320
