TRACENO
              1         271.606
              2         271.606
              3         271.606
              4         271.606
              5         271.606
              6         271.606
              7         272.583
              8         272.583
              9         272.583
             10         272.583
             11         272.583
             12         272.583
             13         272.583
             14         272.583
             15         272.583
             16         272.583
             17         272.583
             18         272.583
             19         272.583
             20         272.583
             21         272.583
             22         272.583
             23         272.583
             24         272.583
             25         272.583
             26         272.583
             27         272.583
             28         272.583
             29         272.583
             30         272.583
             31         272.583
             32         272.583
             33         272.583
             34         272.583
             35         272.583
             36         272.583
             37         272.583
             38         272.583
             39         272.583
             40         272.583
             41         272.583
             42         272.583
             43         272.583
             44         272.583
             45         272.583
             46         272.583
             47         272.583
             48         272.583
             49         272.583
             50         272.583
             51         272.583
             52         272.583
             53         272.583
             54         272.583
             55         272.583
             56         272.583
             57         272.583
             58         272.583
             59         272.583
             60         273.560
             61         273.560
             62         273.560
             63         273.560
             64         273.560
             65         273.560
             66         273.560
             67         273.560
             68         273.560
             69         273.560
             70         273.560
             71         272.583
             72         272.583
             73         271.606
             74         271.606
             75         271.606
             76         272.583
             77         272.583
             78         272.583
             79         272.583
             80         272.583
             81         272.583
             82         272.583
             83         272.583
             84         272.583
             85         271.606
             86         271.606
             87         271.606
             88         271.606
             89         271.606
             90         271.606
             91         271.606
             92         271.606
             93         271.606
             94         271.606
             95         271.606
             96         271.606
             97         271.606
             98         270.629
             99         270.629
            100         270.629
            101         270.629
            102         270.629
            103         270.629
            104         270.629
            105         270.629
            106         270.629
            107         270.629
            108         270.629
            109         270.629
            110         270.629
            111         270.629
            112         270.629
            113         270.629
            114         270.629
            115         270.629
            116         270.629
            117         270.629
            118         270.629
            119         270.629
            120         270.629
            121         270.629
            122         270.629
            123         270.629
            124         270.629
            125         270.629
            126         270.629
            127         270.629
            128         270.629
            129         270.629
            130         270.629
            131         270.629
            132         270.629
            133         270.629
            134         270.629
            135         270.629
            136         270.629
            137         270.629
            138         270.629
            139         270.629
            140         270.629
            141         270.629
            142         270.629
            143         270.629
            144         270.629
            145         270.629
            146         270.629
            147         270.629
            148         270.629
            149         270.629
            150         270.629
            151         270.629
            152         270.629
            153         270.629
            154         270.629
            155         270.629
            156         270.629
            157         270.629
            158         270.629
            159         270.629
            160         270.629
            161         270.629
            162         270.629
            163         270.629
            164         270.629
            165         270.629
            166         270.629
            167         270.629
            168         270.629
            169         270.629
            170         270.629
            171         270.629
            172         270.629
            173         270.629
            174         270.629
            175         270.629
            176         270.629
            177         270.629
            178         270.629
            179         270.629
            180         270.629
            181         270.629
            182         270.629
            183         270.629
            184         270.629
            185         270.629
            186         270.629
            187         270.629
            188         270.629
            189         270.629
            190         270.629
            191         270.629
            192         270.629
            193         270.629
            194         270.629
            195         270.629
            196         270.629
            197         270.629
            198         270.629
            199         270.629
            200         270.629
            201         270.629
            202         270.629
            203         270.629
            204         270.629
            205         270.629
            206         270.629
            207         270.629
            208         270.629
            209         270.629
            210         270.629
            211         270.629
            212         270.629
            213         270.629
            214         270.629
            215         270.629
            216         271.606
            217         271.606
            218         271.606
            219         271.606
            220         271.606
            221         271.606
            222         271.606
            223         271.606
            224         271.606
            225         271.606
            226         271.606
            227         271.606
            228         271.606
            229         271.606
            230         271.606
            231         271.606
            232         271.606
            233         271.606
            234         271.606
            235         271.606
            236         271.606
            237         271.606
            238         271.606
            239         271.606
            240         271.606
            241         271.606
            242         271.606
            243         271.606
            244         271.606
            245         271.606
            246         271.606
            247         271.606
            248         271.606
            249         271.606
            250         271.606
            251         271.606
            252         271.606
            253         271.606
            254         271.606
            255         271.606
            256         271.606
            257         271.606
            258         271.606
            259         271.606
            260         271.606
            261         271.606
            262         271.606
            263         271.606
            264         271.606
            265         271.606
            266         271.606
            267         271.606
            268         271.606
            269         271.606
            270         271.606
            271         271.606
            272         271.606
            273         271.606
            274         271.606
            275         271.606
            276         271.606
            277         271.606
            278         271.606
            279         271.606
            280         271.606
            281         271.606
            282         271.606
            283         271.606
            284         271.606
            285         271.606
            286         271.606
            287         271.606
            288         271.606
            289         271.606
            290         271.606
            291         271.606
            292         271.606
            293         271.606
            294         271.606
            295         271.606
            296         271.606
            297         271.606
            298         271.606
            299         271.606
            300         271.606
            301         271.606
            302         271.606
            303         271.606
            304         271.606
            305         271.606
            306         271.606
            307         271.606
            308         271.606
            309         271.606
            310         271.606
            311         271.606
            312         271.606
            313         271.606
            314         271.606
            315         271.606
            316         271.606
            317         271.606
            318         271.606
            319         271.606
            320         271.606
            321         271.606
            322         271.606
            323         271.606
            324         271.606
            325         271.606
            326         271.606
            327         271.606
            328         271.606
            329         271.606
            330         271.606
            331         271.606
            332         271.606
            333         271.606
            334         272.583
            335         272.583
            336         272.583
            337         272.583
            338         272.583
            339         272.583
            340         272.583
            341         272.583
            342         272.583
            343         272.583
            344         272.583
            345         272.583
            346         272.583
            347         272.583
            348         272.583
            349         272.583
            350         272.583
            351         272.583
            352         272.583
            353         272.583
            354         272.583
            355         272.583
            356         272.583
            357         272.583
            358         272.583
            359         272.583
            360         272.583
            361         272.583
            362         272.583
            363         272.583
            364         272.583
            365         272.583
            366         272.583
            367         272.583
            368         272.583
            369         272.583
            370         272.583
            371         272.583
            372         272.583
            373         272.583
            374         272.583
            375         272.583
            376         272.583
            377         272.583
            378         272.583
            379         272.583
            380         272.583
            381         272.583
            382         272.583
            383         272.583
            384         272.583
            385         272.583
            386         272.583
            387         272.583
            388         272.583
            389         272.583
            390         272.583
            391         272.583
            392         272.583
            393         272.583
            394         272.583
            395         272.583
            396         272.583
            397         272.583
            398         272.583
            399         272.583
            400         272.583
            401         272.583
            402         272.583
            403         272.583
            404         272.583
            405         272.583
            406         272.583
            407         272.583
            408         272.583
            409         272.583
            410         272.583
            411         272.583
            412         272.583
            413         272.583
            414         272.583
            415         272.583
            416         272.583
            417         272.583
            418         272.583
            419         272.583
            420         272.583
            421         272.583
            422         272.583
            423         272.583
            424         272.583
            425         272.583
            426         272.583
            427         272.583
            428         272.583
            429         272.583
            430         272.583
            431         272.583
            432         272.583
            433         272.583
            434         272.583
            435         272.583
            436         272.583
            437         272.583
            438         272.583
            439         272.583
            440         272.583
            441         272.583
            442         272.583
            443         272.583
            444         272.583
            445         272.583
            446         272.583
            447         272.583
            448         272.583
            449         272.583
            450         272.583
            451         272.583
            452         272.583
            453         272.583
            454         272.583
            455         272.583
            456         271.606
            457         271.606
            458         271.606
            459         271.606
            460         271.606
            461         271.606
            462         271.606
            463         271.606
            464         271.606
            465         271.606
            466         272.583
            467         272.583
            468         272.583
            469         272.583
            470         272.583
            471         272.583
            472         272.583
            473         272.583
            474         272.583
            475         272.583
            476         272.583
            477         272.583
            478         272.583
            479         272.583
            480         272.583
            481         272.583
            482         272.583
            483         272.583
            484         272.583
            485         272.583
            486         272.583
            487         272.583
            488         272.583
            489         272.583
            490         272.583
            491         272.583
            492         273.560
            493         273.560
            494         273.560
            495         273.560
            496         273.560
            497         273.560
            498         273.560
            499         273.560
            500         273.560
            501         273.560
            502         273.560
            503         273.560
            504         273.560
            505         273.560
            506         273.560
            507         273.560
            508         273.560
            509         273.560
            510         273.560
            511         273.560
            512         273.560
            513         273.560
            514         273.560
            515         273.560
            516         273.560
            517         273.560
            518         273.560
            519         273.560
            520         273.560
            521         273.560
            522         273.560
            523         273.560
            524         273.560
            525         273.560
            526         273.560
            527         273.560
            528         273.560
            529         273.560
            530         273.560
            531         273.560
            532         273.560
            533         273.560
            534         273.560
            535         273.560
            536         273.560
            537         273.560
            538         273.560
            539         273.560
            540         273.560
            541         273.560
            542         273.560
            543         273.560
            544         272.583
            545         272.583
            546         272.583
            547         272.583
            548         272.583
            549         272.583
            550         272.583
            551         272.583
            552         272.583
            553         272.583
            554         272.583
            555         272.583
            556         272.583
            557         272.583
            558         272.583
            559         272.583
            560         272.583
            561         272.583
            562         272.583
            563         272.583
            564         271.606
            565         271.606
            566         271.606
            567         271.606
            568         271.606
            569         271.606
            570         271.606
            571         271.606
            572         271.606
            573         271.606
            574         271.606
            575         271.606
            576         271.606
            577         271.606
            578         271.606
            579         271.606
            580         271.606
            581         271.606
            582         271.606
            583         271.606
            584         271.606
            585         271.606
            586         271.606
            587         271.606
            588         271.606
            589         271.606
            590         271.606
            591         271.606
            592         271.606
            593         271.606
            594         271.606
            595         271.606
            596         271.606
            597         271.606
            598         271.606
            599         271.606
            600         271.606
            601         271.606
            602         271.606
            603         271.606
            604         271.606
            605         271.606
            606         271.606
            607         271.606
            608         271.606
            609         271.606
            610         271.606
            611         271.606
            612         271.606
            613         271.606
            614         271.606
            615         271.606
            616         271.606
            617         271.606
            618         270.629
            619         270.629
            620         270.629
            621         270.629
            622         270.629
            623         270.629
            624         270.629
            625         270.629
            626         270.629
            627         270.629
            628         270.629
            629         270.629
            630         270.629
            631         270.629
            632         270.629
            633         270.629
            634         270.629
            635         270.629
            636         270.629
            637         270.629
            638         270.629
            639         270.629
            640         270.629
            641         270.629
            642         270.629
            643         270.629
            644         270.629
            645         270.629
            646         270.629
            647         270.629
            648         270.629
            649         270.629
            650         270.629
            651         270.629
            652         270.629
            653         270.629
            654         270.629
            655         270.629
            656         270.629
            657         270.629
            658         270.629
            659         270.629
            660         270.629
            661         270.629
            662         270.629
            663         270.629
            664         270.629
            665         270.629
            666         270.629
            667         270.629
            668         270.629
            669         270.629
            670         270.629
            671         270.629
            672         270.629
            673         270.629
            674         270.629
            675         270.629
            676         270.629
            677         270.629
            678         270.629
            679         270.629
            680         270.629
            681         270.629
            682         270.629
            683         270.629
            684         270.629
            685         270.629
            686         270.629
            687         270.629
            688         270.629
            689         270.629
            690         270.629
            691         270.629
            692         270.629
            693         270.629
            694         270.629
            695         270.629
            696         270.629
            697         270.629
            698         270.629
            699         270.629
            700         270.629
            701         270.629
            702         270.629
            703         270.629
            704         270.629
            705         270.629
            706         270.629
            707         270.629
            708         270.629
            709         270.629
            710         270.629
            711         270.629
            712         270.629
            713         270.629
            714         270.629
            715         270.629
            716         270.629
            717         270.629
            718         270.629
            719         270.629
            720         270.629
            721         270.629
            722         270.629
            723         270.629
            724         270.629
            725         270.629
            726         270.629
            727         270.629
            728         270.629
            729         270.629
            730         270.629
            731         270.629
            732         270.629
            733         270.629
            734         270.629
            735         270.629
            736         269.652
            737         269.652
            738         269.652
            739         268.675
            740         268.675
            741         267.698
            742         268.675
            743         269.652
            744         269.652
            745         269.652
            746         268.675
            747         268.675
            748         268.675
            749         268.675
            750         268.675
            751         268.675
            752         268.675
            753         268.675
            754         268.675
            755         268.675
            756         268.675
            757         268.675
            758         268.675
            759         268.675
            760         268.675
            761         268.675
            762         268.675
            763         268.675
            764         268.675
            765         268.675
            766         268.675
            767         268.675
            768         268.675
            769         268.675
            770         268.675
            771         268.675
            772         268.675
            773         268.675
            774         268.675
            775         268.675
            776         268.675
            777         268.675
            778         268.675
            779         268.675
            780         268.675
            781         268.675
            782         268.675
            783         268.675
            784         268.675
            785         268.675
            786         268.675
            787         267.698
            788         267.698
            789         267.698
            790         267.698
            791         267.698
            792         267.698
            793         267.698
            794         267.698
            795         267.698
            796         267.698
            797         267.698
            798         267.698
            799         267.698
            800         267.698
            801         267.698
            802         267.698
            803         266.721
            804         266.721
            805         266.721
            806         266.721
            807         266.721
            808         266.721
            809         266.721
            810         266.721
            811         266.721
            812         266.721
            813         266.721
            814         266.721
            815         266.721
            816         265.744
            817         265.744
            818         265.744
            819         265.744
            820         265.744
            821         265.744
            822         265.744
            823         265.744
            824         265.744
            825         265.744
            826         265.744
            827         265.744
            828         265.744
            829         265.744
            830         265.744
            831         265.744
            832         265.744
            833         265.744
            834         265.744
            835         265.744
            836         265.744
            837         265.744
            838         265.744
            839         265.744
            840         265.744
            841         265.744
            842         265.744
            843         265.744
            844         265.744
            845         265.744
            846         265.744
            847         265.744
            848         265.744
            849         265.744
            850         265.744
            851         265.744
            852         265.744
            853         265.744
            854         265.744
            855         265.744
            856         265.744
            857         264.767
            858         264.767
            859         264.767
            860         264.767
            861         264.767
            862         264.767
            863         264.767
            864         264.767
            865         264.767
            866         264.767
            867         264.767
            868         263.790
            869         263.790
            870         263.790
            871         263.790
            872         263.790
            873         263.790
            874         263.790
            875         263.790
            876         263.790
            877         263.790
            878         263.790
            879         262.813
            880         262.813
            881         262.813
            882         262.813
            883         262.813
            884         262.813
            885         262.813
            886         262.813
            887         262.813
            888         262.813
            889         262.813
            890         262.813
            891         262.813
            892         262.813
            893         262.813
            894         262.813
            895         262.813
            896         262.813
            897         262.813
            898         262.813
            899         261.836
            900         261.836
            901         261.836
            902         261.836
            903         261.836
            904         261.836
            905         261.836
            906         261.836
            907         261.836
            908         261.836
            909         261.836
            910         261.836
            911         261.836
            912         261.836
            913         261.836
            914         261.836
            915         261.836
            916         261.836
            917         261.836
            918         261.836
            919         261.836
            920         261.836
            921         261.836
            922         261.836
            923         261.836
            924         261.836
            925         261.836
            926         261.836
            927         260.859
            928         260.859
            929         260.859
            930         260.859
            931         260.859
            932         260.859
            933         260.859
            934         260.859
            935         260.859
            936         260.859
            937         260.859
            938         260.859
            939         260.859
            940         260.859
            941         259.882
            942         259.882
            943         259.882
            944         259.882
            945         259.882
            946         259.882
            947         259.882
            948         259.882
            949         259.882
            950         259.882
            951         259.882
            952         259.882
            953         259.882
            954         259.882
            955         259.882
            956         259.882
            957         259.882
            958         259.882
            959         259.882
            960         259.882
            961         259.882
            962         259.882
            963         259.882
            964         259.882
            965         259.882
            966         259.882
            967         259.882
            968         259.882
            969         259.882
            970         259.882
            971         259.882
            972         259.882
            973         259.882
            974         259.882
            975         259.882
            976         259.882
            977         259.882
            978         259.882
            979         259.882
            980         259.882
            981         259.882
            982         259.882
            983         259.882
            984         259.882
            985         259.882
            986         259.882
            987         259.882
            988         259.882
            989         259.882
            990         258.905
            991         258.905
            992         258.905
            993         257.928
            994         257.928
            995         257.928
            996         257.928
            997         257.928
            998         257.928
            999         257.928
           1000         257.928
           1001         257.928
           1002         257.928
           1003         257.928
           1004         257.928
           1005         257.928
           1006         257.928
           1007         257.928
           1008         257.928
           1009         257.928
           1010         257.928
           1011         257.928
           1012         257.928
           1013         257.928
           1014         257.928
           1015         257.928
           1016         257.928
           1017         257.928
           1018         257.928
           1019         257.928
           1020         257.928
           1021         257.928
           1022         257.928
           1023         257.928
           1024         257.928
           1025         257.928
           1026         257.928
           1027         257.928
           1028         257.928
           1029         257.928
           1030         256.951
           1031         256.951
           1032         256.951
           1033         256.951
           1034         256.951
           1035         255.974
           1036         255.974
           1037         255.974
           1038         255.974
           1039         255.974
           1040         255.974
           1041         255.974
           1042         255.974
           1043         255.974
           1044         254.997
           1045         254.997
           1046         254.997
           1047         254.997
           1048         254.997
           1049         254.997
           1050         254.997
           1051         254.997
           1052         254.997
           1053         254.997
           1054         254.997
           1055         254.997
           1056         254.997
           1057         254.997
           1058         254.997
           1059         254.997
           1060         254.020
           1061         254.020
           1062         254.020
           1063         254.020
           1064         254.020
           1065         254.020
           1066         254.020
           1067         254.020
           1068         254.020
           1069         254.020
           1070         254.020
           1071         254.020
           1072         254.020
           1073         254.020
           1074         254.020
           1075         254.020
           1076         254.020
           1077         253.043
           1078         253.043
           1079         253.043
           1080         253.043
           1081         253.043
           1082         253.043
           1083         253.043
           1084         253.043
           1085         253.043
           1086         253.043
           1087         253.043
           1088         253.043
           1089         253.043
           1090         253.043
           1091         253.043
           1092         253.043
           1093         253.043
           1094         252.066
           1095         252.066
           1096         252.066
           1097         252.066
           1098         252.066
           1099         252.066
           1100         252.066
           1101         252.066
           1102         252.066
           1103         252.066
           1104         252.066
           1105         252.066
           1106         252.066
           1107         252.066
           1108         252.066
           1109         252.066
           1110         251.089
           1111         251.089
           1112         251.089
           1113         251.089
           1114         251.089
           1115         251.089
           1116         251.089
           1117         251.089
           1118         251.089
           1119         251.089
           1120         250.112
           1121         250.112
           1122         250.112
           1123         250.112
           1124         250.112
           1125         250.112
           1126         249.135
           1127         249.135
           1128         249.135
           1129         249.135
           1130         249.135
           1131         249.135
           1132         249.135
           1133         249.135
           1134         249.135
           1135         249.135
           1136         249.135
           1137         249.135
           1138         249.135
           1139         249.135
           1140         249.135
           1141         249.135
           1142         249.135
           1143         248.158
           1144         248.158
           1145         248.158
           1146         248.158
           1147         248.158
           1148         248.158
           1149         248.158
           1150         248.158
           1151         248.158
           1152         248.158
           1153         248.158
           1154         248.158
           1155         248.158
           1156         248.158
           1157         247.181
           1158         247.181
           1159         247.181
           1160         247.181
           1161         247.181
           1162         247.181
           1163         247.181
           1164         247.181
           1165         247.181
           1166         247.181
           1167         247.181
           1168         247.181
           1169         247.181
           1170         247.181
           1171         247.181
           1172         246.204
           1173         246.204
           1174         246.204
           1175         246.204
           1176         246.204
           1177         246.204
           1178         246.204
           1179         246.204
           1180         246.204
           1181         246.204
           1182         246.204
           1183         246.204
           1184         246.204
           1185         246.204
           1186         246.204
           1187         246.204
           1188         246.204
           1189         246.204
           1190         246.204
           1191         246.204
           1192         246.204
           1193         246.204
           1194         246.204
           1195         245.227
           1196         245.227
           1197         245.227
           1198         245.227
           1199         245.227
           1200         245.227
           1201         245.227
           1202         245.227
           1203         245.227
           1204         245.227
           1205         245.227
           1206         245.227
           1207         246.204
           1208         246.204
           1209         246.204
           1210         246.204
           1211         246.204
           1212         246.204
           1213         246.204
           1214         246.204
           1215         246.204
           1216         246.204
           1217         246.204
           1218         246.204
           1219         246.204
           1220         246.204
           1221         246.204
           1222         246.204
           1223         245.227
           1224         245.227
           1225         245.227
           1226         245.227
           1227         245.227
           1228         245.227
           1229         245.227
           1230         245.227
           1231         245.227
           1232         245.227
           1233         245.227
           1234         245.227
           1235         245.227
           1236         245.227
           1237         245.227
           1238         245.227
           1239         245.227
           1240         244.250
           1241         244.250
           1242         244.250
           1243         244.250
           1244         244.250
           1245         244.250
           1246         244.250
           1247         244.250
           1248         244.250
           1249         244.250
           1250         244.250
           1251         244.250
           1252         244.250
           1253         244.250
           1254         244.250
           1255         244.250
           1256         244.250
           1257         243.273
           1258         243.273
           1259         243.273
           1260         243.273
           1261         243.273
           1262         243.273
           1263         243.273
           1264         243.273
           1265         243.273
           1266         243.273
           1267         243.273
           1268         243.273
           1269         243.273
           1270         243.273
           1271         243.273
           1272         243.273
           1273         242.296
           1274         242.296
           1275         242.296
           1276         242.296
           1277         242.296
           1278         242.296
           1279         242.296
           1280         242.296
           1281         242.296
           1282         242.296
           1283         242.296
           1284         242.296
           1285         242.296
           1286         242.296
           1287         242.296
           1288         242.296
           1289         242.296
           1290         241.319
           1291         241.319
           1292         241.319
           1293         241.319
           1294         241.319
           1295         241.319
           1296         241.319
           1297         241.319
           1298         241.319
           1299         241.319
           1300         241.319
           1301         241.319
           1302         241.319
           1303         241.319
           1304         241.319
           1305         241.319
           1306         241.319
           1307         240.342
           1308         240.342
           1309         240.342
           1310         240.342
           1311         240.342
           1312         240.342
           1313         240.342
           1314         240.342
           1315         240.342
           1316         240.342
           1317         240.342
           1318         240.342
           1319         240.342
           1320         240.342
           1321         240.342
           1322         240.342
           1323         239.365
           1324         239.365
           1325         239.365
           1326         239.365
           1327         239.365
           1328         239.365
           1329         239.365
           1330         239.365
           1331         239.365
           1332         239.365
           1333         239.365
           1334         239.365
           1335         239.365
           1336         239.365
           1337         239.365
           1338         239.365
           1339         238.388
           1340         238.388
           1341         238.388
           1342         238.388
           1343         238.388
           1344         238.388
           1345         238.388
           1346         238.388
           1347         238.388
           1348         238.388
           1349         238.388
           1350         238.388
           1351         238.388
           1352         238.388
           1353         238.388
           1354         238.388
           1355         237.411
           1356         237.411
           1357         237.411
           1358         237.411
           1359         237.411
           1360         237.411
           1361         237.411
           1362         237.411
           1363         237.411
           1364         237.411
           1365         237.411
           1366         237.411
           1367         237.411
           1368         237.411
           1369         237.411
           1370         237.411
           1371         236.434
           1372         236.434
           1373         236.434
           1374         236.434
           1375         236.434
           1376         236.434
           1377         236.434
           1378         236.434
           1379         236.434
           1380         236.434
           1381         236.434
           1382         236.434
           1383         236.434
           1384         236.434
           1385         236.434
           1386         236.434
           1387         236.434
           1388         236.434
           1389         236.434
           1390         236.434
           1391         236.434
           1392         236.434
           1393         236.434
           1394         236.434
           1395         236.434
           1396         236.434
           1397         236.434
           1398         236.434
           1399         236.434
           1400         236.434
           1401         236.434
           1402         236.434
           1403         236.434
           1404         236.434
           1405         236.434
           1406         236.434
           1407         236.434
           1408         236.434
           1409         236.434
           1410         236.434
           1411         236.434
           1412         236.434
           1413         236.434
           1414         236.434
           1415         236.434
           1416         236.434
           1417         236.434
           1418         236.434
           1419         236.434
           1420         236.434
           1421         236.434
           1422         236.434
           1423         236.434
           1424         236.434
           1425         236.434
           1426         236.434
           1427         236.434
           1428         236.434
           1429         236.434
           1430         236.434
           1431         236.434
           1432         236.434
           1433         236.434
           1434         236.434
           1435         236.434
           1436         236.434
           1437         236.434
           1438         236.434
           1439         236.434
           1440         236.434
           1441         236.434
           1442         236.434
           1443         236.434
           1444         236.434
           1445         236.434
           1446         236.434
           1447         236.434
           1448         236.434
           1449         236.434
           1450         236.434
           1451         236.434
           1452         236.434
           1453         236.434
           1454         236.434
           1455         236.434
           1456         236.434
           1457         236.434
           1458         236.434
           1459         236.434
           1460         236.434
           1461         236.434
           1462         236.434
           1463         236.434
           1464         236.434
           1465         236.434
           1466         236.434
           1467         236.434
           1468         236.434
           1469         236.434
           1470         236.434
           1471         236.434
           1472         236.434
           1473         236.434
           1474         236.434
           1475         236.434
           1476         236.434
           1477         236.434
           1478         236.434
           1479         236.434
           1480         236.434
           1481         236.434
           1482         236.434
           1483         236.434
           1484         236.434
           1485         236.434
           1486         236.434
           1487         236.434
           1488         236.434
           1489         236.434
           1490         236.434
           1491         236.434
           1492         236.434
           1493         236.434
           1494         236.434
           1495         236.434
           1496         237.411
           1497         237.411
           1498         237.411
           1499         237.411
           1500         237.411
           1501         237.411
           1502         237.411
           1503         237.411
           1504         237.411
           1505         237.411
           1506         237.411
           1507         237.411
           1508         237.411
           1509         237.411
           1510         237.411
           1511         237.411
           1512         237.411
           1513         237.411
           1514         236.434
           1515         236.434
           1516         236.434
           1517         236.434
           1518         236.434
           1519         236.434
           1520         236.434
           1521         236.434
           1522         236.434
           1523         236.434
           1524         236.434
           1525         236.434
           1526         236.434
           1527         236.434
           1528         236.434
           1529         237.411
           1530         237.411
           1531         237.411
           1532         237.411
           1533         237.411
           1534         237.411
           1535         237.411
           1536         237.411
           1537         237.411
           1538         237.411
           1539         237.411
           1540         237.411
           1541         237.411
           1542         237.411
           1543         237.411
           1544         237.411
           1545         237.411
           1546         237.411
           1547         237.411
           1548         237.411
           1549         237.411
           1550         237.411
           1551         237.411
           1552         237.411
           1553         237.411
           1554         237.411
           1555         237.411
           1556         237.411
           1557         237.411
           1558         237.411
           1559         237.411
           1560         237.411
           1561         237.411
           1562         237.411
           1563         237.411
           1564         237.411
           1565         237.411
           1566         237.411
           1567         237.411
           1568         237.411
           1569         237.411
           1570         237.411
           1571         237.411
           1572         238.388
           1573         238.388
           1574         238.388
           1575         238.388
           1576         238.388
           1577         238.388
           1578         238.388
           1579         238.388
           1580         238.388
           1581         238.388
           1582         238.388
           1583         238.388
           1584         238.388
           1585         238.388
           1586         238.388
           1587         238.388
           1588         238.388
           1589         238.388
           1590         238.388
           1591         239.365
           1592         239.365
           1593         239.365
           1594         239.365
           1595         239.365
           1596         239.365
           1597         239.365
           1598         239.365
           1599         239.365
           1600         239.365
           1601         239.365
           1602         239.365
           1603         239.365
           1604         239.365
           1605         239.365
           1606         239.365
           1607         239.365
           1608         239.365
           1609         239.365
           1610         239.365
           1611         239.365
           1612         239.365
           1613         239.365
           1614         239.365
           1615         239.365
           1616         239.365
           1617         239.365
           1618         239.365
           1619         239.365
           1620         239.365
           1621         240.342
           1622         240.342
           1623         240.342
           1624         240.342
           1625         240.342
           1626         240.342
           1627         240.342
           1628         240.342
           1629         240.342
           1630         240.342
           1631         240.342
           1632         240.342
           1633         241.319
           1634         241.319
           1635         241.319
           1636         241.319
           1637         241.319
           1638         241.319
           1639         241.319
           1640         241.319
           1641         241.319
           1642         241.319
           1643         241.319
           1644         242.296
           1645         242.296
           1646         242.296
           1647         242.296
           1648         242.296
           1649         242.296
           1650         242.296
           1651         242.296
           1652         241.319
           1653         241.319
           1654         241.319
           1655         241.319
           1656         241.319
           1657         241.319
           1658         241.319
           1659         241.319
           1660         241.319
           1661         241.319
           1662         241.319
           1663         241.319
           1664         241.319
           1665         241.319
           1666         241.319
