TRACENO
              1          93.792
              2          93.792
              3          94.769
              4          94.769
              5          94.769
              6          94.769
              7          94.769
              8          94.769
              9          94.769
             10          95.746
             11          95.746
             12          95.746
             13          95.746
             14          95.746
             15          95.746
             16          95.746
             17          95.746
             18          95.746
             19          95.746
             20          95.746
             21          95.746
             22          95.746
             23          95.746
             24          95.746
             25          95.746
             26          95.746
             27          95.746
             28          95.746
             29          95.746
             30          95.746
             31          95.746
             32          95.746
             33          95.746
             34          95.746
             35          95.746
             36          95.746
             37          95.746
             38          95.746
             39          95.746
             40          95.746
             41          95.746
             42          96.723
             43          96.723
             44          96.723
             45          96.723
             46          97.700
             47          97.700
             48          97.700
             49          98.677
             50          98.677
             51          98.677
             52          98.677
             53          98.677
             54          98.677
             55          99.654
             56          99.654
             57          99.654
             58          99.654
             59          99.654
             60         100.631
             61         100.631
             62         100.631
             63         100.631
             64         100.631
             65         101.608
             66         101.608
             67         101.608
             68         101.608
             69         101.608
             70         101.608
             71         101.608
             72         101.608
             73         101.608
             74         101.608
             75         101.608
             76         101.608
             77         101.608
             78         102.585
             79         102.585
             80         102.585
             81         102.585
             82         103.562
             83         103.562
             84         103.562
             85         103.562
             86         103.562
             87         103.562
             88         103.562
             89         103.562
             90         103.562
             91         103.562
             92         103.562
             93         104.539
             94         104.539
             95         104.539
             96         105.516
             97         105.516
             98         105.516
             99         106.493
            100         106.493
            101         105.516
            102         105.516
            103         105.516
            104         105.516
            105         105.516
            106         105.516
            107         105.516
            108         105.516
            109         105.516
            110         105.516
            111         105.516
            112         105.516
            113         105.516
            114         105.516
            115         105.516
            116         105.516
            117         105.516
            118         105.516
            119         105.516
            120         105.516
            121         105.516
            122         106.493
            123         106.493
            124         106.493
            125         106.493
            126         106.493
            127         106.493
            128         106.493
            129         106.493
            130         106.493
            131         106.493
            132         106.493
            133         106.493
            134         106.493
            135         106.493
            136         106.493
            137         106.493
            138         106.493
            139         107.470
            140         107.470
            141         107.470
            142         107.470
            143         107.470
            144         107.470
            145         107.470
            146         107.470
            147         107.470
            148         107.470
            149         107.470
            150         107.470
            151         107.470
            152         107.470
            153         107.470
            154         107.470
            155         107.470
            156         107.470
            157         107.470
            158         107.470
            159         107.470
            160         107.470
            161         107.470
            162         107.470
            163         107.470
            164         107.470
            165         107.470
            166         107.470
            167         107.470
            168         107.470
            169         107.470
            170         107.470
            171         107.470
            172         107.470
            173         107.470
            174         107.470
            175         107.470
            176         107.470
            177         107.470
            178         107.470
            179         107.470
            180         107.470
            181         107.470
            182         107.470
            183         107.470
            184         107.470
            185         107.470
            186         107.470
            187         107.470
            188         107.470
            189         107.470
            190         107.470
            191         107.470
            192         107.470
            193         107.470
            194         107.470
            195         107.470
            196         107.470
            197         107.470
            198         107.470
            199         107.470
            200         107.470
            201         107.470
            202         107.470
            203         107.470
            204         107.470
            205         107.470
            206         107.470
            207         107.470
            208         107.470
            209         107.470
            210         107.470
            211         107.470
            212         107.470
            213         107.470
            214         107.470
            215         107.470
            216         107.470
            217         107.470
            218         106.493
            219         106.493
            220         106.493
            221         106.493
            222         106.493
            223         106.493
            224         106.493
            225         106.493
            226         106.493
            227         106.493
            228         106.493
            229         106.493
            230         106.493
            231         106.493
            232         106.493
            233         106.493
            234         106.493
            235         106.493
            236         106.493
            237         106.493
            238         106.493
            239         106.493
            240         106.493
            241         106.493
            242         106.493
            243         106.493
            244         106.493
            245         106.493
            246         106.493
            247         106.493
            248         106.493
            249         106.493
            250         106.493
            251         106.493
            252         106.493
            253         106.493
            254         106.493
            255         106.493
            256         106.493
            257         106.493
            258         106.493
            259         106.493
            260         106.493
            261         106.493
            262         106.493
            263         106.493
            264         106.493
            265         106.493
            266         106.493
            267         106.493
            268         106.493
            269         106.493
            270         106.493
            271         106.493
            272         106.493
            273         107.470
            274         107.470
            275         107.470
            276         107.470
            277         107.470
            278         107.470
            279         107.470
            280         107.470
            281         107.470
            282         107.470
            283         107.470
            284         107.470
            285         106.493
            286         106.493
            287         106.493
            288         106.493
            289         106.493
            290         106.493
            291         106.493
            292         106.493
            293         106.493
            294         106.493
            295         106.493
            296         106.493
            297         106.493
            298         106.493
            299         106.493
            300         106.493
            301         106.493
            302         106.493
            303         106.493
            304         106.493
            305         106.493
            306         106.493
            307         106.493
            308         106.493
            309         106.493
            310         106.493
            311         106.493
            312         106.493
            313         106.493
            314         106.493
            315         106.493
            316         106.493
            317         106.493
            318         105.516
            319         105.516
            320         105.516
            321         105.516
            322         105.516
            323         105.516
            324         105.516
            325         105.516
            326         105.516
            327         105.516
            328         105.516
            329         105.516
            330         105.516
            331         105.516
            332         105.516
            333         105.516
            334         105.516
            335         105.516
            336         105.516
            337         105.516
            338         105.516
            339         105.516
            340         105.516
            341         105.516
            342         105.516
            343         105.516
            344         105.516
            345         105.516
            346         105.516
            347         105.516
            348         105.516
            349         105.516
            350         106.493
            351         106.493
            352         106.493
            353         106.493
            354         106.493
            355         106.493
            356         106.493
            357         106.493
            358         106.493
            359         106.493
            360         106.493
            361         106.493
            362         106.493
            363         106.493
            364         106.493
            365         106.493
            366         106.493
            367         106.493
            368         106.493
            369         106.493
            370         106.493
            371         106.493
            372         106.493
            373         106.493
            374         106.493
            375         106.493
            376         106.493
            377         106.493
            378         106.493
            379         106.493
            380         106.493
            381         106.493
            382         106.493
            383         106.493
            384         106.493
            385         106.493
            386         106.493
            387         106.493
            388         106.493
            389         106.493
            390         106.493
            391         106.493
            392         106.493
            393         106.493
            394         106.493
            395         106.493
            396         106.493
            397         106.493
            398         106.493
            399         106.493
            400         106.493
            401         106.493
            402         106.493
            403         106.493
            404         106.493
            405         106.493
            406         106.493
            407         106.493
            408         106.493
            409         106.493
            410         106.493
            411         106.493
            412         106.493
            413         106.493
            414         106.493
            415         106.493
            416         106.493
            417         106.493
            418         106.493
            419         106.493
            420         106.493
            421         106.493
            422         106.493
            423         106.493
            424         106.493
            425         106.493
            426         106.493
            427         106.493
            428         106.493
            429         106.493
            430         106.493
            431         106.493
            432         106.493
            433         106.493
            434         106.493
            435         106.493
            436         106.493
            437         106.493
            438         106.493
            439         106.493
            440         106.493
            441         106.493
            442         106.493
            443         106.493
            444         106.493
            445         106.493
            446         106.493
            447         106.493
            448         106.493
            449         106.493
            450         106.493
            451         106.493
            452         106.493
            453         106.493
            454         106.493
            455         106.493
            456         106.493
            457         106.493
            458         106.493
            459         106.493
            460         106.493
            461         106.493
            462         106.493
            463         106.493
            464         106.493
            465         106.493
            466         106.493
            467         106.493
            468         106.493
            469         106.493
            470         106.493
            471         107.470
            472         107.470
            473         107.470
            474         107.470
            475         107.470
            476         107.470
            477         107.470
            478         107.470
            479         107.470
            480         107.470
            481         107.470
            482         107.470
            483         107.470
            484         107.470
            485         107.470
            486         107.470
            487         108.447
            488         108.447
            489         108.447
            490         108.447
            491         108.447
            492         108.447
            493         108.447
            494         108.447
            495         108.447
            496         108.447
            497         108.447
            498         108.447
            499         108.447
            500         108.447
            501         108.447
            502         108.447
            503         108.447
            504         108.447
            505         108.447
            506         108.447
            507         108.447
            508         108.447
            509         108.447
            510         108.447
            511         108.447
            512         108.447
            513         108.447
            514         108.447
            515         108.447
            516         108.447
            517         108.447
            518         108.447
            519         108.447
            520         108.447
            521         108.447
            522         108.447
            523         108.447
            524         108.447
            525         108.447
            526         108.447
            527         108.447
            528         108.447
            529         108.447
            530         108.447
            531         108.447
            532         108.447
            533         108.447
            534         108.447
            535         108.447
            536         108.447
            537         108.447
            538         108.447
            539         108.447
            540         108.447
            541         108.447
            542         108.447
            543         108.447
            544         107.470
            545         107.470
            546         107.470
            547         107.470
            548         107.470
            549         107.470
            550         107.470
            551         107.470
            552         107.470
            553         107.470
            554         107.470
            555         107.470
            556         107.470
            557         107.470
            558         107.470
            559         106.493
            560         107.470
            561         107.470
            562         107.470
            563         107.470
            564         107.470
            565         107.470
            566         108.447
            567         108.447
            568         108.447
            569         108.447
            570         108.447
            571         108.447
            572         109.424
            573         109.424
            574         109.424
            575         109.424
            576         109.424
            577         109.424
            578         109.424
            579         109.424
            580         109.424
            581         109.424
            582         109.424
            583         109.424
            584         109.424
            585         109.424
            586         109.424
            587         109.424
            588         109.424
            589         109.424
            590         109.424
            591         109.424
            592         109.424
            593         109.424
            594         109.424
            595         109.424
            596         109.424
            597         109.424
            598         109.424
            599         109.424
            600         109.424
            601         109.424
            602         109.424
            603         109.424
            604         109.424
            605         109.424
            606         109.424
            607         109.424
            608         109.424
            609         109.424
            610         109.424
            611         109.424
            612         109.424
            613         109.424
            614         109.424
            615         109.424
            616         109.424
            617         109.424
            618         109.424
            619         110.401
            620         110.401
            621         110.401
            622         110.401
            623         110.401
            624         110.401
            625         110.401
            626         110.401
            627         110.401
            628         110.401
            629         110.401
            630         110.401
            631         110.401
            632         110.401
            633         110.401
            634         110.401
            635         110.401
            636         110.401
            637         110.401
            638         110.401
            639         110.401
            640         110.401
            641         110.401
            642         110.401
            643         110.401
            644         110.401
            645         110.401
            646         110.401
            647         110.401
            648         110.401
            649         110.401
            650         110.401
            651         110.401
            652         110.401
            653         110.401
            654         110.401
            655         110.401
            656         110.401
            657         110.401
            658         110.401
            659         110.401
            660         110.401
            661         110.401
            662         110.401
            663         110.401
            664         110.401
            665         110.401
            666         110.401
            667         110.401
            668         110.401
            669         110.401
            670         110.401
            671         110.401
            672         110.401
            673         110.401
            674         110.401
            675         110.401
            676         110.401
            677         110.401
            678         110.401
            679         110.401
            680         110.401
            681         110.401
            682         110.401
            683         110.401
            684         110.401
            685         110.401
            686         110.401
            687         110.401
            688         110.401
            689         110.401
            690         110.401
            691         110.401
            692         110.401
            693         110.401
            694         110.401
            695         110.401
            696         110.401
            697         110.401
            698         110.401
            699         110.401
            700         110.401
            701         110.401
            702         110.401
            703         110.401
            704         110.401
            705         110.401
            706         110.401
            707         110.401
            708         110.401
            709         110.401
            710         110.401
            711         110.401
            712         109.424
            713         109.424
            714         109.424
            715         109.424
            716         109.424
            717         109.424
            718         109.424
            719         109.424
            720         109.424
            721         109.424
            722         109.424
            723         109.424
            724         109.424
            725         110.401
            726         110.401
            727         110.401
            728         110.401
            729         110.401
            730         110.401
            731         110.401
            732         110.401
            733         110.401
            734         110.401
            735         110.401
            736         110.401
            737         110.401
            738         110.401
            739         110.401
            740         110.401
            741         110.401
            742         110.401
            743         110.401
            744         110.401
            745         110.401
            746         110.401
            747         110.401
            748         110.401
            749         110.401
            750         110.401
            751         110.401
            752         110.401
            753         110.401
            754         110.401
            755         110.401
            756         110.401
            757         110.401
            758         110.401
            759         110.401
            760         110.401
            761         109.424
            762         109.424
            763         109.424
            764         109.424
            765         109.424
            766         109.424
            767         109.424
            768         109.424
            769         109.424
            770         109.424
            771         109.424
            772         109.424
            773         109.424
            774         109.424
            775         110.401
            776         110.401
            777         110.401
            778         110.401
            779         110.401
            780         110.401
            781         110.401
            782         110.401
            783         110.401
            784         110.401
            785         110.401
            786         110.401
            787         110.401
            788         110.401
            789         110.401
            790         110.401
            791         110.401
            792         110.401
            793         110.401
            794         110.401
            795         110.401
            796         110.401
            797         110.401
            798         110.401
            799         110.401
            800         110.401
            801         110.401
            802         110.401
            803         110.401
            804         110.401
            805         110.401
            806         110.401
            807         110.401
            808         109.424
            809         109.424
            810         109.424
            811         109.424
            812         109.424
            813         109.424
            814         109.424
            815         109.424
            816         109.424
            817         109.424
            818         109.424
            819         109.424
            820         109.424
            821         109.424
            822         109.424
            823         109.424
            824         109.424
            825         109.424
            826         109.424
            827         109.424
            828         109.424
            829         109.424
            830         109.424
            831         109.424
            832         109.424
            833         109.424
            834         109.424
            835         109.424
            836         109.424
            837         108.447
            838         108.447
            839         108.447
            840         108.447
            841         108.447
            842         108.447
            843         108.447
            844         108.447
            845         108.447
            846         108.447
            847         108.447
            848         108.447
            849         108.447
            850         108.447
            851         108.447
            852         108.447
            853         108.447
            854         108.447
            855         108.447
            856         108.447
            857         108.447
            858         108.447
            859         108.447
            860         108.447
            861         108.447
            862         108.447
            863         108.447
            864         108.447
            865         108.447
            866         108.447
            867         108.447
            868         108.447
            869         108.447
            870         108.447
            871         108.447
            872         108.447
            873         108.447
            874         108.447
            875         108.447
            876         108.447
            877         108.447
            878         108.447
            879         108.447
            880         108.447
            881         108.447
            882         108.447
            883         108.447
            884         108.447
            885         108.447
            886         108.447
            887         108.447
            888         108.447
            889         108.447
            890         108.447
            891         108.447
            892         108.447
            893         108.447
            894         108.447
            895         108.447
            896         108.447
            897         108.447
            898         108.447
            899         108.447
            900         108.447
            901         108.447
            902         108.447
            903         108.447
            904         108.447
            905         108.447
            906         108.447
            907         108.447
            908         108.447
            909         108.447
            910         108.447
            911         108.447
            912         108.447
            913         108.447
            914         108.447
            915         108.447
            916         108.447
            917         108.447
            918         108.447
            919         108.447
            920         108.447
            921         108.447
            922         108.447
            923         108.447
            924         108.447
            925         108.447
            926         108.447
            927         109.424
            928         109.424
            929         109.424
            930         109.424
            931         109.424
            932         109.424
            933         109.424
            934         109.424
            935         109.424
            936         109.424
            937         109.424
            938         109.424
            939         109.424
            940         109.424
            941         109.424
            942         109.424
            943         109.424
            944         109.424
            945         109.424
            946         109.424
            947         109.424
            948         109.424
            949         108.447
            950         108.447
            951         108.447
            952         108.447
            953         108.447
            954         108.447
            955         108.447
            956         108.447
            957         108.447
            958         108.447
            959         108.447
            960         108.447
            961         108.447
            962         108.447
            963         108.447
            964         108.447
            965         108.447
            966         108.447
            967         108.447
            968         108.447
            969         108.447
            970         108.447
            971         108.447
            972         108.447
            973         108.447
            974         108.447
            975         108.447
            976         108.447
            977         108.447
            978         108.447
            979         108.447
            980         108.447
            981         108.447
            982         108.447
            983         108.447
            984         108.447
            985         108.447
            986         108.447
            987         108.447
            988         108.447
            989         108.447
            990         108.447
            991         108.447
            992         108.447
            993         108.447
            994         108.447
            995         108.447
            996         108.447
            997         108.447
            998         108.447
            999         108.447
           1000         108.447
           1001         108.447
           1002         108.447
           1003         108.447
           1004         108.447
           1005         108.447
           1006         108.447
           1007         108.447
           1008         108.447
           1009         108.447
           1010         107.470
           1011         107.470
           1012         107.470
           1013         107.470
           1014         107.470
           1015         107.470
           1016         107.470
           1017         107.470
           1018         107.470
           1019         107.470
           1020         107.470
           1021         107.470
           1022         107.470
           1023         107.470
           1024         107.470
           1025         107.470
           1026         107.470
           1027         107.470
           1028         107.470
           1029         107.470
           1030         107.470
           1031         107.470
           1032         107.470
           1033         107.470
           1034         107.470
           1035         107.470
           1036         107.470
           1037         107.470
           1038         107.470
           1039         107.470
           1040         107.470
           1041         107.470
           1042         107.470
           1043         106.493
           1044         106.493
           1045         106.493
           1046         106.493
           1047         106.493
           1048         106.493
           1049         106.493
           1050         106.493
           1051         106.493
           1052         106.493
           1053         106.493
           1054         106.493
           1055         106.493
           1056         106.493
           1057         106.493
           1058         105.516
           1059         105.516
           1060         105.516
           1061         105.516
           1062         105.516
           1063         105.516
           1064         105.516
           1065         105.516
           1066         105.516
           1067         105.516
           1068         105.516
           1069         105.516
           1070         105.516
           1071         105.516
           1072         105.516
           1073         105.516
           1074         105.516
           1075         105.516
           1076         105.516
           1077         105.516
           1078         105.516
           1079         105.516
           1080         105.516
           1081         105.516
           1082         105.516
           1083         105.516
           1084         104.539
           1085         104.539
           1086         104.539
           1087         104.539
           1088         104.539
           1089         104.539
           1090         104.539
           1091         104.539
           1092         104.539
           1093         104.539
           1094         104.539
           1095         104.539
           1096         104.539
           1097         103.562
           1098         103.562
           1099         103.562
           1100         103.562
           1101         103.562
           1102         103.562
           1103         103.562
           1104         103.562
           1105         103.562
           1106         103.562
           1107         103.562
           1108         103.562
           1109         103.562
           1110         102.585
           1111         102.585
           1112         102.585
           1113         102.585
           1114         102.585
           1115         102.585
           1116         102.585
           1117         102.585
           1118         102.585
           1119         102.585
           1120         102.585
           1121         102.585
           1122         102.585
           1123         101.608
           1124         101.608
           1125         101.608
           1126         101.608
           1127         101.608
           1128         101.608
           1129         101.608
           1130         100.631
           1131         100.631
           1132         100.631
           1133         100.631
           1134         100.631
           1135         100.631
           1136         100.631
           1137          99.654
           1138          99.654
           1139          99.654
           1140          99.654
           1141          99.654
           1142          99.654
           1143          99.654
           1144          98.677
           1145          98.677
           1146          98.677
           1147          98.677
           1148          98.677
           1149          98.677
           1150          98.677
           1151          98.677
           1152          97.700
           1153          97.700
           1154          97.700
           1155          97.700
           1156          97.700
           1157          97.700
           1158          97.700
           1159          97.700
           1160          97.700
           1161          96.723
           1162          96.723
           1163          96.723
           1164          96.723
           1165          96.723
           1166          96.723
           1167          96.723
           1168          96.723
           1169          95.746
           1170          95.746
           1171          95.746
           1172          95.746
           1173          95.746
           1174          95.746
           1175          95.746
           1176          95.746
           1177          95.746
           1178          94.769
           1179          94.769
           1180          94.769
           1181          94.769
           1182          94.769
           1183          94.769
           1184          94.769
           1185          94.769
           1186          93.792
           1187          93.792
           1188          93.792
           1189          93.792
           1190          93.792
           1191          93.792
           1192          93.792
           1193          93.792
           1194          92.815
           1195          92.815
           1196          92.815
           1197          92.815
           1198          92.815
           1199          92.815
           1200          92.815
           1201          92.815
           1202          91.838
           1203          91.838
           1204          91.838
           1205          91.838
           1206          91.838
           1207          91.838
           1208          91.838
           1209          91.838
           1210          91.838
           1211          91.838
           1212          90.861
           1213          90.861
           1214          90.861
           1215          90.861
           1216          90.861
           1217          90.861
           1218          90.861
           1219          90.861
           1220          90.861
           1221          89.884
           1222          89.884
           1223          89.884
           1224          89.884
           1225          89.884
           1226          89.884
           1227          89.884
           1228          89.884
           1229          89.884
           1230          89.884
           1231          89.884
           1232          89.884
           1233          89.884
           1234          89.884
           1235          89.884
           1236          89.884
           1237          89.884
           1238          89.884
           1239          88.907
           1240          88.907
           1241          88.907
           1242          88.907
           1243          88.907
           1244          88.907
           1245          88.907
           1246          88.907
           1247          88.907
           1248          88.907
           1249          88.907
           1250          87.930
           1251          87.930
           1252          87.930
           1253          87.930
           1254          87.930
           1255          87.930
           1256          87.930
           1257          87.930
           1258          87.930
           1259          87.930
           1260          87.930
           1261          86.953
           1262          86.953
           1263          86.953
           1264          86.953
           1265          86.953
           1266          86.953
           1267          86.953
           1268          85.976
           1269          85.976
           1270          85.976
           1271          85.976
           1272          85.976
           1273          85.976
           1274          85.976
           1275          84.999
           1276          84.999
           1277          84.999
           1278          84.999
           1279          84.999
           1280          84.999
           1281          84.022
           1282          84.022
           1283          84.022
           1284          84.022
           1285          84.022
           1286          84.022
           1287          84.022
           1288          84.022
           1289          83.045
           1290          83.045
           1291          83.045
           1292          83.045
           1293          83.045
           1294          83.045
           1295          83.045
           1296          82.068
           1297          82.068
           1298          82.068
           1299          82.068
           1300          82.068
           1301          82.068
           1302          82.068
           1303          82.068
           1304          82.068
           1305          82.068
           1306          82.068
           1307          82.068
           1308          82.068
           1309          82.068
           1310          82.068
           1311          82.068
           1312          82.068
           1313          82.068
           1314          82.068
           1315          82.068
           1316          82.068
           1317          82.068
           1318          82.068
           1319          82.068
           1320          82.068
           1321          81.091
           1322          81.091
           1323          81.091
           1324          81.091
           1325          81.091
           1326          81.091
           1327          80.114
           1328          80.114
           1329          80.114
           1330          80.114
           1331          80.114
           1332          80.114
           1333          80.114
           1334          80.114
           1335          80.114
           1336          80.114
           1337          80.114
           1338          80.114
           1339          79.137
           1340          79.137
           1341          79.137
           1342          79.137
           1343          79.137
           1344          79.137
           1345          79.137
           1346          79.137
           1347          79.137
           1348          79.137
           1349          79.137
           1350          79.137
           1351          79.137
           1352          79.137
           1353          79.137
           1354          79.137
           1355          79.137
           1356          79.137
           1357          79.137
           1358          79.137
           1359          79.137
           1360          79.137
           1361          79.137
           1362          79.137
           1363          78.160
           1364          78.160
           1365          78.160
           1366          78.160
           1367          78.160
           1368          78.160
           1369          77.183
           1370          77.183
           1371          77.183
           1372          77.183
           1373          77.183
           1374          77.183
           1375          77.183
           1376          77.183
           1377          76.206
           1378          76.206
           1379          76.206
           1380          76.206
           1381          76.206
           1382          76.206
           1383          76.206
           1384          76.206
           1385          76.206
           1386          76.206
           1387          76.206
           1388          76.206
           1389          76.206
           1390          75.229
           1391          75.229
           1392          75.229
           1393          75.229
           1394          75.229
           1395          75.229
           1396          75.229
           1397          75.229
           1398          75.229
           1399          75.229
           1400          75.229
           1401          75.229
           1402          75.229
           1403          75.229
           1404          75.229
           1405          75.229
           1406          75.229
           1407          75.229
           1408          75.229
           1409          75.229
           1410          75.229
           1411          75.229
           1412          75.229
           1413          75.229
           1414          75.229
           1415          75.229
           1416          75.229
           1417          75.229
           1418          75.229
           1419          75.229
           1420          75.229
           1421          75.229
           1422          75.229
           1423          75.229
           1424          75.229
           1425          75.229
           1426          75.229
           1427          75.229
           1428          75.229
           1429          76.206
           1430          76.206
           1431          76.206
           1432          76.206
           1433          76.206
           1434          76.206
           1435          76.206
           1436          76.206
           1437          76.206
           1438          76.206
           1439          76.206
           1440          76.206
           1441          76.206
           1442          76.206
           1443          76.206
           1444          76.206
           1445          76.206
           1446          76.206
           1447          76.206
           1448          76.206
           1449          76.206
           1450          76.206
           1451          76.206
           1452          76.206
           1453          76.206
           1454          76.206
