TRACENO
              1         148.504
              2         148.504
              3         148.504
              4         147.527
              5         147.527
              6         147.527
              7         147.527
              8         147.527
              9         147.527
             10         147.527
             11         146.550
             12         146.550
             13         146.550
             14         146.550
             15         146.550
             16         146.550
             17         146.550
             18         146.550
             19         146.550
             20         146.550
             21         146.550
             22         146.550
             23         146.550
             24         145.573
             25         145.573
             26         145.573
             27         145.573
             28         145.573
             29         145.573
             30         145.573
             31         145.573
             32         144.596
             33         144.596
             34         144.596
             35         144.596
             36         144.596
             37         144.596
             38         144.596
             39         143.619
             40         143.619
             41         143.619
             42         143.619
             43         143.619
             44         143.619
             45         143.619
             46         142.642
             47         142.642
             48         142.642
             49         142.642
             50         142.642
             51         142.642
             52         142.642
             53         142.642
             54         142.642
             55         141.665
             56         141.665
             57         141.665
             58         141.665
             59         141.665
             60         141.665
             61         140.688
             62         140.688
             63         140.688
             64         140.688
             65         140.688
             66         140.688
             67         139.711
             68         139.711
             69         139.711
             70         139.711
             71         139.711
             72         139.711
             73         139.711
             74         139.711
             75         139.711
             76         139.711
             77         139.711
             78         139.711
             79         139.711
             80         139.711
             81         139.711
             82         139.711
             83         139.711
             84         139.711
             85         139.711
             86         139.711
             87         139.711
             88         139.711
             89         139.711
             90         139.711
             91         139.711
             92         138.734
             93         138.734
             94         138.734
             95         138.734
             96         138.734
             97         137.757
             98         137.757
             99         137.757
            100         137.757
            101         137.757
            102         137.757
            103         137.757
            104         137.757
            105         137.757
            106         136.780
            107         136.780
            108         136.780
            109         136.780
            110         136.780
            111         136.780
            112         136.780
            113         136.780
            114         136.780
            115         136.780
            116         135.803
            117         135.803
            118         135.803
            119         135.803
            120         135.803
            121         135.803
            122         134.826
            123         134.826
            124         134.826
            125         134.826
            126         134.826
            127         133.849
            128         133.849
            129         133.849
            130         133.849
            131         133.849
            132         133.849
            133         133.849
            134         133.849
            135         133.849
            136         133.849
            137         133.849
            138         133.849
            139         132.872
            140         132.872
            141         132.872
            142         132.872
            143         132.872
            144         132.872
            145         132.872
            146         132.872
            147         132.872
            148         132.872
            149         132.872
            150         132.872
            151         132.872
            152         132.872
            153         132.872
            154         132.872
            155         132.872
            156         131.895
            157         131.895
            158         131.895
            159         131.895
            160         131.895
            161         131.895
            162         130.918
            163         130.918
            164         130.918
            165         130.918
            166         130.918
            167         130.918
            168         130.918
            169         130.918
            170         129.941
            171         129.941
            172         129.941
            173         129.941
            174         129.941
            175         129.941
            176         129.941
            177         129.941
            178         129.941
            179         129.941
            180         129.941
            181         128.964
            182         128.964
            183         128.964
            184         128.964
            185         128.964
            186         127.987
            187         127.987
            188         127.987
            189         127.987
            190         127.987
            191         127.987
            192         127.987
            193         127.987
            194         127.010
            195         127.010
            196         127.010
            197         127.010
            198         127.010
            199         127.010
            200         127.010
            201         127.010
            202         127.010
            203         127.010
            204         126.033
            205         126.033
            206         126.033
            207         126.033
            208         126.033
            209         126.033
            210         126.033
            211         126.033
            212         125.056
            213         125.056
            214         125.056
            215         125.056
            216         125.056
            217         125.056
            218         125.056
            219         125.056
            220         124.079
            221         124.079
            222         124.079
            223         124.079
            224         124.079
            225         124.079
            226         124.079
            227         124.079
            228         124.079
            229         124.079
            230         124.079
            231         123.102
            232         123.102
            233         123.102
            234         123.102
            235         123.102
            236         123.102
            237         122.125
            238         122.125
            239         122.125
            240         122.125
            241         122.125
            242         121.148
            243         121.148
            244         121.148
            245         121.148
            246         121.148
            247         121.148
            248         120.171
            249         120.171
            250         120.171
            251         120.171
            252         120.171
            253         119.194
            254         119.194
            255         119.194
            256         119.194
            257         118.217
            258         118.217
            259         118.217
            260         118.217
            261         118.217
            262         118.217
            263         118.217
            264         117.240
            265         117.240
            266         117.240
            267         117.240
            268         117.240
            269         117.240
            270         117.240
            271         117.240
            272         117.240
            273         117.240
            274         116.263
            275         116.263
            276         116.263
            277         116.263
            278         116.263
            279         116.263
            280         116.263
            281         116.263
            282         116.263
            283         116.263
            284         115.286
            285         115.286
            286         115.286
            287         115.286
            288         115.286
            289         115.286
            290         115.286
            291         115.286
            292         115.286
            293         114.309
            294         114.309
            295         114.309
            296         114.309
            297         114.309
            298         114.309
            299         114.309
            300         114.309
            301         114.309
            302         113.332
            303         113.332
            304         113.332
            305         113.332
            306         113.332
            307         113.332
            308         113.332
            309         113.332
            310         113.332
            311         112.355
            312         112.355
            313         112.355
            314         112.355
            315         112.355
            316         112.355
            317         112.355
            318         112.355
            319         112.355
            320         111.378
            321         111.378
            322         111.378
            323         111.378
            324         111.378
            325         111.378
            326         111.378
            327         111.378
            328         111.378
            329         111.378
            330         110.401
            331         110.401
            332         110.401
            333         110.401
            334         110.401
            335         110.401
            336         110.401
            337         110.401
            338         110.401
            339         110.401
            340         110.401
            341         110.401
            342         110.401
            343         109.424
            344         109.424
            345         109.424
            346         109.424
            347         109.424
            348         109.424
            349         109.424
            350         109.424
            351         109.424
            352         109.424
            353         109.424
            354         109.424
            355         109.424
            356         109.424
            357         109.424
            358         108.447
            359         108.447
            360         108.447
            361         108.447
            362         108.447
            363         108.447
            364         108.447
            365         108.447
            366         108.447
            367         108.447
            368         108.447
            369         108.447
            370         108.447
            371         108.447
            372         107.470
            373         107.470
            374         107.470
            375         107.470
            376         107.470
            377         107.470
            378         107.470
            379         107.470
            380         107.470
            381         107.470
            382         107.470
            383         107.470
            384         107.470
            385         107.470
            386         107.470
            387         106.493
            388         106.493
            389         106.493
            390         106.493
            391         106.493
            392         106.493
            393         106.493
            394         106.493
            395         106.493
            396         106.493
            397         106.493
            398         106.493
            399         106.493
            400         106.493
            401         106.493
            402         106.493
            403         105.516
            404         105.516
            405         105.516
            406         105.516
            407         105.516
            408         105.516
            409         105.516
            410         105.516
            411         105.516
            412         105.516
            413         105.516
            414         105.516
            415         105.516
            416         105.516
            417         105.516
            418         105.516
            419         105.516
            420         105.516
            421         105.516
            422         105.516
            423         105.516
            424         105.516
            425         105.516
            426         105.516
            427         105.516
            428         105.516
            429         105.516
            430         105.516
            431         105.516
            432         105.516
            433         105.516
            434         105.516
            435         105.516
            436         105.516
            437         105.516
            438         105.516
            439         105.516
            440         105.516
            441         105.516
            442         105.516
            443         105.516
            444         105.516
            445         105.516
            446         105.516
            447         105.516
            448         105.516
            449         105.516
            450         105.516
            451         105.516
            452         105.516
            453         105.516
            454         105.516
            455         105.516
            456         105.516
            457         105.516
            458         104.539
            459         104.539
            460         104.539
            461         104.539
            462         104.539
            463         104.539
            464         104.539
            465         104.539
            466         104.539
            467         103.562
            468         103.562
            469         103.562
            470         103.562
            471         103.562
            472         103.562
            473         103.562
