TRACENO
              2          69.367
              3          69.367
              4          69.367
              5          69.367
              6          69.367
              7          70.344
              8          70.344
              9          70.344
             10          70.344
             11          70.344
             12          70.344
             13          70.344
             14          70.344
             15          70.344
             16          70.344
             17          70.344
             18          70.344
             19          70.344
             20          70.344
             21          71.321
             22          71.321
             23          71.321
             24          71.321
             25          71.321
             26          71.321
             27          71.321
             28          71.321
             29          71.321
             30          71.321
             31          71.321
             32          71.321
             33          71.321
             34          71.321
             35          72.298
             36          72.298
             37          72.298
             38          72.298
             39          72.298
             40          72.298
             41          72.298
             42          72.298
             43          72.298
             44          72.298
             45          72.298
             46          72.298
             47          73.275
             48          73.275
             49          73.275
             50          73.275
             51          73.275
             52          73.275
             53          73.275
             54          74.252
             55          74.252
             56          74.252
             57          74.252
             58          74.252
             59          74.252
             60          74.252
             61          74.252
             62          75.229
             63          75.229
             64          75.229
             65          75.229
             66          75.229
             67          75.229
             68          75.229
             69          75.229
             70          75.229
             71          75.229
             72          75.229
             73          74.252
             74          74.252
             75          74.252
             76          74.252
             77          74.252
             78          74.252
             79          75.229
             80          75.229
             81          75.229
             82          75.229
             83          75.229
             84          75.229
             85          75.229
             86          76.206
             87          76.206
             88          76.206
             89          76.206
             90          76.206
             91          76.206
             92          76.206
             93          76.206
             94          76.206
             95          76.206
             96          76.206
             97          77.183
             98          77.183
             99          77.183
            100          77.183
            101          77.183
            102          77.183
            103          77.183
            104          77.183
            105          77.183
            106          77.183
            107          78.160
            108          78.160
            109          78.160
            110          78.160
            111          78.160
            112          78.160
            113          78.160
            114          78.160
            115          78.160
            116          78.160
            117          78.160
            118          78.160
            119          78.160
            120          78.160
            121          78.160
            122          78.160
            123          78.160
            124          78.160
            125          78.160
            126          78.160
            127          78.160
            128          78.160
            129          78.160
            130          78.160
            131          78.160
            132          78.160
            133          78.160
            134          78.160
            135          78.160
            136          78.160
            137          79.137
            138          79.137
            139          79.137
            140          79.137
            141          79.137
            142          79.137
            143          79.137
            144          79.137
            145          79.137
            146          79.137
            147          79.137
            148          79.137
            149          79.137
            150          79.137
            151          79.137
            152          79.137
            153          78.160
            154          78.160
            155          78.160
            156          78.160
            157          78.160
            158          78.160
            159          78.160
            160          78.160
            161          78.160
            162          78.160
            163          78.160
            164          78.160
            165          78.160
            166          78.160
            167          78.160
            168          78.160
            169          78.160
            170          78.160
            171          78.160
            172          78.160
            173          78.160
            174          78.160
            175          78.160
            176          78.160
            177          78.160
            178          78.160
            179          78.160
            180          78.160
            181          78.160
            182          78.160
            183          77.183
            184          77.183
            185          77.183
            186          77.183
            187          77.183
            188          76.206
            189          76.206
            190          76.206
            191          76.206
            192          76.206
            193          76.206
            194          76.206
            195          77.183
            196          77.183
            197          77.183
            198          77.183
            199          77.183
            200          77.183
            201          77.183
            202          77.183
            203          77.183
            204          77.183
            205          77.183
            206          77.183
            207          77.183
            208          77.183
            209          77.183
            210          77.183
            211          77.183
            212          77.183
            213          77.183
            214          77.183
            215          77.183
            216          77.183
            217          77.183
            218          77.183
            219          77.183
            220          77.183
            221          77.183
            222          77.183
            223          77.183
            224          76.206
            225          76.206
            226          76.206
            227          76.206
            228          76.206
            229          76.206
            230          76.206
            231          76.206
            232          76.206
            233          76.206
            234          76.206
            235          76.206
            236          76.206
            237          76.206
            238          76.206
            239          76.206
            240          76.206
            241          76.206
            242          76.206
            243          76.206
            244          76.206
            245          76.206
            246          76.206
            247          76.206
            248          76.206
            249          76.206
            250          76.206
            251          76.206
            252          76.206
            253          76.206
            254          76.206
            255          76.206
            256          76.206
            257          76.206
            258          76.206
            259          76.206
            260          76.206
            261          76.206
            262          76.206
            263          76.206
            264          76.206
            265          76.206
            266          76.206
            267          76.206
            268          76.206
            269          76.206
            270          76.206
            271          76.206
            272          76.206
            273          76.206
            274          76.206
            275          76.206
            276          76.206
            277          76.206
            278          76.206
            279          76.206
            280          76.206
            281          76.206
            282          76.206
            283          76.206
            284          76.206
            285          77.183
            286          77.183
            287          77.183
            288          77.183
            289          77.183
            290          77.183
            291          77.183
            292          77.183
            293          77.183
            294          77.183
            295          77.183
            296          77.183
            297          77.183
            298          77.183
            299          78.160
            300          78.160
            301          78.160
            302          78.160
            303          78.160
            304          78.160
            305          79.137
            306          79.137
            307          79.137
            308          79.137
            309          79.137
            310          79.137
            311          79.137
            312          79.137
            313          79.137
            314          79.137
            315          80.114
            316          80.114
            317          80.114
            318          80.114
            319          80.114
            320          80.114
            321          80.114
            322          80.114
            323          80.114
            324          80.114
            325          80.114
            326          80.114
            327          80.114
            328          80.114
            329          80.114
            330          80.114
            331          80.114
            332          80.114
            333          80.114
            334          80.114
            335          80.114
            336          80.114
            337          80.114
            338          80.114
            339          80.114
            340          80.114
            341          80.114
            342          80.114
            343          80.114
            344          80.114
            345          80.114
            346          80.114
            347          80.114
            348          80.114
            349          80.114
            350          80.114
            351          80.114
            352          80.114
            353          80.114
            354          80.114
            355          80.114
            356          80.114
            357          80.114
            358          81.091
            359          81.091
            360          81.091
            361          81.091
            362          81.091
            363          81.091
            364          81.091
            365          81.091
            366          81.091
            367          81.091
            368          81.091
            369          81.091
            370          81.091
            371          81.091
            372          81.091
            373          81.091
            374          81.091
            375          81.091
            376          81.091
            377          81.091
            378          81.091
            379          81.091
            380          81.091
            381          81.091
            382          81.091
            383          81.091
            384          81.091
            385          81.091
            386          81.091
            387          81.091
            388          81.091
            389          81.091
            390          81.091
            391          81.091
            392          81.091
            393          81.091
            394          80.114
            395          80.114
            396          80.114
            397          80.114
            398          80.114
            399          80.114
            400          80.114
            401          80.114
            402          80.114
            403          80.114
            404          80.114
            405          79.137
            406          79.137
            407          78.160
            408          78.160
            409          78.160
            410          78.160
            411          78.160
            412          78.160
            413          78.160
            414          78.160
            415          78.160
            416          78.160
            417          78.160
            418          78.160
            419          78.160
            420          78.160
            421          78.160
            422          78.160
            423          78.160
            424          78.160
            425          78.160
            426          78.160
            427          78.160
            428          78.160
            429          78.160
            430          78.160
            431          78.160
            432          78.160
            433          78.160
            434          78.160
            435          78.160
            436          78.160
            437          78.160
            438          78.160
            439          79.137
            440          79.137
            441          79.137
            442          79.137
            443          79.137
            444          79.137
            445          79.137
            446          79.137
            447          79.137
            448          79.137
            449          79.137
            450          79.137
            451          79.137
            452          79.137
            453          79.137
            454          79.137
            455          79.137
            456          79.137
            457          79.137
            458          79.137
            459          80.114
            460          80.114
            461          80.114
            462          80.114
            463          80.114
            464          80.114
            465          80.114
            466          80.114
            467          80.114
            468          80.114
            469          80.114
            470          80.114
            471          80.114
            472          80.114
            473          80.114
            474          80.114
            475          80.114
            476          80.114
            477          80.114
            478          81.091
            479          81.091
            480          81.091
            481          81.091
            482          81.091
            483          81.091
            484          81.091
            485          81.091
            486          81.091
            487          81.091
            488          81.091
            489          81.091
            490          81.091
            491          81.091
            492          81.091
            493          81.091
            494          81.091
            495          81.091
            496          81.091
            497          81.091
            498          81.091
            499          81.091
            500          81.091
            501          81.091
            502          81.091
            503          81.091
            504          81.091
            505          81.091
            506          81.091
            507          81.091
            508          81.091
            509          81.091
            510          81.091
            511          81.091
            512          81.091
            513          81.091
            514          81.091
            515          81.091
            516          81.091
            517          81.091
            518          81.091
            519          81.091
            520          81.091
            521          81.091
            522          81.091
            523          81.091
            524          81.091
            525          81.091
            526          81.091
            527          81.091
            528          81.091
            529          81.091
            530          81.091
            531          81.091
            532          81.091
            533          81.091
            534          81.091
            535          81.091
            536          81.091
            537          81.091
            538          81.091
            539          81.091
            540          81.091
            541          81.091
            542          81.091
            543          81.091
            544          82.068
            545          82.068
            546          82.068
            547          82.068
            548          82.068
            549          82.068
            550          82.068
            551          82.068
            552          82.068
            553          82.068
            554          82.068
            555          82.068
            556          82.068
            557          82.068
            558          82.068
            559          82.068
            560          83.045
            561          83.045
            562          83.045
            563          83.045
            564          83.045
            565          83.045
            566          83.045
            567          83.045
            568          83.045
            569          83.045
            570          83.045
            571          84.022
            572          84.022
            573          84.022
            574          83.045
            575          83.045
            576          83.045
            577          83.045
            578          83.045
            579          83.045
            580          83.045
            581          82.068
            582          82.068
            583          82.068
            584          82.068
            585          82.068
            586          82.068
            587          82.068
            588          82.068
            589          81.091
            590          81.091
            591          81.091
            592          81.091
            593          81.091
            594          81.091
            595          81.091
            596          81.091
            597          81.091
            598          81.091
            599          81.091
            600          81.091
            601          81.091
            602          81.091
            603          81.091
            604          82.068
            605          82.068
            606          82.068
            607          82.068
            608          83.045
            609          83.045
            610          83.045
            611          83.045
            612          83.045
            613          84.022
            614          84.022
            615          84.022
            616          84.022
            617          84.022
            618          84.999
            619          84.999
            620          84.999
            621          84.999
            622          84.999
            623          84.999
            624          84.999
            625          84.999
            626          84.999
            627          84.999
            628          84.999
            629          84.999
            630          84.999
            631          84.999
            632          84.999
            633          84.999
            634          84.999
            635          84.999
            636          84.999
            637          84.999
            638          84.999
            639          84.999
            640          84.999
            641          84.999
            642          84.999
            643          84.999
            644          84.999
            645          84.999
            646          84.999
            647          84.999
            648          84.999
            649          84.999
            650          84.999
            651          84.999
            652          84.999
            653          84.999
            654          84.999
            655          84.999
            656          84.999
            657          84.999
            658          84.999
            659          84.999
            660          85.976
            661          85.976
            662          85.976
            663          85.976
            664          85.976
            665          85.976
            666          85.976
            667          85.976
            668          85.976
            669          85.976
            670          85.976
            671          85.976
            672          85.976
            673          85.976
            674          85.976
            675          85.976
            676          85.976
            677          85.976
            678          85.976
            679          85.976
            680          85.976
            681          85.976
            682          85.976
            683          85.976
            684          85.976
            685          85.976
            686          85.976
            687          85.976
            688          85.976
            689          85.976
            690          85.976
            691          85.976
            692          85.976
            693          85.976
            694          85.976
            695          85.976
            696          85.976
            697          85.976
            698          85.976
            699          85.976
            700          85.976
            701          85.976
            702          85.976
            703          85.976
            704          85.976
            705          85.976
            706          85.976
            707          84.999
            708          84.999
            709          84.999
            710          84.999
            711          84.999
            712          84.999
            713          84.022
            714          84.022
            715          84.022
            716          84.022
            717          84.022
            718          84.022
            719          84.022
            720          84.022
            721          84.022
            722          84.022
            723          84.022
            724          84.022
            725          84.022
            726          84.022
            727          84.022
            728          84.022
            729          84.022
            730          84.022
            731          84.022
            732          84.022
            733          84.022
            734          84.022
            735          84.022
            736          84.999
            737          84.999
            738          84.999
            739          84.999
            740          84.999
            741          84.999
            742          84.999
            743          84.999
            744          84.999
            745          84.999
            746          84.999
            747          84.999
            748          84.999
            749          84.999
            750          84.999
            751          84.999
            752          84.999
            753          84.999
            754          84.999
            755          84.999
            756          84.999
            757          84.999
            758          84.999
            759          84.999
            760          84.999
            761          84.999
            762          84.999
            763          84.999
            764          84.999
            765          84.999
            766          84.999
            767          84.999
            768          84.999
            769          84.999
            770          84.999
            771          85.976
            772          85.976
            773          85.976
            774          85.976
            775          85.976
            776          85.976
            777          85.976
            778          85.976
            779          85.976
            780          85.976
            781          85.976
            782          85.976
            783          85.976
            784          85.976
            785          85.976
            786          85.976
            787          85.976
            788          85.976
            789          85.976
            790          85.976
            791          85.976
            792          85.976
            793          85.976
            794          85.976
            795          85.976
            796          85.976
            797          85.976
            798          85.976
            799          85.976
            800          85.976
            801          85.976
            802          85.976
            803          85.976
            804          85.976
            805          85.976
            806          85.976
            807          85.976
            808          85.976
            809          85.976
            810          85.976
            811          85.976
            812          85.976
            813          85.976
            814          85.976
            815          85.976
            816          85.976
            817          85.976
            818          85.976
            819          85.976
            820          85.976
            821          85.976
            822          85.976
            823          85.976
            824          85.976
            825          85.976
            826          86.953
            827          86.953
            828          86.953
            829          86.953
            830          86.953
            831          86.953
            832          86.953
            833          86.953
            834          86.953
            835          86.953
            836          86.953
            837          86.953
            838          86.953
            839          86.953
            840          86.953
            841          86.953
            842          86.953
            843          86.953
            844          86.953
            845          86.953
            846          86.953
            847          86.953
            848          86.953
            849          86.953
            850          86.953
            851          86.953
            852          86.953
            853          86.953
            854          86.953
            855          86.953
            856          86.953
            857          86.953
            858          86.953
            859          86.953
            860          86.953
            861          86.953
            862          86.953
            863          86.953
            864          86.953
            865          86.953
            866          86.953
            867          86.953
            868          86.953
            869          86.953
            870          86.953
            871          86.953
            872          86.953
            873          86.953
            874          86.953
            875          86.953
            876          86.953
            877          86.953
            878          86.953
            879          86.953
            880          86.953
            881          86.953
            882          86.953
            883          86.953
            884          86.953
            885          86.953
            886          86.953
            887          86.953
            888          86.953
            889          86.953
            890          86.953
            891          86.953
            892          85.976
            893          85.976
            894          85.976
            895          85.976
            896          85.976
            897          85.976
            898          85.976
            899          85.976
            900          85.976
            901          85.976
            902          85.976
            903          85.976
            904          85.976
            905          85.976
            906          85.976
            907          85.976
            908          85.976
            909          85.976
            910          85.976
            911          85.976
            912          85.976
            913          85.976
            914          85.976
            915          85.976
            916          85.976
            917          85.976
            918          85.976
            919          85.976
            920          85.976
            921          85.976
            922          84.999
            923          84.999
            924          84.999
            925          84.999
            926          84.999
            927          84.999
            928          84.999
            929          84.999
            930          84.999
            931          84.999
            932          84.999
            933          84.999
            934          84.999
            935          84.999
            936          84.999
            937          84.999
            938          84.999
            939          84.999
            940          84.999
            941          84.999
            942          84.999
            943          84.999
            944          84.999
            945          84.999
            946          84.999
            947          84.999
            948          84.999
            949          84.999
            950          84.999
            951          84.999
            952          84.999
            953          84.999
            954          84.999
            955          84.999
            956          84.022
            957          84.022
            958          84.022
            959          84.022
            960          84.022
            961          84.022
            962          84.022
            963          84.022
            964          84.022
            965          84.022
            966          83.045
            967          83.045
            968          83.045
            969          83.045
            970          83.045
            971          83.045
            972          83.045
            973          82.068
            974          82.068
            975          82.068
            976          82.068
            977          82.068
            978          82.068
            979          82.068
            980          83.045
            981          83.045
            982          83.045
            983          83.045
            984          83.045
            985          83.045
            986          83.045
            987          83.045
            988          83.045
            989          83.045
            990          83.045
            991          83.045
            992          83.045
            993          83.045
            994          83.045
            995          83.045
            996          83.045
            997          83.045
            998          83.045
            999          83.045
           1000          82.068
           1001          82.068
           1002          82.068
           1003          82.068
           1004          82.068
           1005          83.045
           1006          83.045
           1007          83.045
           1008          83.045
           1009          83.045
           1010          83.045
           1011          83.045
           1012          84.022
           1013          84.022
           1014          84.022
           1015          84.022
           1016          84.022
           1017          84.022
           1018          84.999
           1019          84.999
           1020          84.999
           1021          84.999
           1022          84.999
           1023          84.022
           1024          84.022
           1025          84.022
           1026          84.022
           1027          84.022
           1028          84.022
           1029          84.022
           1030          84.022
           1031          84.022
           1032          84.022
           1033          84.022
           1034          84.022
           1035          84.022
           1036          84.022
           1037          84.022
           1038          84.022
           1039          84.022
           1040          84.022
           1041          84.022
           1042          84.022
           1043          84.022
           1044          84.022
           1045          84.022
           1046          84.022
           1047          84.022
           1048          84.022
           1049          84.022
           1050          84.022
           1051          84.022
           1052          84.022
           1053          84.022
           1054          84.022
           1055          84.022
           1056          83.045
           1057          83.045
           1058          83.045
           1059          83.045
           1060          83.045
           1061          83.045
           1062          83.045
           1063          83.045
           1064          83.045
           1065          83.045
           1066          83.045
           1067          83.045
           1068          83.045
           1069          83.045
           1070          83.045
           1071          83.045
           1072          83.045
           1073          83.045
           1074          83.045
           1075          83.045
           1076          83.045
           1077          83.045
           1078          83.045
           1079          83.045
           1080          82.068
           1081          82.068
           1082          82.068
           1083          82.068
           1084          82.068
           1085          82.068
           1086          82.068
           1087          82.068
           1088          82.068
           1089          82.068
           1090          82.068
           1091          82.068
           1092          82.068
           1093          82.068
           1094          82.068
           1095          82.068
           1096          82.068
           1097          81.091
           1098          81.091
           1099          81.091
           1100          81.091
           1101          81.091
           1102          81.091
           1103          81.091
           1104          81.091
           1105          81.091
           1106          81.091
           1107          81.091
           1108          81.091
           1109          81.091
           1110          80.114
           1111          80.114
           1112          80.114
           1113          80.114
           1114          80.114
           1115          80.114
           1116          80.114
           1117          80.114
           1118          80.114
           1119          80.114
           1120          80.114
           1121          80.114
           1122          80.114
           1123          79.137
           1124          79.137
           1125          79.137
           1126          79.137
           1127          79.137
           1128          79.137
           1129          79.137
           1130          79.137
           1131          79.137
           1132          78.160
           1133          78.160
           1134          78.160
           1135          78.160
           1136          78.160
           1137          78.160
           1138          78.160
           1139          78.160
           1140          78.160
           1141          78.160
           1142          77.183
           1143          77.183
           1144          77.183
           1145          77.183
           1146          77.183
           1147          77.183
           1148          77.183
           1149          77.183
           1150          77.183
           1151          77.183
           1152          77.183
           1153          77.183
           1154          77.183
           1155          77.183
           1156          77.183
           1157          77.183
           1158          76.206
           1159          76.206
           1160          76.206
           1161          76.206
           1162          76.206
           1163          76.206
           1164          76.206
           1165          76.206
           1166          76.206
           1167          76.206
           1168          76.206
           1169          76.206
           1170          76.206
           1171          76.206
           1172          76.206
           1173          76.206
           1174          76.206
           1175          76.206
           1176          76.206
           1177          76.206
           1178          76.206
           1179          76.206
           1180          75.229
           1181          75.229
           1182          75.229
           1183          75.229
           1184          75.229
           1185          75.229
           1186          75.229
           1187          75.229
           1188          74.252
           1189          74.252
           1190          74.252
           1191          74.252
           1192          74.252
           1193          74.252
           1194          74.252
           1195          73.275
           1196          73.275
           1197          73.275
           1198          73.275
           1199          73.275
           1200          73.275
           1201          73.275
           1202          73.275
           1203          73.275
           1204          73.275
           1205          73.275
           1206          72.298
           1207          72.298
           1208          72.298
           1209          72.298
           1210          72.298
           1211          72.298
           1212          72.298
           1213          72.298
           1214          72.298
           1215          72.298
           1216          72.298
           1217          72.298
           1218          71.321
           1219          71.321
           1220          71.321
           1221          71.321
           1222          71.321
           1223          71.321
           1224          71.321
           1225          71.321
           1226          71.321
           1227          71.321
           1228          71.321
           1229          71.321
           1230          71.321
           1231          71.321
           1232          71.321
           1233          71.321
           1234          70.344
           1235          70.344
           1236          70.344
           1237          70.344
           1238          70.344
           1239          70.344
           1240          70.344
           1241          70.344
           1242          70.344
           1243          70.344
           1244          70.344
           1245          70.344
           1246          70.344
           1247          70.344
           1248          70.344
           1249          70.344
           1250          69.367
           1251          69.367
           1252          69.367
           1253          69.367
           1254          69.367
           1255          69.367
           1256          69.367
           1257          69.367
           1258          68.390
           1259          68.390
           1260          68.390
           1261          68.390
           1262          68.390
           1263          68.390
           1264          68.390
           1265          68.390
           1266          67.413
           1267          67.413
           1268          67.413
           1269          67.413
           1270          67.413
           1271          67.413
           1272          67.413
           1273          67.413
           1274          67.413
           1275          67.413
           1276          67.413
           1277          67.413
           1278          67.413
           1279          67.413
           1280          67.413
           1281          67.413
           1282          67.413
           1283          67.413
           1284          67.413
           1285          67.413
           1286          66.436
           1287          66.436
           1288          66.436
           1289          66.436
           1290          66.436
           1291          66.436
           1292          66.436
           1293          66.436
           1294          66.436
           1295          66.436
           1296          66.436
           1297          66.436
           1298          66.436
           1299          66.436
           1300          66.436
           1301          66.436
           1302          66.436
           1303          65.459
           1304          65.459
           1305          65.459
           1306          65.459
           1307          65.459
           1308          65.459
           1309          65.459
           1310          65.459
           1311          65.459
           1312          65.459
           1313          65.459
           1314          65.459
           1315          65.459
           1316          66.436
           1317          66.436
           1318          66.436
           1319          66.436
           1320          66.436
           1321          66.436
           1322          66.436
           1323          66.436
           1324          66.436
           1325          66.436
           1326          66.436
           1327          66.436
           1328          66.436
           1329          66.436
           1330          66.436
           1331          66.436
           1332          66.436
           1333          66.436
           1334          66.436
           1335          66.436
           1336          66.436
           1337          66.436
           1338          66.436
           1339          66.436
           1340          66.436
           1341          66.436
           1342          66.436
           1343          66.436
           1344          66.436
           1345          66.436
           1346          66.436
           1347          66.436
           1348          66.436
           1349          66.436
           1350          66.436
           1351          66.436
           1352          66.436
           1353          66.436
           1354          66.436
           1355          66.436
           1356          66.436
           1357          66.436
           1358          66.436
           1359          67.413
           1360          67.413
           1361          67.413
           1362          67.413
           1363          67.413
           1364          66.436
           1365          66.436
           1366          66.436
           1367          66.436
           1368          66.436
           1369          66.436
           1370          66.436
           1371          66.436
           1372          66.436
           1373          66.436
           1374          66.436
           1375          66.436
           1376          66.436
           1377          66.436
           1378          66.436
           1379          66.436
           1380          65.459
           1381          65.459
           1382          65.459
           1383          65.459
           1384          65.459
           1385          65.459
           1386          65.459
           1387          65.459
           1388          65.459
           1389          65.459
           1390          65.459
           1391          65.459
           1392          65.459
           1393          65.459
           1394          65.459
           1395          65.459
           1396          65.459
           1397          65.459
           1398          65.459
           1399          65.459
           1400          65.459
           1401          65.459
           1402          65.459
           1403          65.459
           1404          64.482
           1405          64.482
           1406          64.482
           1407          64.482
           1408          64.482
           1409          64.482
           1410          64.482
           1411          64.482
           1412          64.482
           1413          65.459
           1414          65.459
           1415          65.459
           1416          65.459
           1417          65.459
           1418          65.459
           1419          65.459
           1420          65.459
           1421          65.459
           1422          65.459
           1423          65.459
           1424          65.459
           1425          64.482
           1426          64.482
           1427          63.505
           1428          63.505
           1429          62.528
           1430          62.528
           1431          62.528
           1432          62.528
           1433          62.528
           1434          62.528
           1435          62.528
           1436          61.551
           1437          61.551
           1438          62.528
           1439          62.528
           1440          62.528
           1441          62.528
           1442          63.505
           1443          63.505
           1444          63.505
           1445          64.482
           1446          64.482
           1447          64.482
           1448          64.482
           1449          64.482
           1450          64.482
           1451          64.482
           1452          64.482
           1453          64.482
           1454          65.459
           1455          65.459
           1456          65.459
           1457          65.459
           1458          65.459
           1459          65.459
           1460          65.459
           1461          65.459
           1462          65.459
           1463          65.459
           1464          65.459
           1465          65.459
           1466          65.459
           1467          65.459
           1468          65.459
           1469          65.459
           1470          65.459
           1471          65.459
           1472          65.459
           1473          65.459
           1474          65.459
           1475          65.459
           1476          65.459
           1477          65.459
           1478          65.459
           1479          66.436
           1480          66.436
           1481          66.436
           1482          66.436
           1483          66.436
           1484          66.436
           1485          66.436
           1486          66.436
           1487          66.436
           1488          66.436
           1489          66.436
           1490          66.436
           1491          66.436
           1492          66.436
           1493          66.436
           1494          66.436
