TRACENO
              6         160.228
              7         160.228
              8         160.228
              9         160.228
             10         160.228
             11         160.228
             12         160.228
             13         160.228
             14         160.228
             15         160.228
             16         160.228
             17         160.228
             18         160.228
             19         160.228
             20         160.228
             21         160.228
             22         160.228
             23         160.228
             24         160.228
             25         160.228
             26         160.228
             27         160.228
             28         160.228
             29         160.228
             30         160.228
             31         160.228
             32         160.228
             33         160.228
             34         160.228
             35         160.228
             36         160.228
             37         160.228
             38         160.228
             39         160.228
             40         160.228
             41         160.228
             42         160.228
             43         160.228
             44         160.228
             45         160.228
             46         160.228
             47         160.228
             48         160.228
             49         160.228
             50         160.228
             51         160.228
             52         160.228
             53         160.228
             54         160.228
             55         160.228
             56         160.228
             57         160.228
             58         160.228
             59         160.228
             60         160.228
             61         160.228
             62         160.228
             63         160.228
             64         160.228
             65         160.228
             66         160.228
             67         160.228
             68         160.228
             69         160.228
             70         160.228
             71         160.228
             72         160.228
             73         160.228
             74         160.228
             75         160.228
             76         160.228
             77         160.228
             78         160.228
             79         160.228
             80         160.228
             81         160.228
             82         160.228
             83         160.228
             84         160.228
             85         160.228
             86         160.228
             87         160.228
             88         160.228
             89         160.228
             90         160.228
             91         160.228
             92         160.228
             93         160.228
             94         160.228
             95         160.228
             96         160.228
             97         160.228
             98         160.228
             99         160.228
            100         160.228
            101         160.228
            102         160.228
            103         160.228
            104         160.228
            105         160.228
            106         160.228
            107         160.228
            108         160.228
            109         160.228
            110         160.228
            111         160.228
            112         160.228
            113         160.228
            114         160.228
            115         160.228
            116         160.228
            117         160.228
            118         160.228
            119         160.228
            120         160.228
            121         160.228
            122         160.228
            123         160.228
            124         160.228
            125         160.228
            126         160.228
            127         160.228
            128         160.228
            129         160.228
            130         160.228
            131         160.228
            132         160.228
            133         160.228
            134         160.228
            135         160.228
            136         160.228
            137         160.228
            138         160.228
            139         160.228
            140         160.228
            141         160.228
            142         160.228
            143         160.228
            144         160.228
            145         160.228
            146         160.228
            147         160.228
            148         160.228
            149         160.228
            150         160.228
            151         160.228
            152         160.228
            153         160.228
            154         160.228
            155         160.228
            156         160.228
            157         160.228
            158         160.228
            159         160.228
            160         160.228
            161         160.228
            162         160.228
            163         160.228
            164         160.228
            165         160.228
            166         160.228
            167         160.228
            168         160.228
            169         160.228
            170         160.228
            171         160.228
            172         160.228
            173         160.228
            174         160.228
            175         160.228
            176         160.228
            177         160.228
            178         160.228
            179         160.228
            180         160.228
            181         160.228
            182         160.228
            183         160.228
            184         160.228
            185         160.228
            186         160.228
            187         160.228
            188         160.228
            189         160.228
            190         160.228
            191         160.228
            192         160.228
            193         160.228
            194         160.228
            195         160.228
            196         160.228
            197         160.228
            198         160.228
            199         160.228
            200         160.228
            201         160.228
            202         160.228
            203         160.228
            204         160.228
            205         160.228
            206         160.228
            207         160.228
            208         160.228
            209         160.228
            210         160.228
            211         160.228
            212         160.228
            213         160.228
            214         160.228
            215         160.228
            216         160.228
            217         160.228
            218         160.228
            219         160.228
            220         160.228
            221         160.228
            222         160.228
            223         160.228
            224         160.228
            225         160.228
            226         160.228
            227         160.228
            228         160.228
            229         160.228
            230         160.228
            231         160.228
            232         160.228
            233         160.228
            234         160.228
            235         161.205
            236         161.205
            237         161.205
            238         161.205
            239         161.205
            240         161.205
            241         161.205
            242         161.205
            243         161.205
            244         161.205
            245         161.205
            246         161.205
            247         161.205
            248         161.205
            249         161.205
            250         161.205
            251         161.205
            252         161.205
            253         161.205
            254         161.205
            255         161.205
            256         161.205
            257         161.205
            258         161.205
            259         161.205
            260         161.205
            261         161.205
            262         161.205
            263         161.205
            264         161.205
            265         162.182
            266         162.182
            267         162.182
            268         162.182
            269         162.182
            270         162.182
            271         162.182
            272         162.182
            273         162.182
            274         162.182
            275         162.182
            276         162.182
            277         162.182
            278         162.182
            279         162.182
            280         162.182
            281         162.182
            282         162.182
            283         162.182
            284         162.182
            285         162.182
            286         162.182
            287         162.182
            288         162.182
            289         162.182
            290         162.182
            291         162.182
            292         162.182
            293         162.182
            294         162.182
            295         162.182
            296         162.182
            297         162.182
            298         163.159
            299         163.159
            300         163.159
            301         163.159
            302         163.159
            303         163.159
            304         163.159
            305         163.159
            306         163.159
            307         163.159
            308         163.159
            309         163.159
            310         163.159
            311         163.159
            312         163.159
            313         163.159
            314         163.159
            315         163.159
            316         163.159
            317         163.159
            318         163.159
            319         163.159
            320         164.136
            321         164.136
            322         164.136
            323         164.136
            324         164.136
            325         164.136
            326         164.136
            327         164.136
            328         164.136
            329         164.136
            330         165.113
            331         165.113
            332         165.113
            333         165.113
            334         165.113
            335         165.113
            336         165.113
            337         165.113
            338         165.113
            339         166.090
            340         166.090
            341         166.090
            342         166.090
            343         166.090
            344         166.090
            345         166.090
            346         166.090
            347         166.090
            348         166.090
            349         167.067
            350         167.067
            351         167.067
            352         167.067
            353         167.067
            354         167.067
            355         167.067
            356         167.067
            357         167.067
            358         167.067
            359         168.044
            360         168.044
            361         168.044
            362         168.044
            363         168.044
            364         168.044
            365         168.044
            366         168.044
            367         168.044
            368         168.044
            369         168.044
            370         168.044
            371         168.044
            372         168.044
            373         168.044
            374         168.044
            375         168.044
            376         168.044
            377         168.044
            378         168.044
            379         168.044
            380         168.044
            381         168.044
            382         168.044
            383         168.044
            384         168.044
            385         169.021
            386         169.021
            387         169.021
            388         169.021
            389         169.021
            390         169.021
            391         169.021
            392         169.021
            393         169.021
            394         169.021
            395         169.021
            396         169.021
            397         169.021
            398         169.021
            399         169.021
            400         169.021
            401         169.021
            402         169.021
            403         169.021
            404         169.021
            405         169.021
            406         169.021
            407         169.021
            408         169.021
            409         169.021
            410         169.021
            411         169.021
            412         169.021
            413         169.021
            414         169.021
            415         169.021
            416         169.021
            417         169.998
            418         169.998
            419         169.998
            420         169.998
            421         169.998
            422         169.998
            423         169.998
            424         169.998
            425         169.998
            426         169.998
            427         169.998
            428         169.998
            429         169.998
            430         169.998
            431         169.998
            432         169.998
            433         169.998
            434         169.998
            435         169.998
            436         169.998
            437         169.998
            438         169.998
            439         169.998
            440         169.998
            441         169.998
            442         170.975
            443         170.975
            444         170.975
            445         170.975
            446         170.975
            447         170.975
            448         170.975
            449         170.975
            450         170.975
            451         170.975
            452         170.975
            453         170.975
            454         170.975
            455         170.975
            456         170.975
            457         170.975
            458         170.975
            459         170.975
            460         170.975
            461         170.975
            462         170.975
            463         170.975
            464         170.975
            465         171.952
            466         171.952
            467         171.952
            468         171.952
            469         171.952
            470         171.952
            471         171.952
            472         171.952
            473         171.952
            474         171.952
            475         171.952
            476         171.952
            477         171.952
            478         171.952
            479         171.952
            480         171.952
            481         171.952
            482         172.929
            483         172.929
            484         172.929
            485         172.929
            486         172.929
            487         172.929
            488         172.929
            489         172.929
            490         172.929
            491         172.929
            492         172.929
            493         172.929
            494         173.906
            495         173.906
            496         173.906
            497         173.906
            498         173.906
            499         173.906
            500         173.906
            501         173.906
            502         173.906
            503         173.906
            504         173.906
            505         173.906
            506         173.906
            507         174.883
            508         174.883
            509         174.883
            510         174.883
            511         174.883
            512         174.883
            513         174.883
            514         174.883
            515         174.883
            516         174.883
            517         174.883
            518         174.883
            519         174.883
            520         175.860
            521         175.860
            522         175.860
            523         175.860
            524         175.860
            525         175.860
            526         175.860
            527         175.860
            528         175.860
            529         175.860
            530         175.860
            531         175.860
            532         175.860
            533         176.837
            534         176.837
            535         176.837
            536         176.837
            537         176.837
            538         176.837
            539         176.837
            540         176.837
            541         176.837
            542         176.837
            543         176.837
            544         176.837
            545         176.837
            546         176.837
            547         176.837
            548         176.837
            549         176.837
            550         177.814
            551         177.814
            552         177.814
            553         177.814
            554         177.814
            555         177.814
            556         177.814
            557         177.814
            558         177.814
            559         177.814
            560         177.814
            561         177.814
            562         177.814
            563         177.814
            564         177.814
            565         177.814
            566         177.814
            567         177.814
            568         177.814
            569         177.814
            570         177.814
            571         177.814
            572         177.814
            573         177.814
            574         177.814
            575         177.814
            576         177.814
            577         177.814
            578         177.814
            579         177.814
            580         177.814
            581         177.814
            582         177.814
            583         177.814
            584         177.814
            585         177.814
            586         177.814
            587         177.814
            588         177.814
            589         177.814
            590         177.814
            591         177.814
            592         177.814
            593         177.814
            594         177.814
            595         177.814
            596         177.814
            597         177.814
            598         177.814
            599         177.814
            600         177.814
            601         177.814
            602         177.814
            603         177.814
            604         177.814
            605         177.814
            606         177.814
            607         177.814
            608         177.814
            609         177.814
            610         177.814
            611         177.814
            612         177.814
            613         177.814
            614         177.814
            615         177.814
            616         177.814
            617         177.814
            618         177.814
            619         177.814
            620         177.814
            621         177.814
            622         177.814
            623         177.814
            624         177.814
            625         177.814
            626         177.814
            627         177.814
            628         177.814
            629         177.814
            630         177.814
            631         177.814
            632         177.814
            633         177.814
            634         177.814
            635         177.814
            636         177.814
            637         177.814
            638         177.814
            639         177.814
            640         177.814
            641         177.814
            642         177.814
            643         177.814
            644         177.814
            645         177.814
            646         177.814
            647         177.814
            648         177.814
            649         177.814
            650         177.814
            651         177.814
            652         176.837
            653         176.837
            654         176.837
            655         176.837
            656         176.837
            657         175.860
            658         175.860
            659         175.860
