TRACENO
              1         166.090
              2         166.090
              3         166.090
              4         166.090
              5         166.090
              6         166.090
              7         166.090
              8         166.090
              9         166.090
             10         166.090
             11         166.090
             12         166.090
             13         166.090
             14         166.090
             15         166.090
             16         166.090
             17         166.090
             18         166.090
             19         165.113
             20         165.113
             21         165.113
             22         166.090
             23         166.090
             24         166.090
             25         166.090
             26         166.090
             27         166.090
             28         166.090
             29         166.090
             30         166.090
             31         166.090
             32         166.090
             33         166.090
             34         166.090
             35         166.090
             36         166.090
             37         166.090
             38         166.090
             39         166.090
             40         167.067
             41         167.067
             42         167.067
             43         167.067
             44         167.067
             45         167.067
             46         167.067
             47         167.067
             48         167.067
             49         167.067
             50         167.067
             51         167.067
             52         167.067
             53         167.067
             54         167.067
             55         167.067
             56         167.067
             57         167.067
             58         167.067
             59         167.067
             60         167.067
             61         167.067
             62         168.044
             63         168.044
             64         168.044
             65         168.044
             66         168.044
             67         168.044
             68         168.044
             69         168.044
             70         168.044
             71         168.044
             72         168.044
             73         168.044
             74         168.044
             75         168.044
             76         168.044
             77         168.044
             78         168.044
             79         168.044
             80         168.044
             81         169.021
             82         169.021
             83         169.021
             84         169.021
             85         169.021
             86         169.021
             87         169.021
             88         169.021
             89         169.021
             90         169.021
             91         169.021
             92         169.021
             93         169.021
             94         169.021
             95         169.021
             96         169.021
             97         169.021
             98         169.021
             99         169.998
            100         169.998
            101         169.998
            102         169.998
            103         169.998
            104         169.998
            105         169.998
            106         169.998
            107         169.998
            108         169.998
            109         169.998
            110         169.998
            111         169.998
            112         170.975
            113         170.975
            114         170.975
            115         170.975
            116         170.975
            117         170.975
            118         170.975
            119         170.975
            120         170.975
            121         170.975
            122         170.975
            123         170.975
            124         170.975
            125         170.975
            126         170.975
            127         170.975
            128         170.975
            129         170.975
            130         170.975
            131         170.975
            132         170.975
            133         170.975
            134         170.975
            135         170.975
            136         170.975
            137         170.975
            138         170.975
            139         170.975
            140         170.975
            141         170.975
            142         170.975
            143         170.975
            144         170.975
            145         170.975
            146         170.975
            147         170.975
            148         170.975
            149         170.975
            150         170.975
            151         170.975
            152         170.975
            153         171.952
            154         171.952
            155         171.952
            156         171.952
            157         171.952
            158         171.952
            159         171.952
            160         171.952
            161         171.952
            162         171.952
            163         171.952
            164         171.952
            165         171.952
            166         171.952
            167         171.952
            168         171.952
            169         171.952
            170         171.952
            171         171.952
            172         171.952
            173         171.952
            174         171.952
            175         171.952
            176         172.929
            177         172.929
            178         172.929
            179         172.929
            180         172.929
            181         172.929
            182         172.929
            183         172.929
            184         172.929
            185         173.906
            186         173.906
            187         172.929
            188         172.929
            189         172.929
            190         173.906
            191         173.906
            192         173.906
            193         173.906
            194         173.906
            195         173.906
            196         173.906
            197         173.906
            198         173.906
            199         173.906
            200         173.906
            201         173.906
            202         173.906
            203         173.906
            204         173.906
            205         173.906
            206         173.906
            207         174.883
            208         174.883
            209         174.883
            210         174.883
            211         174.883
            212         174.883
            213         174.883
            214         175.860
            215         175.860
            216         175.860
            217         175.860
            218         175.860
            219         175.860
            220         174.883
            221         174.883
            222         174.883
            223         174.883
            224         174.883
            225         174.883
            226         174.883
            227         175.860
            228         175.860
            229         175.860
            230         175.860
            231         175.860
            232         175.860
            233         175.860
            234         175.860
            235         175.860
            236         175.860
            237         175.860
            238         175.860
            239         175.860
            240         175.860
            241         175.860
            242         176.837
            243         176.837
            244         176.837
            245         176.837
            246         176.837
            247         176.837
            248         176.837
            249         176.837
            250         176.837
            251         176.837
            252         176.837
            253         176.837
            254         176.837
            255         176.837
            256         176.837
            257         176.837
            258         176.837
            259         176.837
            260         176.837
            261         176.837
            262         176.837
            263         176.837
            264         176.837
            265         176.837
            266         176.837
            267         177.814
            268         177.814
            269         177.814
            270         177.814
            271         177.814
            272         177.814
            273         177.814
            274         177.814
            275         177.814
            276         177.814
            277         177.814
            278         177.814
            279         177.814
            280         177.814
            281         177.814
            282         177.814
            283         177.814
            284         177.814
            285         177.814
            286         177.814
            287         177.814
            288         177.814
            289         177.814
            290         178.791
            291         178.791
            292         178.791
            293         178.791
            294         178.791
            295         178.791
            296         178.791
            297         178.791
            298         178.791
            299         178.791
            300         178.791
            301         178.791
            302         178.791
            303         178.791
            304         178.791
            305         178.791
            306         178.791
            307         178.791
            308         178.791
            309         178.791
            310         178.791
            311         178.791
            312         178.791
            313         178.791
            314         178.791
            315         178.791
            316         178.791
            317         178.791
            318         178.791
            319         178.791
            320         178.791
            321         178.791
            322         178.791
            323         178.791
            324         178.791
            325         178.791
            326         178.791
            327         178.791
            328         178.791
            329         178.791
            330         178.791
            331         178.791
            332         179.768
            333         179.768
            334         179.768
            335         179.768
            336         179.768
            337         179.768
            338         179.768
            339         179.768
            340         179.768
            341         179.768
            342         179.768
            343         179.768
            344         179.768
            345         179.768
            346         179.768
            347         179.768
            348         180.745
            349         180.745
            350         180.745
            351         180.745
            352         180.745
            353         180.745
            354         180.745
            355         180.745
            356         180.745
            357         180.745
            358         180.745
            359         180.745
            360         180.745
            361         180.745
            362         180.745
            363         180.745
            364         180.745
            365         180.745
            366         180.745
            367         180.745
            368         180.745
            369         180.745
            370         180.745
            371         180.745
            372         180.745
            373         180.745
            374         180.745
            375         180.745
            376         180.745
            377         180.745
            378         180.745
            379         180.745
            380         180.745
            381         180.745
            382         180.745
            383         180.745
            384         180.745
            385         180.745
            386         180.745
            387         180.745
            388         180.745
            389         180.745
            390         180.745
            391         180.745
            392         180.745
            393         180.745
            394         180.745
            395         180.745
            396         180.745
            397         180.745
            398         180.745
            399         180.745
            400         180.745
            401         180.745
            402         180.745
            403         180.745
            404         180.745
            405         180.745
            406         180.745
            407         180.745
            408         180.745
            409         180.745
            410         180.745
            411         180.745
            412         180.745
            413         180.745
            414         180.745
            415         180.745
            416         180.745
            417         180.745
            418         180.745
            419         180.745
            420         180.745
            421         180.745
            422         180.745
            423         180.745
            424         180.745
            425         180.745
            426         180.745
            427         180.745
            428         180.745
            429         180.745
            430         180.745
            431         180.745
            432         180.745
            433         180.745
            434         180.745
            435         180.745
            436         180.745
            437         180.745
            438         180.745
            439         180.745
            440         180.745
            441         180.745
            442         180.745
            443         180.745
            444         180.745
            445         180.745
            446         180.745
            447         180.745
            448         180.745
            449         180.745
            450         180.745
            451         180.745
            452         180.745
            453         180.745
            454         180.745
            455         180.745
            456         180.745
            457         180.745
            458         180.745
            459         180.745
            460         180.745
            461         180.745
            462         180.745
            463         180.745
            464         180.745
            465         180.745
            466         180.745
            467         180.745
            468         180.745
            469         180.745
            470         180.745
            471         180.745
            472         180.745
            473         180.745
            474         181.722
            475         181.722
            476         180.745
            477         180.745
            478         180.745
            479         180.745
            480         180.745
            481         180.745
            482         180.745
            483         180.745
            484         180.745
            485         180.745
            486         180.745
            487         180.745
            488         180.745
            489         180.745
            490         180.745
            491         180.745
            492         180.745
            493         180.745
            494         180.745
            495         180.745
            496         180.745
            497         180.745
            498         180.745
            499         180.745
            500         180.745
            501         180.745
            502         180.745
            503         180.745
            504         180.745
            505         180.745
            506         180.745
            507         179.768
            508         179.768
            509         179.768
            510         179.768
            511         179.768
            512         180.745
            513         180.745
            514         180.745
            515         180.745
            516         180.745
            517         180.745
            518         180.745
            519         180.745
            520         180.745
            521         181.722
            522         181.722
            523         181.722
            524         181.722
            525         181.722
            526         181.722
            527         181.722
            528         180.745
            529         180.745
            530         180.745
            531         180.745
            532         180.745
            533         180.745
            534         180.745
            535         180.745
            536         180.745
            537         180.745
            538         180.745
            539         180.745
            540         180.745
            541         180.745
            542         180.745
            543         180.745
            544         180.745
            545         180.745
            546         181.722
            547         181.722
            548         181.722
            549         181.722
            550         180.745
            551         180.745
            552         180.745
            553         180.745
            554         180.745
            555         180.745
            556         180.745
            557         180.745
            558         180.745
            559         180.745
            560         179.768
            561         179.768
            562         179.768
            563         179.768
            564         179.768
            565         179.768
            566         179.768
            567         179.768
            568         179.768
            569         179.768
            570         179.768
            571         179.768
            572         179.768
            573         179.768
            574         179.768
            575         179.768
            576         179.768
            577         179.768
            578         179.768
            579         179.768
            580         179.768
            581         179.768
            582         179.768
            583         179.768
            584         179.768
            585         179.768
            586         179.768
            587         179.768
            588         179.768
            589         179.768
            590         179.768
            591         179.768
            592         179.768
            593         179.768
            594         179.768
            595         178.791
            596         178.791
            597         178.791
            598         178.791
            599         178.791
            600         178.791
            601         178.791
            602         178.791
            603         178.791
            604         178.791
            605         178.791
            606         178.791
            607         178.791
            608         178.791
            609         178.791
            610         178.791
            611         178.791
            612         178.791
            613         178.791
            614         178.791
            615         178.791
            616         178.791
            617         178.791
            618         178.791
            619         178.791
            620         178.791
            621         178.791
            622         178.791
            623         178.791
            624         178.791
            625         178.791
            626         178.791
            627         178.791
            628         178.791
            629         178.791
            630         178.791
            631         178.791
            632         178.791
            633         178.791
            634         178.791
            635         178.791
            636         178.791
            637         178.791
            638         178.791
            639         178.791
            640         178.791
            641         178.791
            642         179.768
            643         179.768
            644         179.768
            645         179.768
            646         179.768
            647         179.768
            648         179.768
            649         179.768
            650         179.768
            651         179.768
            652         179.768
            653         179.768
            654         179.768
            655         179.768
            656         179.768
            657         179.768
            658         179.768
            659         179.768
            660         179.768
            661         179.768
            662         179.768
            663         179.768
            664         178.791
            665         178.791
            666         178.791
            667         178.791
            668         178.791
            669         178.791
            670         178.791
            671         178.791
            672         178.791
            673         178.791
            674         178.791
            675         178.791
            676         178.791
            677         178.791
            678         178.791
            679         178.791
            680         178.791
            681         178.791
            682         178.791
            683         178.791
            684         178.791
            685         178.791
            686         178.791
            687         178.791
            688         178.791
            689         178.791
            690         178.791
            691         178.791
            692         178.791
            693         178.791
            694         179.768
            695         179.768
            696         179.768
            697         179.768
            698         179.768
            699         179.768
            700         179.768
            701         179.768
            702         179.768
            703         179.768
            704         179.768
            705         179.768
            706         179.768
            707         179.768
            708         179.768
            709         179.768
            710         179.768
            711         179.768
            712         179.768
            713         179.768
            714         179.768
            715         179.768
            716         179.768
            717         179.768
            718         179.768
            719         179.768
            720         179.768
            721         179.768
            722         179.768
            723         179.768
            724         179.768
            725         179.768
            726         179.768
            727         179.768
            728         179.768
            729         179.768
            730         179.768
            731         179.768
            732         179.768
            733         179.768
            734         179.768
            735         179.768
            736         179.768
            737         179.768
            738         179.768
            739         180.745
            740         180.745
            741         180.745
            742         180.745
            743         180.745
            744         180.745
            745         180.745
            746         180.745
            747         180.745
            748         180.745
            749         180.745
            750         180.745
            751         180.745
            752         180.745
            753         180.745
            754         180.745
            755         180.745
            756         179.768
            757         179.768
            758         179.768
            759         179.768
            760         179.768
            761         179.768
            762         179.768
            763         179.768
            764         179.768
            765         179.768
            766         179.768
            767         179.768
            768         179.768
            769         179.768
            770         179.768
            771         179.768
            772         179.768
            773         179.768
            774         179.768
            775         179.768
            776         179.768
            777         179.768
            778         179.768
            779         179.768
            780         179.768
            781         179.768
            782         178.791
            783         178.791
            784         178.791
            785         178.791
            786         178.791
            787         178.791
            788         178.791
            789         178.791
            790         178.791
            791         179.768
            792         179.768
            793         179.768
            794         179.768
            795         179.768
            796         179.768
            797         179.768
            798         179.768
            799         179.768
            800         179.768
            801         179.768
            802         179.768
            803         179.768
            804         178.791
            805         178.791
            806         178.791
            807         178.791
            808         178.791
            809         178.791
            810         178.791
            811         178.791
            812         178.791
            813         178.791
            814         178.791
            815         178.791
            816         178.791
            817         178.791
            818         178.791
            819         178.791
            820         178.791
            821         178.791
            822         178.791
            823         178.791
            824         178.791
            825         178.791
            826         178.791
            827         178.791
            828         178.791
            829         178.791
            830         178.791
            831         178.791
            832         178.791
            833         178.791
            834         178.791
            835         178.791
            836         178.791
            837         178.791
            838         178.791
            839         178.791
            840         178.791
            841         178.791
            842         178.791
            843         178.791
            844         178.791
            845         178.791
            846         178.791
            847         178.791
            848         178.791
            849         178.791
            850         178.791
            851         178.791
            852         178.791
            853         178.791
            854         178.791
            855         178.791
            856         178.791
            857         178.791
            858         178.791
            859         178.791
            860         178.791
            861         178.791
            862         178.791
            863         178.791
            864         178.791
            865         178.791
            866         178.791
            867         178.791
            868         178.791
            869         178.791
            870         178.791
            871         178.791
            872         178.791
            873         178.791
            874         178.791
            875         178.791
            876         178.791
            877         178.791
            878         178.791
            879         178.791
            880         178.791
            881         178.791
            882         178.791
            883         178.791
            884         178.791
            885         178.791
            886         178.791
            887         178.791
            888         178.791
            889         178.791
            890         178.791
            891         178.791
            892         178.791
            893         178.791
            894         179.768
            895         179.768
            896         179.768
            897         179.768
            898         179.768
            899         179.768
            900         179.768
            901         179.768
            902         179.768
            903         179.768
            904         179.768
            905         179.768
            906         179.768
            907         179.768
            908         179.768
            909         179.768
            910         179.768
            911         179.768
            912         179.768
            913         179.768
            914         179.768
            915         179.768
            916         179.768
            917         179.768
            918         179.768
            919         179.768
            920         179.768
            921         179.768
            922         179.768
            923         179.768
            924         179.768
            925         179.768
            926         179.768
            927         179.768
            928         179.768
            929         179.768
            930         179.768
            931         179.768
            932         179.768
            933         179.768
            934         179.768
            935         178.791
            936         178.791
            937         178.791
            938         178.791
            939         178.791
            940         178.791
            941         178.791
            942         178.791
            943         178.791
            944         178.791
            945         178.791
            946         178.791
            947         178.791
            948         178.791
            949         178.791
            950         178.791
            951         178.791
            952         178.791
            953         178.791
            954         178.791
            955         178.791
            956         178.791
            957         178.791
            958         178.791
            959         178.791
            960         178.791
            961         178.791
            962         178.791
            963         178.791
            964         178.791
            965         178.791
            966         178.791
            967         178.791
            968         178.791
            969         178.791
            970         178.791
            971         178.791
            972         178.791
            973         178.791
            974         178.791
            975         178.791
            976         178.791
            977         178.791
            978         178.791
            979         178.791
            980         178.791
            981         178.791
            982         178.791
            983         178.791
            984         178.791
            985         178.791
            986         178.791
            987         178.791
            988         178.791
            989         178.791
            990         178.791
            991         178.791
            992         178.791
            993         178.791
            994         178.791
            995         178.791
            996         178.791
            997         178.791
            998         178.791
            999         178.791
           1000         177.814
           1001         177.814
           1002         177.814
           1003         177.814
           1004         177.814
           1005         177.814
           1006         177.814
           1007         177.814
           1008         177.814
           1009         177.814
           1010         177.814
           1011         177.814
           1012         177.814
           1013         178.791
           1014         178.791
           1015         178.791
           1016         178.791
           1017         178.791
           1018         178.791
           1019         178.791
           1020         178.791
           1021         178.791
           1022         178.791
           1023         178.791
           1024         178.791
           1025         178.791
           1026         178.791
           1027         178.791
           1028         178.791
           1029         178.791
           1030         178.791
           1031         178.791
           1032         178.791
           1033         178.791
           1034         178.791
           1035         178.791
           1036         178.791
           1037         178.791
           1038         178.791
           1039         178.791
           1040         178.791
           1041         178.791
           1042         178.791
           1043         178.791
           1044         178.791
           1045         178.791
           1046         178.791
           1047         178.791
           1048         178.791
           1049         178.791
           1050         178.791
           1051         178.791
           1052         178.791
           1053         178.791
           1054         178.791
           1055         178.791
           1056         178.791
           1057         178.791
           1058         178.791
           1059         178.791
           1060         178.791
           1061         178.791
           1062         178.791
           1063         178.791
           1064         178.791
           1065         178.791
           1066         178.791
           1067         178.791
           1068         178.791
           1069         178.791
           1070         178.791
           1071         178.791
           1072         178.791
           1073         178.791
           1074         178.791
           1075         178.791
           1076         178.791
           1077         178.791
           1078         178.791
           1079         178.791
           1080         178.791
           1081         178.791
           1082         178.791
           1083         178.791
           1084         178.791
           1085         178.791
           1086         178.791
           1087         178.791
           1088         178.791
           1089         178.791
           1090         178.791
           1091         178.791
           1092         178.791
           1093         178.791
           1094         178.791
           1095         178.791
           1096         178.791
           1097         178.791
           1098         178.791
           1099         178.791
           1100         178.791
           1101         178.791
           1102         178.791
           1103         178.791
           1104         178.791
           1105         178.791
           1106         178.791
           1107         178.791
           1108         178.791
           1109         178.791
           1110         178.791
           1111         178.791
           1112         178.791
           1113         178.791
           1114         178.791
           1115         178.791
           1116         178.791
           1117         178.791
           1118         178.791
           1119         178.791
           1120         178.791
           1121         178.791
           1122         178.791
           1123         178.791
           1124         178.791
           1125         178.791
           1126         178.791
           1127         178.791
           1128         178.791
           1129         178.791
           1130         178.791
           1131         178.791
           1132         178.791
           1133         178.791
           1134         178.791
           1135         178.791
           1136         178.791
           1137         178.791
           1138         178.791
           1139         178.791
           1140         178.791
           1141         178.791
           1142         178.791
           1143         178.791
           1144         178.791
           1145         178.791
           1146         178.791
           1147         178.791
           1148         178.791
           1149         178.791
           1150         178.791
           1151         178.791
           1152         178.791
           1153         177.814
           1154         177.814
           1155         177.814
           1156         177.814
           1157         177.814
           1158         177.814
           1159         177.814
           1160         177.814
           1161         177.814
           1162         177.814
           1163         177.814
           1164         177.814
           1165         177.814
           1166         177.814
           1167         177.814
           1168         177.814
           1169         177.814
           1170         177.814
           1171         177.814
           1172         177.814
           1173         177.814
           1174         177.814
           1175         177.814
           1176         177.814
           1177         177.814
           1178         176.837
           1179         176.837
           1180         176.837
           1181         176.837
           1182         176.837
           1183         176.837
           1184         176.837
           1185         176.837
           1186         176.837
           1187         176.837
           1188         176.837
           1189         176.837
           1190         176.837
           1191         176.837
           1192         176.837
           1193         176.837
           1194         176.837
           1195         176.837
           1196         176.837
           1197         176.837
           1198         176.837
           1199         176.837
           1200         176.837
           1201         176.837
           1202         176.837
           1203         176.837
           1204         176.837
           1205         176.837
           1206         176.837
           1207         176.837
           1208         176.837
           1209         176.837
           1210         176.837
           1211         176.837
           1212         176.837
           1213         176.837
           1214         176.837
           1215         176.837
           1216         176.837
           1217         176.837
           1218         176.837
           1219         176.837
           1220         176.837
           1221         176.837
           1222         176.837
           1223         176.837
           1224         176.837
           1225         176.837
           1226         176.837
           1227         176.837
           1228         175.860
           1229         175.860
           1230         175.860
           1231         175.860
           1232         175.860
           1233         175.860
           1234         175.860
           1235         175.860
           1236         175.860
           1237         175.860
           1238         175.860
           1239         175.860
           1240         175.860
           1241         175.860
           1242         175.860
           1243         175.860
           1244         175.860
           1245         175.860
           1246         175.860
           1247         175.860
           1248         175.860
           1249         175.860
           1250         175.860
           1251         175.860
           1252         175.860
           1253         175.860
           1254         175.860
           1255         175.860
           1256         175.860
           1257         175.860
           1258         175.860
           1259         175.860
           1260         175.860
           1261         175.860
           1262         175.860
           1263         174.883
           1264         174.883
           1265         174.883
           1266         174.883
           1267         174.883
           1268         174.883
           1269         174.883
           1270         174.883
           1271         174.883
           1272         174.883
           1273         174.883
           1274         174.883
           1275         174.883
           1276         174.883
           1277         174.883
           1278         174.883
           1279         174.883
           1280         174.883
           1281         174.883
           1282         174.883
           1283         174.883
           1284         174.883
           1285         174.883
           1286         174.883
           1287         174.883
           1288         174.883
           1289         173.906
           1290         173.906
           1291         173.906
           1292         173.906
           1293         173.906
           1294         173.906
           1295         173.906
           1296         173.906
           1297         173.906
           1298         173.906
           1299         173.906
           1300         173.906
           1301         173.906
           1302         173.906
           1303         172.929
           1304         172.929
           1305         172.929
           1306         172.929
           1307         172.929
           1308         172.929
           1309         172.929
           1310         172.929
           1311         172.929
           1312         172.929
           1313         172.929
           1314         172.929
           1315         171.952
           1316         171.952
           1317         171.952
           1318         171.952
           1319         171.952
           1320         171.952
           1321         171.952
           1322         171.952
           1323         171.952
           1324         171.952
           1325         171.952
           1326         171.952
           1327         171.952
           1328         170.975
           1329         170.975
           1330         170.975
           1331         170.975
           1332         170.975
           1333         170.975
           1334         170.975
           1335         170.975
           1336         170.975
           1337         170.975
           1338         170.975
           1339         170.975
           1340         169.998
           1341         169.998
           1342         169.998
           1343         169.998
           1344         169.998
           1345         169.998
           1346         169.998
           1347         169.998
           1348         169.998
           1349         169.998
           1350         169.998
           1351         169.998
           1352         169.998
           1353         169.021
           1354         169.021
           1355         169.021
           1356         169.021
           1357         169.021
           1358         169.021
           1359         169.021
           1360         169.021
           1361         169.021
           1362         169.021
           1363         169.021
           1364         169.021
           1365         169.021
           1366         169.021
           1367         169.021
           1368         169.021
           1369         169.021
           1370         169.021
           1371         169.021
           1372         168.044
           1373         168.044
           1374         168.044
           1375         168.044
           1376         168.044
           1377         168.044
           1378         168.044
           1379         168.044
           1380         168.044
           1381         168.044
           1382         168.044
           1383         168.044
           1384         168.044
           1385         168.044
           1386         168.044
           1387         168.044
           1388         168.044
           1389         168.044
           1390         168.044
           1391         168.044
           1392         167.067
           1393         167.067
           1394         167.067
           1395         167.067
           1396         167.067
           1397         167.067
           1398         167.067
           1399         167.067
           1400         167.067
           1401         167.067
           1402         167.067
           1403         167.067
           1404         167.067
           1405         166.090
           1406         166.090
           1407         166.090
           1408         166.090
           1409         166.090
           1410         166.090
           1411         166.090
           1412         166.090
           1413         166.090
           1414         166.090
           1415         166.090
           1416         166.090
           1417         166.090
           1418         165.113
           1419         165.113
           1420         165.113
           1421         165.113
           1422         165.113
           1423         165.113
           1424         165.113
           1425         165.113
           1426         164.136
           1427         164.136
           1428         164.136
           1429         164.136
           1430         164.136
           1431         164.136
           1432         164.136
           1433         164.136
           1434         164.136
           1435         163.159
           1436         163.159
           1437         163.159
           1438         163.159
           1439         163.159
           1440         163.159
           1441         163.159
           1442         163.159
           1443         163.159
           1444         163.159
           1445         162.182
           1446         162.182
           1447         162.182
           1448         162.182
           1449         162.182
           1450         162.182
           1451         162.182
           1452         162.182
           1453         162.182
           1454         162.182
           1455         161.205
           1456         161.205
           1457         161.205
           1458         161.205
           1459         161.205
           1460         161.205
           1461         161.205
           1462         161.205
           1463         161.205
           1464         161.205
           1465         161.205
           1466         161.205
           1467         161.205
           1468         161.205
           1469         161.205
           1470         161.205
           1471         161.205
           1472         161.205
           1473         160.228
           1474         160.228
           1475         160.228
           1476         160.228
           1477         160.228
           1478         160.228
           1479         160.228
           1480         160.228
           1481         160.228
           1482         160.228
           1483         160.228
           1484         160.228
           1485         160.228
           1486         160.228
           1487         160.228
           1488         160.228
           1489         160.228
           1490         160.228
           1491         160.228
           1492         160.228
           1493         160.228
           1494         160.228
           1495         159.251
           1496         159.251
           1497         159.251
           1498         159.251
           1499         159.251
           1500         159.251
           1501         159.251
           1502         159.251
           1503         159.251
           1504         159.251
           1505         159.251
           1506         159.251
           1507         159.251
           1508         159.251
           1509         159.251
           1510         159.251
           1511         159.251
           1512         159.251
           1513         159.251
           1514         159.251
           1515         159.251
           1516         159.251
           1517         159.251
           1518         158.274
           1519         158.274
           1520         158.274
           1521         158.274
           1522         158.274
           1523         158.274
           1524         158.274
           1525         158.274
           1526         158.274
           1527         158.274
           1528         158.274
           1529         158.274
           1530         158.274
           1531         158.274
           1532         158.274
           1533         158.274
           1534         158.274
           1535         158.274
           1536         158.274
           1537         158.274
           1538         158.274
           1539         158.274
           1540         157.297
           1541         157.297
           1542         157.297
           1543         157.297
           1544         157.297
           1545         157.297
           1546         156.320
           1547         156.320
           1548         156.320
           1549         155.343
           1550         155.343
           1551         155.343
           1552         154.366
           1553         154.366
           1554         154.366
           1555         154.366
           1556         154.366
           1557         154.366
           1558         153.389
           1559         153.389
           1560         153.389
           1561         153.389
           1562         152.412
           1563         152.412
           1564         152.412
           1565         152.412
           1566         152.412
           1567         152.412
           1568         152.412
           1569         152.412
           1570         152.412
           1571         152.412
           1572         152.412
           1573         152.412
           1574         152.412
           1575         152.412
           1576         152.412
           1577         152.412
           1578         152.412
           1579         152.412
           1580         152.412
           1581         152.412
           1582         152.412
           1583         152.412
           1584         152.412
           1585         152.412
           1586         152.412
           1587         152.412
           1588         153.389
           1589         154.366
           1590         155.343
           1591         156.320
           1592         156.320
           1593         156.320
           1594         157.297
           1595         157.297
           1596         157.297
           1597         157.297
           1598         157.297
           1599         158.274
           1600         158.274
           1601         158.274
           1602         158.274
           1603         158.274
           1604         158.274
           1605         158.274
           1606         158.274
           1607         158.274
           1608         158.274
           1609         158.274
           1610         158.274
           1611         158.274
           1612         158.274
           1613         158.274
           1614         158.274
           1615         159.251
           1616         159.251
           1617         159.251
           1618         159.251
           1619         159.251
           1620         159.251
           1621         159.251
           1622         159.251
           1623         159.251
           1624         159.251
           1625         159.251
           1626         160.228
           1627         160.228
           1628         160.228
           1629         160.228
           1630         160.228
           1631         160.228
           1632         160.228
           1633         160.228
           1634         160.228
           1635         160.228
           1636         160.228
           1637         160.228
           1638         160.228
           1639         160.228
           1640         159.251
           1641         159.251
           1642         159.251
           1643         159.251
           1644         159.251
           1645         159.251
           1646         159.251
           1647         159.251
           1648         160.228
           1649         160.228
           1650         160.228
           1651         160.228
           1652         161.205
           1653         161.205
           1654         161.205
           1655         161.205
           1656         161.205
           1657         161.205
           1658         160.228
           1659         160.228
           1660         160.228
           1661         160.228
           1662         159.251
           1663         159.251
           1664         159.251
           1665         159.251
           1666         160.228
           1667         160.228
           1668         160.228
           1669         161.205
           1670         158.274
           1671         158.274
           1672         157.297
           1673         156.320
           1674         156.320
           1675         155.343
           1676         154.366
           1677         154.366
           1678         154.366
           1679         153.389
           1680         153.389
           1681         152.412
           1682         152.412
           1683         152.412
           1684         151.435
           1685         151.435
           1686         151.435
           1687         151.435
           1688         150.458
           1689         150.458
           1690         150.458
           1691         150.458
           1692         149.481
           1693         149.481
           1694         149.481
           1695         149.481
           1696         149.481
           1697         149.481
           1698         149.481
           1699         150.458
           1700         151.435
           1701         151.435
           1702         152.412
           1703         152.412
           1704         153.389
           1705         153.389
           1706         154.366
           1707         154.366
           1708         154.366
           1709         154.366
           1710         154.366
           1711         155.343
           1712         155.343
           1713         155.343
           1714         156.320
           1715         156.320
           1716         156.320
           1717         157.297
           1718         157.297
           1719         157.297
           1720         158.274
           1721         158.274
           1722         158.274
           1723         159.251
           1724         159.251
           1725         159.251
           1726         160.228
           1727         160.228
           1728         160.228
           1729         161.205
           1730         161.205
           1731         162.182
           1732         163.159
           1733         163.159
           1734         164.136
           1735         165.113
           1736         165.113
           1737         166.090
           1738         167.067
           1739         167.067
           1740         168.044
           1741         169.021
           1742         169.021
           1743         169.998
           1744         170.975
           1745         170.975
           1746         171.952
           1747         172.929
           1748         172.929
           1749         173.906
           1750         174.883
           1751         174.883
           1752         175.860
           1753         176.837
           1754         176.837
           1755         177.814
           1756         178.791
           1757         179.768
           1758         179.768
           1759         180.745
           1760         181.722
           1761         182.699
           1762         182.699
           1763         183.676
           1764         184.653
           1765         185.630
           1766         186.607
           1767         186.607
           1768         187.584
           1769         188.561
           1770         188.561
           1771         188.561
           1772         188.561
           1773         188.561
           1774         188.561
           1775         187.584
           1776         187.584
           1777         187.584
           1778         187.584
           1779         187.584
           1780         187.584
           1781         186.607
           1782         186.607
           1783         186.607
           1784         186.607
           1785         186.607
           1786         186.607
           1787         185.630
           1788         186.607
           1789         186.607
           1790         187.584
           1791         187.584
           1792         187.584
           1793         188.561
           1794         188.561
           1795         188.561
           1796         188.561
           1797         188.561
           1798         189.538
           1799         189.538
           1800         189.538
           1801         188.561
           1802         187.584
           1803         187.584
           1804         186.607
           1805         186.607
           1806         185.630
           1807         185.630
           1808         184.653
           1809         184.653
           1810         184.653
           1811         183.676
           1812         183.676
           1813         183.676
           1814         183.676
           1815         183.676
           1816         183.676
           1817         183.676
           1818         182.699
           1819         182.699
           1820         181.722
           1821         180.745
           1822         178.791
           1823         177.814
           1824         176.837
           1825         175.860
           1826         174.883
           1827         173.906
           1828         172.929
           1829         171.952
           1830         171.952
           1831         171.952
           1832         171.952
           1833         171.952
           1834         170.975
           1835         169.021
           1836         168.044
           1837         167.067
           1838         166.090
           1839         166.090
           1840         165.113
           1841         164.136
           1842         163.159
           1843         162.182
           1844         162.182
           1845         161.205
           1846         161.205
           1847         161.205
           1848         161.205
           1849         160.228
           1850         160.228
           1851         160.228
           1852         159.251
           1853         159.251
           1854         158.274
           1855         158.274
           1856         157.297
           1857         156.320
           1858         156.320
           1859         155.343
           1860         155.343
           1861         154.366
           1862         153.389
           1863         153.389
           1864         152.412
           1865         151.435
           1866         151.435
           1867         151.435
           1868         150.458
           1869         150.458
           1870         149.481
           1871         149.481
           1872         148.504
           1873         148.504
           1874         147.527
           1875         147.527
           1876         146.550
           1877         146.550
           1878         145.573
           1879         145.573
           1880         144.596
           1881         144.596
           1882         144.596
           1883         143.619
           1884         143.619
           1885         143.619
           1886         142.642
           1887         142.642
           1888         142.642
           1889         141.665
           1890         141.665
           1891         141.665
           1892         140.688
           1893         140.688
           1894         140.688
           1895         139.711
           1896         139.711
           1897         139.711
           1898         138.734
           1899         138.734
           1900         137.757
           1901         137.757
           1902         137.757
           1903         136.780
           1904         136.780
           1905         136.780
           1906         136.780
           1907         135.803
           1908         135.803
           1909         135.803
           1910         135.803
           1911         135.803
           1912         134.826
           1913         134.826
           1914         134.826
           1915         134.826
           1916         134.826
           1917         133.849
           1918         133.849
           1919         133.849
           1920         133.849
           1921         133.849
           1922         132.872
           1923         132.872
           1924         132.872
           1925         132.872
           1926         132.872
           1927         131.895
           1928         131.895
           1929         131.895
           1930         131.895
           1931         131.895
           1932         131.895
           1933         131.895
           1934         131.895
           1935         131.895
           1936         131.895
           1937         131.895
           1938         131.895
           1939         131.895
           1940         131.895
           1941         131.895
           1942         131.895
           1943         131.895
           1944         131.895
           1945         131.895
