TRACENO
              1         195.400
              2         195.400
              3         195.400
              4         195.400
              5         195.400
              6         195.400
              7         195.400
              8         195.400
              9         195.400
             10         195.400
             11         195.400
             12         195.400
             13         195.400
             14         195.400
             15         195.400
             16         195.400
             17         195.400
             18         195.400
             19         195.400
             20         195.400
             21         195.400
             22         195.400
             23         195.400
             24         195.400
             25         195.400
             26         195.400
             27         195.400
             28         195.400
             29         195.400
             30         195.400
             31         195.400
             32         195.400
             33         195.400
             34         195.400
             35         195.400
             36         195.400
             37         195.400
             38         195.400
             39         195.400
             40         195.400
             41         195.400
             42         195.400
             43         195.400
             44         195.400
             45         195.400
             46         195.400
             47         195.400
             48         195.400
             49         195.400
             50         195.400
             51         195.400
             52         195.400
             53         195.400
             54         195.400
             55         195.400
             56         195.400
             57         195.400
             58         195.400
             59         195.400
             60         195.400
             61         195.400
             62         195.400
             63         195.400
             64         195.400
             65         195.400
             66         195.400
             67         195.400
             68         195.400
             69         195.400
             70         195.400
             71         195.400
             72         195.400
             73         195.400
             74         195.400
             75         195.400
             76         194.423
             77         194.423
             78         194.423
             79         194.423
             80         194.423
             81         194.423
             82         194.423
             83         194.423
             84         194.423
             85         194.423
             86         194.423
             87         194.423
             88         194.423
             89         194.423
             90         194.423
             91         194.423
             92         194.423
             93         194.423
             94         194.423
             95         194.423
             96         194.423
             97         194.423
             98         194.423
             99         194.423
            100         194.423
            101         194.423
            102         193.446
            103         193.446
            104         193.446
            105         193.446
            106         193.446
            107         193.446
            108         193.446
            109         193.446
            110         193.446
            111         193.446
            112         193.446
            113         193.446
            114         193.446
            115         193.446
            116         193.446
            117         193.446
            118         193.446
            119         193.446
            120         193.446
            121         193.446
            122         193.446
            123         193.446
            124         193.446
            125         193.446
            126         193.446
            127         193.446
            128         193.446
            129         193.446
            130         193.446
            131         193.446
            132         194.423
            133         194.423
            134         194.423
            135         194.423
            136         194.423
            137         194.423
            138         194.423
            139         194.423
            140         194.423
            141         194.423
            142         194.423
            143         194.423
            144         193.446
            145         193.446
            146         193.446
            147         193.446
            148         193.446
            149         193.446
            150         193.446
            151         193.446
            152         193.446
            153         193.446
            154         193.446
            155         193.446
            156         193.446
            157         193.446
            158         193.446
            159         193.446
            160         193.446
            161         192.469
            162         192.469
            163         192.469
            164         192.469
            165         192.469
            166         192.469
            167         192.469
            168         192.469
            169         192.469
            170         192.469
            171         192.469
            172         192.469
            173         192.469
            174         192.469
            175         192.469
            176         192.469
            177         191.492
            178         191.492
            179         191.492
            180         191.492
            181         191.492
            182         191.492
            183         191.492
            184         191.492
            185         191.492
            186         191.492
            187         191.492
            188         191.492
            189         191.492
            190         191.492
            191         191.492
            192         191.492
            193         191.492
            194         191.492
            195         191.492
            196         191.492
            197         191.492
            198         191.492
            199         191.492
            200         191.492
            201         190.515
            202         190.515
            203         190.515
            204         190.515
            205         190.515
            206         190.515
            207         190.515
            208         190.515
            209         190.515
            210         190.515
            211         190.515
            212         190.515
            213         190.515
            214         190.515
            215         190.515
            216         190.515
            217         190.515
            218         190.515
            219         190.515
            220         190.515
            221         190.515
            222         190.515
            223         190.515
            224         190.515
            225         190.515
            226         190.515
            227         189.538
            228         189.538
            229         189.538
            230         189.538
            231         189.538
            232         189.538
            233         189.538
            234         189.538
            235         189.538
            236         189.538
            237         189.538
            238         188.561
            239         188.561
            240         188.561
            241         188.561
            242         188.561
            243         188.561
            244         188.561
            245         188.561
            246         188.561
            247         188.561
            248         188.561
            249         188.561
            250         187.584
            251         187.584
            252         187.584
            253         187.584
            254         187.584
            255         187.584
            256         187.584
            257         187.584
            258         187.584
            259         187.584
            260         187.584
            261         186.607
            262         186.607
            263         186.607
            264         186.607
            265         186.607
            266         186.607
            267         186.607
            268         186.607
            269         186.607
            270         186.607
            271         186.607
            272         185.630
            273         185.630
            274         185.630
            275         185.630
            276         185.630
            277         185.630
            278         185.630
            279         185.630
            280         185.630
            281         185.630
            282         185.630
            283         184.653
            284         184.653
            285         184.653
            286         184.653
            287         184.653
            288         184.653
            289         184.653
            290         184.653
            291         183.676
            292         183.676
            293         183.676
            294         183.676
            295         183.676
            296         183.676
            297         183.676
            298         183.676
            299         182.699
            300         182.699
            301         182.699
            302         182.699
            303         182.699
            304         182.699
            305         182.699
            306         182.699
            307         181.722
            308         181.722
            309         181.722
            310         181.722
            311         181.722
            312         181.722
            313         181.722
            314         181.722
            315         181.722
            316         180.745
            317         180.745
            318         180.745
            319         180.745
            320         180.745
            321         180.745
            322         180.745
            323         180.745
            324         179.768
            325         179.768
            326         179.768
            327         179.768
            328         179.768
            329         179.768
            330         178.791
            331         178.791
            332         178.791
            333         178.791
            334         178.791
            335         178.791
            336         178.791
            337         177.814
            338         177.814
            339         177.814
            340         177.814
            341         177.814
            342         177.814
            343         176.837
            344         176.837
            345         176.837
            346         176.837
            347         176.837
            348         176.837
            349         176.837
            350         175.860
            351         175.860
            352         175.860
            353         175.860
            354         175.860
            355         175.860
            356         175.860
            357         174.883
            358         174.883
            359         174.883
            360         174.883
            361         174.883
            362         174.883
            363         173.906
            364         173.906
            365         173.906
            366         173.906
            367         173.906
            368         173.906
            369         173.906
            370         172.929
            371         172.929
            372         172.929
            373         172.929
            374         172.929
            375         172.929
            376         171.952
            377         171.952
            378         171.952
            379         171.952
            380         171.952
            381         171.952
            382         170.975
            383         170.975
            384         170.975
            385         170.975
            386         170.975
            387         170.975
            388         169.998
            389         169.998
            390         169.998
            391         169.998
            392         169.998
            393         169.998
            394         169.021
            395         169.021
            396         169.021
            397         169.021
            398         169.021
            399         169.021
            400         168.044
            401         168.044
            402         168.044
            403         168.044
            404         168.044
            405         168.044
            406         167.067
            407         167.067
            408         167.067
            409         167.067
            410         167.067
            411         167.067
            412         166.090
            413         166.090
            414         166.090
            415         166.090
            416         166.090
            417         166.090
            418         165.113
            419         165.113
            420         165.113
            421         165.113
            422         165.113
            423         165.113
            424         164.136
            425         164.136
            426         164.136
            427         164.136
            428         164.136
            429         164.136
            430         163.159
            431         163.159
            432         163.159
            433         163.159
            434         163.159
            435         163.159
            436         162.182
            437         162.182
            438         162.182
            439         162.182
            440         162.182
            441         162.182
            442         161.205
            443         161.205
            444         161.205
            445         161.205
            446         161.205
            447         161.205
            448         160.228
            449         160.228
            450         160.228
            451         160.228
            452         160.228
            453         160.228
            454         159.251
            455         159.251
            456         159.251
            457         159.251
            458         159.251
            459         159.251
            460         158.274
            461         158.274
            462         158.274
            463         158.274
            464         158.274
            465         158.274
            466         157.297
            467         157.297
            468         157.297
            469         157.297
            470         157.297
            471         157.297
            472         156.320
            473         156.320
            474         156.320
            475         156.320
            476         156.320
            477         156.320
            478         155.343
            479         155.343
            480         155.343
            481         155.343
            482         155.343
            483         155.343
            484         154.366
            485         154.366
            486         154.366
            487         154.366
            488         154.366
            489         153.389
            490         153.389
            491         152.412
            492         152.412
            493         152.412
            494         151.435
            495         151.435
            496         151.435
            497         150.458
            498         150.458
            499         150.458
            500         149.481
            501         149.481
            502         149.481
            503         148.504
            504         148.504
            505         148.504
            506         147.527
            507         147.527
            508         147.527
            509         146.550
            510         146.550
            511         146.550
            512         145.573
            513         145.573
            514         145.573
            515         144.596
            516         144.596
            517         144.596
            518         143.619
            519         143.619
            520         143.619
            521         142.642
            522         142.642
            523         142.642
            524         142.642
            525         141.665
            526         141.665
            527         141.665
            528         140.688
            529         140.688
            530         140.688
            531         139.711
            532         139.711
            533         138.734
            534         138.734
            535         138.734
            536         137.757
            537         137.757
            538         137.757
            539         136.780
            540         136.780
            541         136.780
            542         135.803
            543         135.803
            544         134.826
            545         134.826
            546         134.826
            547         134.826
            548         133.849
            549         133.849
            550         133.849
            551         132.872
            552         132.872
            553         132.872
            554         131.895
            555         131.895
            556         131.895
            557         131.895
            558         130.918
            559         130.918
            560         130.918
            561         129.941
            562         129.941
            563         129.941
            564         128.964
            565         128.964
            566         128.964
            567         127.987
            568         127.987
            569         127.987
            570         127.010
            571         127.010
            572         127.010
            573         127.010
            574         127.010
            575         127.010
            576         126.033
            577         126.033
            578         126.033
            579         125.056
            580         125.056
            581         125.056
            582         124.079
            583         124.079
            584         124.079
            585         123.102
            586         123.102
            587         123.102
            588         123.102
            589         122.125
            590         122.125
            591         122.125
            592         121.148
            593         121.148
            594         121.148
            595         121.148
            596         120.171
            597         120.171
            598         120.171
            599         120.171
            600         119.194
            601         119.194
            602         119.194
            603         118.217
            604         118.217
            605         118.217
            606         117.240
            607         117.240
            608         117.240
            609         116.263
            610         116.263
            611         116.263
            612         116.263
            613         116.263
            614         116.263
            615         116.263
            616         116.263
            617         116.263
            618         116.263
            619         116.263
            620         115.286
            621         115.286
            622         115.286
            623         114.309
            624         114.309
            625         114.309
            626         113.332
            627         113.332
            628         113.332
            629         112.355
            630         112.355
            631         112.355
            632         111.378
            633         111.378
            634         111.378
            635         110.401
            636         110.401
            637         110.401
            638         110.401
            639         109.424
            640         109.424
            641         109.424
            642         109.424
            643         108.447
            644         108.447
            645         107.470
            646         107.470
            647         106.493
            648         106.493
            649         105.516
            650         105.516
            651         105.516
            652         106.493
            653         106.493
            654         106.493
            655         106.493
            656         106.493
            657         106.493
            658         106.493
            659         105.516
            660         105.516
            661         105.516
            662         105.516
            663         105.516
            664         105.516
            665         105.516
            666         105.516
            667         105.516
            668         105.516
            669         105.516
            670         105.516
            671         105.516
            672         106.493
            673         106.493
            674         106.493
            675         106.493
            676         106.493
            677         106.493
            678         105.516
            679         105.516
            680         105.516
            681         105.516
            682         105.516
            683         104.539
            684         104.539
            685         104.539
            686         103.562
            687         103.562
            688         102.585
            689         102.585
            690         102.585
            691         102.585
            692         102.585
            693         102.585
            694         102.585
            695         102.585
            696         103.562
            697         103.562
            698         103.562
            699         103.562
