TRACENO
              1         255.974
              2         255.974
              3         255.974
              4         255.974
              5         255.974
              6         255.974
              7         255.974
              8         255.974
              9         255.974
             10         255.974
             11         255.974
             12         255.974
             13         255.974
             14         255.974
             15         255.974
             16         255.974
             17         255.974
             18         255.974
             19         255.974
             20         255.974
             21         254.997
             22         254.997
             23         254.997
             24         254.997
             25         254.997
             26         254.997
             27         254.997
             28         254.997
             29         254.997
             30         254.997
             31         254.997
             32         254.997
             33         254.997
             34         254.997
             35         254.997
             36         254.997
             37         254.997
             38         254.997
             39         254.997
             40         254.997
             41         254.997
             42         254.020
             43         254.020
             44         254.020
             45         254.020
             46         254.020
             47         254.020
             48         254.020
             49         254.020
             50         254.020
             51         254.020
             52         254.020
             53         254.020
             54         254.020
             55         254.020
             56         254.020
             57         254.020
             58         254.020
             59         254.020
             60         254.020
             61         254.020
             62         254.020
             63         254.020
             64         254.020
             65         254.020
             66         254.020
             67         254.020
             68         254.020
             69         254.020
             70         254.020
             71         254.020
             72         254.020
             73         254.020
             74         254.020
             75         254.020
             76         254.020
             77         254.020
             78         254.020
             79         254.020
             80         254.020
             81         254.020
             82         254.020
             83         254.020
             84         254.020
             85         254.020
             86         254.020
             87         254.020
             88         254.020
             89         254.020
             90         254.020
             91         254.020
             92         254.020
             93         254.020
             94         254.020
             95         254.020
             96         254.020
             97         254.020
             98         254.020
             99         254.020
            100         254.020
            101         254.020
            102         254.020
            103         254.020
            104         254.020
            105         254.020
            106         254.020
            107         254.020
            108         254.020
            109         254.020
            110         254.020
            111         254.020
            112         254.020
            113         254.020
            114         254.020
            115         254.020
            116         254.020
            117         254.020
            118         254.020
            119         254.020
            120         254.020
            121         254.020
            122         254.020
            123         254.020
            124         254.020
            125         254.020
            126         254.020
            127         254.020
            128         254.020
            129         254.020
            130         254.020
            131         254.020
            132         254.020
            133         254.020
            134         254.020
            135         254.020
            136         254.020
            137         254.020
            138         254.020
            139         254.020
            140         254.020
            141         254.020
            142         254.020
            143         254.020
            144         254.020
            145         254.020
            146         254.020
            147         254.020
            148         254.020
            149         254.020
            150         254.020
            151         254.020
            152         254.020
            153         254.020
            154         254.020
            155         254.020
            156         254.020
            157         254.020
            158         254.020
            159         254.020
            160         254.020
            161         254.020
            162         254.020
            163         254.020
            164         254.020
            165         254.020
            166         254.020
            167         254.020
            168         254.020
            169         254.020
            170         254.020
            171         254.020
            172         254.020
            173         254.020
            174         254.020
            175         254.020
            176         254.020
            177         254.020
            178         254.020
            179         254.020
            180         254.020
            181         254.020
            182         254.020
            183         254.997
            184         254.997
            185         254.997
            186         254.997
            187         254.997
            188         254.997
            189         254.997
            190         254.997
            191         254.997
            192         254.997
            193         254.997
            194         254.997
            195         254.997
            196         254.997
            197         254.997
            198         254.997
            199         254.997
            200         254.997
            201         254.997
            202         254.997
            203         254.997
            204         254.997
            205         254.997
            206         254.997
            207         254.997
            208         254.997
            209         254.997
            210         254.997
            211         254.997
            212         254.997
            213         254.997
            214         254.997
            215         254.997
            216         254.997
            217         255.974
            218         254.997
            219         254.997
            220         254.997
            221         254.997
            222         254.997
            223         254.997
            224         254.997
            225         254.997
            226         254.997
            227         254.997
            228         254.997
            229         254.997
            230         254.997
            231         254.997
            232         254.997
            233         254.997
            234         254.997
            235         254.997
            236         254.997
            237         254.997
            238         254.997
            239         254.997
            240         254.997
            241         254.997
            242         255.974
            243         255.974
            244         255.974
            245         255.974
            246         255.974
            247         255.974
            248         255.974
            249         255.974
            250         255.974
            251         255.974
            252         255.974
            253         255.974
            254         255.974
            255         255.974
            256         255.974
            257         255.974
            258         255.974
            259         255.974
            260         255.974
            261         255.974
            262         255.974
            263         255.974
            264         255.974
            265         255.974
            266         255.974
            267         255.974
            268         255.974
            269         255.974
            270         255.974
            271         255.974
            272         255.974
            273         255.974
            274         255.974
            275         255.974
            276         255.974
            277         255.974
            278         255.974
            279         255.974
            280         255.974
            281         255.974
            282         255.974
            283         255.974
            284         255.974
            285         255.974
            286         255.974
            287         255.974
            288         255.974
            289         255.974
            290         255.974
            291         255.974
            292         255.974
            293         255.974
            294         255.974
            295         255.974
            296         256.951
            297         256.951
            298         256.951
            299         256.951
            300         256.951
            301         256.951
            302         256.951
            303         256.951
            304         256.951
            305         256.951
            306         256.951
            307         256.951
            308         256.951
            309         256.951
            310         256.951
            311         256.951
            312         256.951
            313         256.951
            314         256.951
            315         256.951
            316         256.951
            317         256.951
            318         256.951
            319         256.951
            320         256.951
            321         256.951
            322         256.951
            323         256.951
            324         256.951
            325         256.951
            326         256.951
            327         256.951
            328         256.951
            329         257.928
            330         257.928
            331         257.928
            332         257.928
            333         257.928
            334         257.928
            335         257.928
            336         257.928
            337         257.928
            338         257.928
            339         257.928
            340         257.928
            341         257.928
            342         257.928
            343         257.928
            344         257.928
            345         257.928
            346         257.928
            347         257.928
            348         257.928
            349         257.928
            350         257.928
            351         257.928
            352         257.928
            353         257.928
            354         257.928
            355         257.928
            356         257.928
            357         257.928
            358         257.928
            359         257.928
            360         257.928
            361         257.928
            362         257.928
            363         257.928
            364         257.928
            365         257.928
            366         257.928
            367         257.928
            368         257.928
            369         257.928
            370         257.928
            371         257.928
            372         257.928
            373         257.928
            374         257.928
            375         257.928
            376         257.928
            377         257.928
            378         257.928
            379         258.905
            380         258.905
            381         258.905
            382         258.905
            383         258.905
            384         258.905
            385         258.905
            386         258.905
            387         258.905
            388         258.905
            389         258.905
            390         258.905
            391         258.905
            392         258.905
            393         258.905
            394         258.905
            395         258.905
            396         258.905
            397         258.905
            398         258.905
            399         258.905
            400         258.905
            401         258.905
            402         258.905
            403         259.882
            404         259.882
            405         259.882
            406         259.882
            407         259.882
            408         259.882
            409         259.882
            410         259.882
            411         259.882
            412         259.882
            413         259.882
            414         259.882
            415         259.882
            416         259.882
            417         259.882
            418         259.882
            419         259.882
            420         259.882
            421         259.882
            422         259.882
            423         259.882
            424         259.882
            425         259.882
            426         259.882
            427         259.882
            428         259.882
            429         259.882
            430         259.882
            431         259.882
            432         259.882
            433         259.882
            434         259.882
            435         259.882
            436         259.882
            437         259.882
            438         260.859
            439         260.859
            440         260.859
            441         260.859
            442         260.859
            443         260.859
            444         260.859
            445         260.859
            446         260.859
            447         260.859
            448         260.859
            449         260.859
            450         260.859
            451         260.859
            452         260.859
            453         260.859
            454         260.859
            455         260.859
            456         260.859
            457         260.859
            458         260.859
            459         260.859
            460         260.859
            461         260.859
            462         260.859
            463         260.859
            464         261.836
            465         261.836
            466         261.836
            467         261.836
            468         261.836
            469         261.836
            470         261.836
            471         261.836
            472         261.836
            473         261.836
            474         261.836
            475         261.836
            476         261.836
            477         261.836
            478         261.836
            479         261.836
            480         261.836
            481         261.836
            482         261.836
            483         261.836
            484         261.836
            485         261.836
            486         261.836
            487         261.836
            488         261.836
            489         262.813
            490         262.813
            491         262.813
            492         262.813
            493         262.813
            494         262.813
            495         262.813
            496         262.813
            497         262.813
            498         262.813
            499         262.813
            500         262.813
            501         262.813
            502         262.813
            503         262.813
            504         262.813
            505         262.813
            506         262.813
            507         262.813
            508         262.813
            509         262.813
            510         262.813
            511         262.813
            512         263.790
            513         263.790
            514         263.790
            515         263.790
            516         263.790
            517         263.790
            518         263.790
            519         263.790
            520         263.790
            521         263.790
            522         263.790
            523         263.790
            524         263.790
            525         263.790
            526         263.790
            527         263.790
            528         263.790
            529         263.790
            530         263.790
            531         263.790
            532         263.790
            533         263.790
            534         263.790
            535         263.790
            536         263.790
            537         263.790
            538         263.790
            539         264.767
            540         264.767
            541         264.767
            542         264.767
            543         264.767
            544         264.767
            545         264.767
            546         264.767
            547         264.767
            548         264.767
            549         264.767
            550         264.767
            551         264.767
            552         264.767
            553         264.767
            554         264.767
            555         264.767
            556         264.767
            557         264.767
            558         264.767
            559         265.744
            560         265.744
            561         265.744
            562         265.744
            563         265.744
            564         265.744
            565         265.744
            566         265.744
            567         265.744
            568         265.744
            569         265.744
            570         265.744
            571         265.744
            572         265.744
            573         265.744
            574         265.744
            575         265.744
            576         266.721
            577         266.721
            578         266.721
            579         266.721
            580         266.721
            581         266.721
            582         266.721
            583         266.721
            584         266.721
            585         266.721
            586         266.721
            587         266.721
            588         266.721
            589         266.721
            590         266.721
            591         266.721
            592         266.721
            593         266.721
            594         266.721
            595         266.721
            596         266.721
            597         266.721
            598         266.721
            599         266.721
            600         266.721
            601         266.721
            602         266.721
            603         266.721
            604         266.721
            605         266.721
            606         266.721
            607         266.721
            608         266.721
            609         267.698
            610         267.698
            611         267.698
            612         267.698
            613         267.698
            614         267.698
            615         267.698
            616         267.698
            617         267.698
            618         267.698
            619         267.698
            620         267.698
            621         267.698
            622         267.698
            623         267.698
            624         268.675
            625         268.675
            626         268.675
            627         268.675
            628         268.675
            629         268.675
            630         268.675
            631         268.675
            632         268.675
            633         268.675
            634         268.675
            635         268.675
            636         268.675
            637         268.675
            638         268.675
            639         268.675
            640         268.675
            641         268.675
            642         268.675
            643         268.675
            644         268.675
            645         268.675
            646         268.675
            647         268.675
            648         268.675
            649         268.675
            650         268.675
            651         268.675
            652         268.675
            653         268.675
            654         268.675
            655         268.675
            656         268.675
            657         268.675
            658         269.652
            659         269.652
            660         269.652
            661         269.652
            662         269.652
            663         269.652
            664         269.652
            665         269.652
            666         269.652
            667         269.652
            668         270.629
            669         270.629
            670         270.629
            671         270.629
            672         270.629
            673         270.629
            674         270.629
            675         270.629
            676         270.629
            677         271.606
            678         271.606
            679         271.606
            680         271.606
            681         271.606
            682         271.606
            683         271.606
            684         271.606
            685         271.606
            686         271.606
            687         271.606
            688         271.606
            689         271.606
            690         271.606
            691         271.606
            692         271.606
            693         271.606
            694         271.606
            695         271.606
            696         271.606
            697         271.606
            698         271.606
            699         271.606
            700         271.606
            701         271.606
            702         271.606
            703         271.606
            704         271.606
            705         271.606
            706         271.606
            707         271.606
            708         271.606
            709         271.606
            710         271.606
            711         271.606
            712         271.606
            713         271.606
            714         271.606
            715         271.606
            716         271.606
            717         271.606
            718         271.606
            719         271.606
            720         272.583
            721         272.583
            722         272.583
            723         272.583
            724         272.583
            725         272.583
            726         272.583
            727         272.583
            728         272.583
            729         272.583
            730         272.583
            731         272.583
            732         272.583
            733         273.560
            734         273.560
            735         273.560
            736         273.560
            737         273.560
            738         273.560
            739         273.560
            740         273.560
            741         273.560
            742         273.560
            743         273.560
            744         273.560
            745         273.560
            746         273.560
            747         273.560
            748         273.560
            749         273.560
            750         274.537
            751         274.537
            752         274.537
            753         274.537
            754         274.537
            755         274.537
            756         274.537
            757         274.537
            758         274.537
            759         274.537
            760         274.537
            761         274.537
            762         274.537
            763         274.537
            764         274.537
            765         274.537
            766         274.537
            767         274.537
            768         274.537
            769         274.537
            770         274.537
            771         274.537
            772         274.537
            773         274.537
            774         274.537
            775         274.537
            776         274.537
            777         274.537
            778         274.537
            779         274.537
            780         274.537
            781         274.537
            782         274.537
            783         274.537
            784         274.537
            785         274.537
            786         274.537
            787         274.537
            788         274.537
            789         274.537
            790         274.537
            791         274.537
            792         274.537
            793         274.537
            794         274.537
            795         274.537
            796         275.514
            797         275.514
            798         275.514
            799         275.514
            800         275.514
            801         275.514
            802         275.514
            803         275.514
            804         275.514
            805         275.514
            806         275.514
            807         275.514
            808         275.514
            809         276.491
            810         276.491
            811         276.491
            812         276.491
            813         276.491
            814         276.491
            815         276.491
            816         276.491
            817         276.491
            818         276.491
            819         276.491
            820         276.491
            821         276.491
            822         276.491
            823         276.491
            824         276.491
            825         276.491
            826         276.491
            827         276.491
            828         276.491
            829         276.491
            830         276.491
            831         276.491
            832         276.491
            833         276.491
            834         276.491
            835         276.491
            836         276.491
            837         277.468
            838         277.468
            839         277.468
            840         277.468
            841         277.468
            842         277.468
            843         277.468
            844         277.468
            845         277.468
            846         277.468
            847         277.468
            848         277.468
            849         277.468
            850         277.468
            851         277.468
            852         277.468
            853         277.468
            854         277.468
            855         277.468
            856         277.468
            857         277.468
            858         277.468
            859         277.468
            860         277.468
            861         277.468
            862         278.445
            863         278.445
            864         277.468
            865         277.468
            866         277.468
            867         277.468
            868         277.468
            869         277.468
            870         277.468
            871         278.445
            872         278.445
            873         278.445
            874         278.445
            875         278.445
            876         278.445
            877         278.445
            878         278.445
            879         278.445
            880         278.445
            881         278.445
            882         278.445
            883         278.445
            884         278.445
            885         278.445
            886         278.445
            887         278.445
            888         278.445
            889         278.445
            890         278.445
            891         279.422
            892         279.422
            893         279.422
            894         279.422
            895         279.422
            896         279.422
            897         279.422
            898         279.422
            899         279.422
            900         279.422
            901         279.422
            902         279.422
            903         279.422
            904         279.422
            905         279.422
            906         279.422
            907         279.422
            908         279.422
            909         279.422
            910         279.422
            911         279.422
            912         279.422
            913         279.422
            914         279.422
            915         279.422
            916         279.422
            917         279.422
            918         279.422
            919         280.399
            920         280.399
            921         280.399
            922         280.399
            923         280.399
            924         280.399
            925         280.399
            926         280.399
            927         280.399
            928         280.399
            929         280.399
            930         280.399
            931         280.399
            932         280.399
            933         280.399
            934         280.399
            935         280.399
            936         281.376
            937         281.376
            938         281.376
            939         281.376
            940         281.376
            941         281.376
            942         281.376
            943         281.376
            944         281.376
            945         281.376
            946         281.376
            947         281.376
            948         281.376
            949         281.376
            950         280.399
            951         280.399
            952         280.399
            953         280.399
            954         280.399
            955         280.399
            956         280.399
            957         280.399
            958         280.399
            959         280.399
            960         280.399
            961         280.399
            962         280.399
            963         280.399
            964         280.399
            965         280.399
            966         280.399
            967         280.399
            968         280.399
            969         280.399
            970         280.399
            971         280.399
            972         280.399
            973         280.399
            974         280.399
            975         280.399
            976         280.399
            977         280.399
            978         280.399
            979         280.399
            980         280.399
            981         280.399
            982         280.399
            983         280.399
            984         281.376
            985         281.376
            986         281.376
            987         281.376
            988         281.376
            989         281.376
            990         281.376
            991         281.376
            992         281.376
            993         281.376
            994         281.376
            995         281.376
            996         281.376
            997         281.376
            998         281.376
            999         281.376
           1000         281.376
           1001         281.376
           1002         281.376
           1003         281.376
           1004         281.376
           1005         281.376
           1006         281.376
           1007         282.353
           1008         282.353
           1009         282.353
           1010         282.353
           1011         282.353
           1012         282.353
           1013         282.353
           1014         282.353
           1015         282.353
           1016         282.353
           1017         282.353
           1018         282.353
           1019         282.353
           1020         281.376
           1021         281.376
           1022         281.376
           1023         281.376
           1024         281.376
           1025         281.376
           1026         281.376
           1027         281.376
           1028         281.376
           1029         281.376
           1030         282.353
           1031         282.353
           1032         282.353
           1033         282.353
           1034         282.353
           1035         282.353
           1036         282.353
           1037         282.353
           1038         282.353
           1039         282.353
           1040         282.353
           1041         282.353
           1042         282.353
           1043         282.353
           1044         282.353
           1045         282.353
           1046         282.353
           1047         282.353
           1048         282.353
           1049         282.353
           1050         282.353
           1051         282.353
           1052         282.353
           1053         281.376
           1054         281.376
           1055         281.376
           1056         281.376
           1057         281.376
           1058         281.376
           1059         281.376
           1060         281.376
           1061         281.376
           1062         281.376
           1063         281.376
           1064         281.376
           1065         281.376
           1066         281.376
           1067         281.376
           1068         281.376
           1069         281.376
           1070         281.376
           1071         281.376
           1072         281.376
           1073         281.376
           1074         281.376
           1075         281.376
           1076         281.376
           1077         281.376
           1078         281.376
           1079         281.376
           1080         281.376
           1081         281.376
           1082         281.376
           1083         281.376
           1084         281.376
           1085         281.376
           1086         281.376
           1087         281.376
           1088         281.376
           1089         281.376
           1090         281.376
           1091         281.376
           1092         281.376
           1093         281.376
           1094         281.376
           1095         281.376
           1096         281.376
           1097         281.376
           1098         281.376
           1099         281.376
           1100         281.376
           1101         281.376
           1102         281.376
           1103         281.376
           1104         281.376
           1105         281.376
           1106         281.376
           1107         281.376
           1108         281.376
           1109         281.376
           1110         281.376
           1111         281.376
           1112         281.376
           1113         281.376
           1114         281.376
           1115         281.376
           1116         281.376
           1117         281.376
           1118         281.376
           1119         281.376
           1120         281.376
           1121         281.376
           1122         281.376
           1123         281.376
           1124         281.376
           1125         281.376
           1126         281.376
           1127         281.376
           1128         281.376
           1129         281.376
           1130         281.376
           1131         281.376
           1132         281.376
           1133         281.376
           1134         281.376
           1135         281.376
           1136         281.376
           1137         281.376
           1138         281.376
           1139         281.376
           1140         281.376
           1141         281.376
           1142         281.376
           1143         281.376
           1144         281.376
           1145         281.376
           1146         281.376
           1147         281.376
           1148         281.376
           1149         281.376
           1150         281.376
           1151         281.376
           1152         281.376
           1153         281.376
           1154         281.376
           1155         281.376
           1156         281.376
           1157         281.376
           1158         281.376
           1159         281.376
           1160         281.376
           1161         281.376
           1162         281.376
           1163         281.376
           1164         281.376
           1165         281.376
           1166         280.399
           1167         280.399
           1168         280.399
           1169         280.399
           1170         280.399
           1171         280.399
           1172         280.399
           1173         280.399
           1174         280.399
           1175         280.399
           1176         280.399
           1177         280.399
           1178         280.399
           1179         280.399
           1180         280.399
           1181         280.399
           1182         280.399
           1183         280.399
           1184         280.399
           1185         280.399
           1186         280.399
           1187         280.399
           1188         280.399
           1189         279.422
           1190         279.422
           1191         279.422
           1192         279.422
           1193         279.422
           1194         279.422
           1195         279.422
           1196         279.422
           1197         279.422
           1198         279.422
           1199         279.422
           1200         279.422
           1201         279.422
           1202         279.422
           1203         279.422
           1204         279.422
           1205         279.422
           1206         279.422
           1207         279.422
           1208         279.422
           1209         279.422
           1210         279.422
           1211         279.422
           1212         279.422
           1213         279.422
           1214         279.422
           1215         279.422
           1216         279.422
           1217         279.422
           1218         279.422
           1219         279.422
           1220         279.422
           1221         279.422
           1222         279.422
           1223         279.422
           1224         279.422
           1225         279.422
           1226         279.422
           1227         279.422
           1228         279.422
           1229         279.422
           1230         279.422
           1231         279.422
           1232         279.422
           1233         279.422
           1234         279.422
           1235         279.422
           1236         279.422
           1237         279.422
           1238         279.422
           1239         278.445
           1240         278.445
           1241         278.445
           1242         278.445
           1243         278.445
           1244         278.445
           1245         278.445
           1246         278.445
           1247         278.445
           1248         278.445
           1249         278.445
           1250         278.445
           1251         278.445
           1252         278.445
           1253         278.445
           1254         278.445
           1255         278.445
           1256         278.445
           1257         278.445
           1258         278.445
           1259         278.445
           1260         278.445
           1261         278.445
           1262         279.422
           1263         279.422
           1264         279.422
           1265         279.422
           1266         278.445
           1267         278.445
           1268         278.445
           1269         278.445
           1270         278.445
           1271         278.445
           1272         278.445
           1273         278.445
           1274         278.445
           1275         278.445
           1276         278.445
           1277         278.445
           1278         278.445
           1279         278.445
           1280         278.445
           1281         278.445
           1282         278.445
           1283         278.445
           1284         278.445
           1285         278.445
           1286         278.445
           1287         278.445
           1288         278.445
           1289         278.445
           1290         278.445
           1291         278.445
           1292         278.445
           1293         277.468
           1294         277.468
           1295         277.468
           1296         278.445
           1297         278.445
           1298         278.445
           1299         278.445
           1300         278.445
           1301         278.445
           1302         278.445
           1303         278.445
           1304         278.445
           1305         278.445
           1306         278.445
           1307         278.445
           1308         278.445
           1309         278.445
           1310         278.445
           1311         278.445
           1312         278.445
           1313         278.445
           1314         278.445
           1315         278.445
           1316         278.445
           1317         278.445
           1318         278.445
           1319         278.445
           1320         278.445
           1321         277.468
           1322         277.468
           1323         277.468
           1324         277.468
           1325         277.468
           1326         277.468
           1327         277.468
           1328         277.468
           1329         277.468
           1330         277.468
           1331         277.468
           1332         277.468
           1333         277.468
           1334         277.468
           1335         277.468
           1336         277.468
           1337         277.468
           1338         277.468
           1339         277.468
           1340         276.491
           1341         276.491
           1342         276.491
           1343         276.491
           1344         276.491
           1345         276.491
           1346         276.491
           1347         276.491
           1348         276.491
           1349         276.491
           1350         276.491
           1351         276.491
           1352         275.514
           1353         275.514
           1354         275.514
           1355         275.514
           1356         275.514
           1357         275.514
           1358         275.514
           1359         275.514
           1360         275.514
           1361         275.514
           1362         275.514
           1363         275.514
           1364         275.514
           1365         275.514
           1366         275.514
           1367         275.514
           1368         275.514
           1369         275.514
           1370         275.514
           1371         275.514
           1372         275.514
           1373         274.537
           1374         274.537
           1375         274.537
           1376         274.537
           1377         274.537
           1378         274.537
           1379         274.537
           1380         274.537
           1381         274.537
           1382         274.537
           1383         274.537
           1384         274.537
           1385         274.537
           1386         274.537
           1387         274.537
           1388         274.537
           1389         274.537
           1390         274.537
           1391         274.537
           1392         274.537
           1393         274.537
           1394         273.560
           1395         273.560
           1396         273.560
           1397         273.560
           1398         273.560
           1399         273.560
           1400         273.560
           1401         273.560
           1402         273.560
           1403         273.560
           1404         273.560
           1405         273.560
           1406         273.560
           1407         273.560
           1408         273.560
           1409         273.560
           1410         273.560
           1411         273.560
           1412         273.560
           1413         272.583
           1414         272.583
           1415         272.583
           1416         272.583
           1417         272.583
           1418         272.583
           1419         272.583
           1420         272.583
           1421         272.583
           1422         272.583
           1423         272.583
           1424         272.583
           1425         272.583
           1426         272.583
           1427         272.583
           1428         272.583
           1429         272.583
           1430         272.583
           1431         272.583
           1432         272.583
           1433         271.606
           1434         271.606
           1435         271.606
           1436         271.606
           1437         271.606
           1438         271.606
           1439         271.606
           1440         271.606
           1441         271.606
           1442         271.606
           1443         271.606
           1444         271.606
           1445         271.606
           1446         271.606
           1447         271.606
           1448         271.606
           1449         271.606
           1450         271.606
           1451         271.606
           1452         271.606
           1453         271.606
           1454         271.606
           1455         271.606
           1456         271.606
           1457         271.606
           1458         271.606
           1459         271.606
           1460         270.629
           1461         270.629
           1462         270.629
           1463         270.629
           1464         270.629
           1465         270.629
           1466         270.629
           1467         270.629
           1468         270.629
           1469         270.629
           1470         270.629
           1471         270.629
           1472         270.629
           1473         270.629
           1474         270.629
           1475         270.629
           1476         269.652
           1477         269.652
           1478         269.652
           1479         269.652
           1480         269.652
           1481         269.652
           1482         269.652
           1483         269.652
           1484         268.675
           1485         268.675
           1486         268.675
           1487         268.675
           1488         268.675
           1489         268.675
           1490         268.675
           1491         268.675
           1492         268.675
           1493         268.675
           1494         268.675
           1495         268.675
           1496         268.675
           1497         268.675
           1498         268.675
           1499         268.675
           1500         268.675
           1501         268.675
           1502         268.675
           1503         268.675
           1504         268.675
           1505         268.675
           1506         267.698
           1507         267.698
           1508         267.698
           1509         267.698
           1510         267.698
           1511         267.698
           1512         267.698
           1513         267.698
           1514         267.698
           1515         267.698
           1516         267.698
           1517         267.698
           1518         267.698
           1519         267.698
           1520         267.698
           1521         267.698
           1522         267.698
           1523         266.721
           1524         266.721
           1525         266.721
           1526         266.721
           1527         266.721
           1528         266.721
           1529         266.721
           1530         266.721
           1531         265.744
           1532         265.744
           1533         265.744
           1534         265.744
           1535         265.744
           1536         265.744
           1537         265.744
           1538         265.744
           1539         265.744
           1540         264.767
           1541         264.767
           1542         264.767
           1543         264.767
           1544         264.767
           1545         264.767
           1546         264.767
           1547         264.767
           1548         264.767
           1549         264.767
           1550         264.767
           1551         263.790
           1552         263.790
           1553         263.790
           1554         263.790
           1555         263.790
           1556         263.790
           1557         263.790
           1558         263.790
           1559         263.790
           1560         262.813
           1561         262.813
           1562         262.813
           1563         262.813
           1564         262.813
           1565         262.813
           1566         261.836
           1567         261.836
           1568         261.836
           1569         261.836
           1570         261.836
           1571         261.836
           1572         260.859
           1573         260.859
           1574         260.859
           1575         260.859
           1576         260.859
           1577         259.882
           1578         259.882
           1579         259.882
           1580         259.882
           1581         259.882
           1582         259.882
           1583         258.905
           1584         258.905
           1585         258.905
           1586         258.905
           1587         258.905
           1588         257.928
           1589         257.928
           1590         257.928
           1591         257.928
           1592         257.928
           1593         257.928
           1594         257.928
           1595         257.928
           1596         257.928
           1597         257.928
           1598         256.951
           1599         256.951
           1600         256.951
           1601         256.951
           1602         256.951
           1603         256.951
           1604         256.951
           1605         256.951
           1606         255.974
           1607         255.974
           1608         255.974
           1609         255.974
           1610         254.997
           1611         254.997
           1612         254.997
           1613         254.997
           1614         254.997
           1615         254.997
           1616         254.020
           1617         254.020
           1618         254.020
           1619         254.020
           1620         254.020
           1621         253.043
           1622         253.043
           1623         253.043
           1624         253.043
           1625         253.043
           1626         253.043
           1627         253.043
           1628         252.066
           1629         252.066
           1630         252.066
           1631         252.066
           1632         252.066
           1633         252.066
           1634         252.066
           1635         252.066
           1636         251.089
           1637         251.089
           1638         251.089
           1639         251.089
           1640         251.089
           1641         251.089
           1642         251.089
           1643         251.089
           1644         250.112
           1645         250.112
           1646         250.112
           1647         250.112
           1648         249.135
           1649         249.135
           1650         249.135
           1651         248.158
           1652         248.158
           1653         248.158
           1654         248.158
           1655         248.158
           1656         247.181
           1657         247.181
           1658         247.181
           1659         247.181
           1660         246.204
           1661         246.204
           1662         246.204
           1663         246.204
           1664         246.204
           1665         246.204
           1666         246.204
           1667         246.204
           1668         245.227
           1669         245.227
           1670         245.227
           1671         245.227
           1672         245.227
           1673         245.227
           1674         245.227
           1675         245.227
           1676         244.250
           1677         244.250
           1678         244.250
           1679         244.250
           1680         243.273
           1681         243.273
           1682         242.296
           1683         242.296
           1684         242.296
           1685         241.319
           1686         241.319
           1687         241.319
           1688         241.319
           1689         241.319
           1690         241.319
           1691         241.319
           1692         241.319
           1693         240.342
           1694         240.342
           1695         240.342
           1696         240.342
           1697         240.342
           1698         240.342
           1699         240.342
           1700         240.342
           1701         240.342
           1702         239.365
           1703         239.365
           1704         239.365
           1705         239.365
           1706         238.388
           1707         238.388
           1708         238.388
           1709         238.388
           1710         237.411
           1711         237.411
           1712         236.434
           1713         236.434
           1714         236.434
           1715         235.457
           1716         235.457
           1717         235.457
           1718         235.457
           1719         234.480
           1720         234.480
           1721         234.480
           1722         234.480
           1723         234.480
           1724         234.480
           1725         234.480
           1726         234.480
           1727         234.480
           1728         234.480
           1729         234.480
           1730         233.503
           1731         233.503
           1732         233.503
           1733         233.503
           1734         233.503
           1735         233.503
           1736         232.526
           1737         232.526
           1738         232.526
           1739         231.549
           1740         231.549
           1741         231.549
           1742         230.572
           1743         230.572
           1744         229.595
           1745         229.595
           1746         229.595
           1747         229.595
           1748         229.595
           1749         229.595
           1750         229.595
           1751         229.595
           1752         229.595
           1753         229.595
           1754         228.618
           1755         228.618
           1756         228.618
           1757         228.618
           1758         228.618
           1759         228.618
           1760         228.618
           1761         228.618
           1762         228.618
           1763         227.641
           1764         227.641
           1765         227.641
           1766         227.641
           1767         227.641
           1768         227.641
           1769         226.664
           1770         226.664
           1771         226.664
           1772         226.664
           1773         226.664
           1774         226.664
           1775         225.687
           1776         225.687
           1777         225.687
           1778         225.687
           1779         225.687
           1780         225.687
           1781         224.710
           1782         224.710
           1783         224.710
           1784         224.710
           1785         224.710
           1786         223.733
           1787         223.733
           1788         223.733
           1789         223.733
           1790         223.733
           1791         222.756
           1792         222.756
           1793         222.756
           1794         222.756
           1795         222.756
           1796         222.756
           1797         222.756
           1798         222.756
           1799         222.756
           1800         222.756
           1801         222.756
           1802         221.779
           1803         221.779
           1804         221.779
           1805         221.779
           1806         221.779
           1807         221.779
           1808         220.802
           1809         220.802
           1810         220.802
           1811         220.802
           1812         220.802
           1813         220.802
           1814         219.825
           1815         219.825
           1816         219.825
           1817         219.825
           1818         219.825
           1819         218.848
           1820         218.848
           1821         218.848
           1822         217.871
           1823         217.871
           1824         217.871
           1825         217.871
           1826         216.894
           1827         216.894
           1828         216.894
           1829         216.894
           1830         216.894
           1831         216.894
           1832         216.894
           1833         216.894
           1834         216.894
           1835         216.894
           1836         216.894
           1837         216.894
           1838         216.894
           1839         216.894
           1840         215.917
           1841         215.917
           1842         215.917
           1843         215.917
           1844         215.917
           1845         215.917
           1846         214.940
           1847         214.940
           1848         214.940
           1849         214.940
           1850         213.963
           1851         213.963
           1852         213.963
           1853         213.963
           1854         213.963
           1855         213.963
           1856         213.963
           1857         213.963
           1858         213.963
           1859         212.986
           1860         212.986
           1861         212.986
           1862         212.986
           1863         212.986
           1864         212.986
           1865         212.986
           1866         212.986
           1867         212.986
           1868         212.009
           1869         212.009
           1870         212.009
           1871         212.009
           1872         212.009
           1873         212.009
           1874         211.032
           1875         211.032
           1876         210.055
           1877         210.055
           1878         209.078
           1879         208.101
           1880         208.101
           1881         208.101
           1882         208.101
           1883         207.124
           1884         207.124
           1885         207.124
           1886         207.124
           1887         207.124
           1888         207.124
           1889         206.147
           1890         206.147
           1891         206.147
           1892         206.147
           1893         206.147
           1894         205.170
           1895         205.170
           1896         205.170
           1897         205.170
           1898         205.170
           1899         204.193
           1900         204.193
           1901         204.193
           1902         204.193
           1903         203.216
           1904         203.216
           1905         203.216
           1906         203.216
           1907         203.216
           1908         202.239
           1909         202.239
           1910         202.239
           1911         202.239
           1912         201.262
           1913         201.262
           1914         201.262
           1915         201.262
           1916         200.285
           1917         200.285
           1918         200.285
           1919         200.285
           1920         199.308
           1921         199.308
           1922         199.308
           1923         199.308
           1924         198.331
           1925         198.331
           1926         198.331
           1927         198.331
           1928         197.354
           1929         197.354
           1930         197.354
           1931         197.354
           1932         197.354
           1933         196.377
           1934         196.377
           1935         196.377
           1936         196.377
           1937         196.377
           1938         196.377
           1939         196.377
           1940         196.377
           1941         196.377
           1942         196.377
           1943         196.377
           1944         196.377
           1945         196.377
           1946         196.377
           1947         196.377
           1948         196.377
           1949         196.377
           1950         196.377
           1951         196.377
           1952         196.377
           1953         196.377
           1954         196.377
           1955         195.400
           1956         195.400
           1957         195.400
           1958         195.400
           1959         195.400
           1960         195.400
           1961         194.423
           1962         194.423
           1963         194.423
           1964         194.423
           1965         194.423
           1966         194.423
           1967         193.446
           1968         193.446
           1969         193.446
           1970         193.446
           1971         193.446
           1972         192.469
           1973         192.469
           1974         192.469
           1975         192.469
           1976         192.469
           1977         191.492
           1978         191.492
           1979         191.492
           1980         191.492
           1981         191.492
           1982         191.492
           1983         191.492
           1984         191.492
           1985         191.492
           1986         191.492
           1987         191.492
           1988         190.515
           1989         190.515
           1990         190.515
           1991         190.515
           1992         190.515
           1993         190.515
           1994         190.515
           1995         190.515
           1996         190.515
           1997         190.515
           1998         189.538
           1999         189.538
           2000         189.538
           2001         189.538
           2002         189.538
           2003         189.538
           2004         189.538
           2005         189.538
           2006         189.538
           2007         189.538
           2008         189.538
           2009         189.538
           2010         189.538
           2011         189.538
           2012         189.538
           2013         189.538
           2014         189.538
           2015         189.538
           2016         189.538
           2017         189.538
           2018         189.538
           2019         188.561
           2020         188.561
           2021         188.561
           2022         188.561
           2023         188.561
           2024         188.561
           2025         188.561
           2026         188.561
           2027         188.561
           2028         188.561
           2029         188.561
