TRACENO
              2         101.608
              3         101.608
              4         101.608
              5         101.608
              6         101.608
              7         101.608
              8         101.608
              9         101.608
             10         101.608
             11         101.608
             12         101.608
             13         101.608
             14         101.608
             15         101.608
             16         101.608
             17         101.608
             18         101.608
             19         101.608
             20         101.608
             21         102.585
             22         102.585
             23         102.585
             24         102.585
             25         102.585
             26         102.585
             27         102.585
             28         102.585
             29         102.585
             30         102.585
             31         102.585
             32         102.585
             33         102.585
             34         102.585
             35         102.585
             36         102.585
             37         102.585
             38         102.585
             39         102.585
             40         102.585
             41         102.585
             42         102.585
             43         102.585
             44         102.585
             45         102.585
             46         102.585
             47         102.585
             48         102.585
             49         102.585
             50         102.585
             51         102.585
             52         102.585
             53         102.585
             54         102.585
             55         102.585
             56         102.585
             57         102.585
             58         102.585
             59         102.585
             60         102.585
             61         102.585
             62         102.585
             63         102.585
             64         102.585
             65         102.585
             66         102.585
             67         102.585
             68         102.585
             69         102.585
             70         102.585
             71         102.585
             72         102.585
             73         102.585
             74         102.585
             75         102.585
             76         102.585
             77         102.585
             78         102.585
             79         102.585
             80         102.585
             81         102.585
             82         102.585
             83         102.585
             84         102.585
             85         102.585
             86         102.585
             87         102.585
             88         102.585
             89         102.585
             90         102.585
             91         102.585
             92         102.585
             93         102.585
             94         102.585
             95         102.585
             96         102.585
             97         102.585
             98         102.585
             99         102.585
            100         102.585
            101         102.585
            102         102.585
            103         102.585
            104         102.585
            105         102.585
            106         103.562
            107         103.562
            108         103.562
            109         103.562
            110         103.562
            111         103.562
            112         103.562
            113         103.562
            114         103.562
            115         103.562
            116         103.562
            117         103.562
            118         103.562
            119         103.562
            120         103.562
            121         103.562
            122         103.562
            123         103.562
            124         103.562
            125         103.562
            126         103.562
            127         103.562
            128         103.562
            129         103.562
            130         103.562
            131         103.562
            132         103.562
            133         103.562
            134         103.562
            135         103.562
            136         103.562
            137         103.562
            138         103.562
            139         103.562
            140         103.562
            141         103.562
            142         103.562
            143         103.562
            144         103.562
            145         103.562
            146         103.562
            147         103.562
            148         103.562
            149         103.562
            150         103.562
            151         103.562
            152         103.562
            153         103.562
            154         103.562
            155         103.562
            156         103.562
            157         103.562
            158         103.562
            159         103.562
            160         103.562
            161         103.562
            162         103.562
            163         103.562
            164         104.539
            165         104.539
            166         104.539
            167         104.539
            168         104.539
            169         104.539
            170         104.539
            171         104.539
            172         104.539
            173         104.539
            174         104.539
            175         104.539
            176         104.539
            177         104.539
            178         104.539
            179         104.539
            180         104.539
            181         104.539
            182         104.539
            183         104.539
            184         104.539
            185         104.539
            186         104.539
            187         104.539
            188         104.539
            189         104.539
            190         104.539
            191         104.539
            192         104.539
            193         104.539
            194         105.516
            195         105.516
            196         105.516
            197         105.516
            198         105.516
            199         105.516
            200         105.516
            201         105.516
            202         105.516
            203         105.516
            204         105.516
            205         105.516
            206         105.516
            207         105.516
            208         105.516
            209         105.516
            210         105.516
            211         105.516
            212         105.516
            213         105.516
            214         105.516
            215         105.516
            216         105.516
            217         105.516
            218         105.516
            219         105.516
            220         105.516
            221         105.516
            222         105.516
            223         105.516
            224         105.516
            225         105.516
            226         105.516
            227         105.516
            228         105.516
            229         105.516
            230         105.516
            231         105.516
            232         106.493
            233         106.493
            234         106.493
            235         106.493
            236         106.493
            237         106.493
            238         106.493
            239         106.493
            240         106.493
            241         106.493
            242         106.493
            243         106.493
            244         106.493
            245         106.493
            246         106.493
            247         106.493
            248         106.493
            249         106.493
            250         106.493
            251         106.493
            252         106.493
            253         106.493
            254         106.493
            255         106.493
            256         106.493
            257         106.493
            258         106.493
            259         106.493
            260         106.493
            261         106.493
            262         106.493
            263         106.493
            264         106.493
            265         106.493
            266         106.493
            267         106.493
            268         106.493
            269         106.493
            270         106.493
            271         106.493
            272         106.493
            273         106.493
            274         106.493
            275         106.493
            276         106.493
            277         107.470
            278         107.470
            279         107.470
            280         107.470
            281         107.470
            282         107.470
            283         107.470
            284         107.470
            285         107.470
            286         107.470
            287         107.470
            288         107.470
            289         107.470
            290         107.470
            291         107.470
            292         107.470
            293         107.470
            294         107.470
            295         107.470
            296         107.470
            297         107.470
            298         107.470
            299         107.470
            300         107.470
            301         107.470
            302         107.470
            303         107.470
            304         107.470
            305         107.470
            306         107.470
            307         107.470
            308         107.470
            309         107.470
            310         107.470
            311         107.470
            312         107.470
            313         107.470
            314         107.470
            315         107.470
            316         107.470
            317         107.470
            318         107.470
            319         107.470
            320         107.470
            321         107.470
            322         107.470
            323         107.470
            324         108.447
            325         108.447
            326         108.447
            327         108.447
            328         108.447
            329         108.447
            330         108.447
            331         108.447
            332         108.447
            333         108.447
            334         108.447
            335         108.447
            336         108.447
            337         108.447
            338         108.447
            339         108.447
            340         108.447
            341         108.447
            342         108.447
            343         108.447
            344         108.447
            345         108.447
            346         108.447
            347         108.447
            348         108.447
            349         108.447
            350         108.447
            351         108.447
            352         108.447
            353         108.447
            354         108.447
            355         108.447
            356         108.447
            357         108.447
            358         108.447
            359         108.447
            360         108.447
            361         108.447
            362         108.447
            363         108.447
            364         108.447
            365         108.447
            366         108.447
            367         108.447
            368         108.447
            369         108.447
            370         108.447
            371         108.447
            372         108.447
            373         108.447
            374         108.447
            375         108.447
            376         108.447
            377         108.447
            378         108.447
            379         108.447
            380         108.447
            381         108.447
            382         108.447
            383         108.447
            384         108.447
            385         108.447
            386         108.447
            387         108.447
            388         108.447
            389         108.447
            390         108.447
            391         108.447
            392         108.447
            393         108.447
            394         108.447
            395         108.447
            396         108.447
            397         108.447
            398         108.447
            399         108.447
            400         108.447
            401         108.447
            402         108.447
            403         108.447
            404         108.447
            405         108.447
            406         108.447
            407         108.447
            408         108.447
            409         108.447
            410         108.447
            411         108.447
            412         108.447
            413         108.447
            414         108.447
            415         108.447
            416         108.447
            417         108.447
            418         108.447
            419         108.447
            420         108.447
            421         108.447
            422         108.447
            423         108.447
            424         108.447
            425         108.447
            426         108.447
            427         108.447
            428         108.447
            429         108.447
            430         108.447
            431         108.447
            432         108.447
            433         108.447
            434         108.447
            435         108.447
            436         108.447
            437         108.447
            438         108.447
            439         108.447
            440         108.447
            441         108.447
            442         108.447
            443         108.447
            444         108.447
            445         108.447
            446         108.447
            447         108.447
            448         108.447
            449         108.447
            450         108.447
            451         108.447
            452         108.447
            453         108.447
            454         108.447
            455         108.447
            456         108.447
            457         109.424
            458         109.424
            459         109.424
            460         109.424
            461         109.424
            462         109.424
            463         109.424
            464         109.424
            465         109.424
            466         109.424
            467         109.424
            468         109.424
            469         109.424
            470         109.424
            471         109.424
            472         109.424
            473         109.424
            474         109.424
            475         109.424
            476         109.424
            477         109.424
            478         109.424
            479         109.424
            480         109.424
            481         109.424
            482         109.424
            483         109.424
            484         109.424
            485         109.424
            486         109.424
            487         109.424
            488         109.424
            489         109.424
            490         109.424
            491         109.424
            492         109.424
            493         109.424
            494         109.424
            495         109.424
            496         109.424
            497         109.424
            498         109.424
            499         109.424
            500         109.424
            501         109.424
            502         109.424
            503         109.424
            504         109.424
            505         109.424
            506         109.424
            507         109.424
            508         109.424
            509         109.424
            510         109.424
            511         109.424
            512         109.424
            513         109.424
            514         109.424
            515         109.424
            516         109.424
            517         109.424
            518         109.424
            557         108.447
            558         108.447
            559         108.447
            560         108.447
            561         108.447
            562         108.447
            563         108.447
            564         108.447
            565         108.447
            566         108.447
            567         108.447
            568         108.447
            569         108.447
            570         108.447
            571         108.447
            572         108.447
            573         108.447
            574         108.447
            575         108.447
            576         108.447
            577         108.447
            578         108.447
            579         108.447
            580         108.447
            581         108.447
            582         108.447
            583         108.447
            584         108.447
            585         108.447
            586         108.447
            587         108.447
            588         108.447
            589         108.447
            590         108.447
            591         108.447
            592         108.447
            593         108.447
            594         108.447
            595         108.447
            596         108.447
            597         108.447
            598         108.447
            599         108.447
            600         108.447
            601         108.447
            602         108.447
            603         108.447
            604         108.447
            605         108.447
            606         108.447
            607         108.447
            608         108.447
            609         108.447
            610         108.447
            611         108.447
            612         108.447
            613         108.447
            614         108.447
            615         108.447
            616         108.447
            617         108.447
            618         108.447
            619         108.447
            620         108.447
            621         108.447
            622         108.447
            623         108.447
            624         108.447
            625         108.447
            626         108.447
            627         108.447
            628         108.447
            629         108.447
            630         108.447
            631         108.447
            632         108.447
            633         108.447
            634         108.447
            635         108.447
            636         108.447
            637         108.447
            638         108.447
            639         108.447
            640         108.447
            641         108.447
            642         108.447
            643         108.447
            644         108.447
            645         108.447
            646         108.447
            647         108.447
            648         108.447
            649         108.447
            650         108.447
            651         108.447
            652         108.447
            653         108.447
            654         108.447
            655         108.447
            656         108.447
            657         108.447
            658         108.447
            659         108.447
            660         108.447
            661         108.447
            662         108.447
            663         108.447
            664         108.447
            665         108.447
            666         108.447
            667         108.447
            668         108.447
            669         108.447
            670         108.447
            671         108.447
            672         108.447
            673         108.447
            674         108.447
            675         108.447
            676         108.447
            677         108.447
            678         108.447
            679         108.447
            680         108.447
            681         108.447
            682         108.447
            683         107.470
            684         107.470
            685         107.470
            686         107.470
            687         107.470
            688         107.470
            689         107.470
            690         107.470
            691         107.470
            692         107.470
            693         107.470
            694         107.470
            695         107.470
            696         107.470
            697         107.470
            698         107.470
            699         107.470
            700         107.470
            701         107.470
            702         107.470
            703         107.470
            704         107.470
            705         107.470
            706         107.470
            707         107.470
            708         107.470
            709         106.493
            710         106.493
            711         106.493
            712         106.493
            713         106.493
            714         106.493
            715         106.493
            716         106.493
            717         106.493
            718         106.493
            719         106.493
            720         106.493
            721         106.493
            722         106.493
            723         106.493
            724         106.493
            725         106.493
            726         106.493
            727         106.493
            728         106.493
            729         106.493
            730         106.493
            731         106.493
            732         106.493
            733         106.493
            734         106.493
            735         106.493
            736         106.493
            737         106.493
            738         106.493
            739         106.493
            740         106.493
            741         106.493
            742         106.493
            743         106.493
            744         106.493
            745         106.493
            746         106.493
            747         106.493
            748         106.493
            749         106.493
            750         106.493
            751         106.493
            752         106.493
            753         106.493
            754         106.493
            755         106.493
            756         106.493
            757         106.493
            758         106.493
            759         106.493
            760         106.493
            761         106.493
            762         106.493
            763         106.493
            764         106.493
            765         106.493
            766         106.493
            767         106.493
            768         106.493
            769         106.493
            770         106.493
            771         106.493
            772         106.493
            773         106.493
            774         106.493
            775         106.493
            776         105.516
            777         105.516
            778         105.516
            779         105.516
            780         105.516
            781         105.516
            782         105.516
            783         105.516
            784         105.516
            785         105.516
            786         105.516
            787         105.516
            788         105.516
            789         105.516
            790         105.516
            791         105.516
            792         105.516
            793         105.516
            794         105.516
            795         105.516
            796         105.516
            797         105.516
            798         105.516
            799         105.516
            800         105.516
            801         105.516
            802         105.516
            803         105.516
            804         105.516
            805         105.516
            806         105.516
            807         105.516
            808         105.516
            809         105.516
            810         105.516
            811         105.516
            812         105.516
            813         105.516
            814         105.516
            815         104.539
            816         104.539
            817         104.539
            818         104.539
            819         104.539
            820         104.539
            821         104.539
            822         104.539
            823         104.539
            824         104.539
            825         104.539
            826         104.539
            827         104.539
            828         104.539
            829         104.539
            830         104.539
            831         104.539
            832         104.539
            833         104.539
            834         104.539
            835         104.539
            836         104.539
            837         104.539
            838         104.539
            839         104.539
            840         104.539
            841         104.539
            842         104.539
            843         104.539
            844         104.539
            845         104.539
            846         104.539
            847         104.539
            848         104.539
            849         104.539
            850         103.562
            851         103.562
            852         103.562
            853         103.562
            854         103.562
            855         103.562
            856         103.562
            857         103.562
            858         103.562
            859         103.562
            860         103.562
            861         103.562
            862         103.562
            863         103.562
            864         103.562
            865         103.562
            866         103.562
            867         103.562
            868         103.562
            869         103.562
            870         103.562
            871         103.562
            872         103.562
            873         103.562
            874         103.562
            875         103.562
            876         103.562
            877         103.562
            878         103.562
            879         103.562
            880         103.562
            881         103.562
            882         103.562
            883         103.562
            884         103.562
            885         103.562
            886         103.562
            887         103.562
            888         103.562
            889         103.562
            890         103.562
            891         103.562
            892         103.562
            893         103.562
            894         103.562
            895         103.562
            896         103.562
            897         103.562
            898         103.562
            899         103.562
            900         103.562
            901         103.562
            902         103.562
            903         103.562
            904         103.562
            905         103.562
            906         103.562
            907         103.562
            908         103.562
            909         103.562
            910         103.562
            911         103.562
            912         103.562
            913         103.562
            914         103.562
            915         103.562
            916         103.562
            917         103.562
            918         103.562
            919         103.562
            920         103.562
            921         103.562
            922         103.562
            923         104.539
            924         104.539
            925         104.539
            926         104.539
            927         104.539
            928         104.539
            929         103.562
            930         103.562
            931         103.562
            932         103.562
            933         103.562
            934         103.562
            935         103.562
            936         103.562
            937         103.562
            938         103.562
            939         103.562
            940         103.562
            941         103.562
            942         103.562
            943         103.562
            944         103.562
            945         103.562
            946         103.562
            947         103.562
            948         103.562
            949         103.562
            950         103.562
            951         103.562
            952         103.562
            953         103.562
            954         103.562
            955         103.562
            956         103.562
            957         103.562
            958         103.562
            959         103.562
            960         103.562
            961         103.562
            962         103.562
            963         103.562
            964         102.585
            965         102.585
            966         102.585
            967         102.585
            968         102.585
            969         102.585
            970         102.585
            971         103.562
            972         103.562
            973         103.562
            974         103.562
            975         103.562
            976         103.562
            977         103.562
            978         103.562
            979         103.562
            980         103.562
            981         103.562
            982         103.562
            983         103.562
            984         103.562
            985         103.562
            986         103.562
            987         103.562
            988         103.562
            989         103.562
            990         103.562
            991         103.562
            992         103.562
            993         103.562
            994         103.562
            995         103.562
            996         103.562
            997         103.562
            998         103.562
            999         103.562
           1000         103.562
           1001         103.562
           1002         103.562
           1003         103.562
           1004         103.562
           1005         103.562
           1006         103.562
           1007         103.562
           1008         102.585
           1009         102.585
           1010         102.585
           1011         102.585
           1012         102.585
           1013         102.585
           1014         102.585
           1015         102.585
           1016         102.585
           1017         102.585
           1018         102.585
           1019         102.585
           1020         102.585
           1021         102.585
           1022         102.585
           1023         102.585
           1024         102.585
           1025         102.585
           1026         102.585
           1027         102.585
           1028         102.585
           1029         102.585
           1030         102.585
           1031         102.585
           1032         102.585
           1033         102.585
           1034         102.585
           1035         102.585
           1036         102.585
           1037         102.585
           1038         102.585
           1039         102.585
           1040         102.585
           1041         102.585
           1042         103.562
           1043         103.562
           1044         103.562
           1045         103.562
           1046         103.562
           1047         103.562
           1048         103.562
           1049         103.562
           1050         103.562
           1051         103.562
           1052         103.562
           1053         103.562
           1054         103.562
           1055         103.562
           1056         103.562
           1057         103.562
           1058         103.562
           1059         103.562
           1060         103.562
           1061         103.562
           1062         103.562
           1063         103.562
           1064         103.562
           1065         103.562
           1066         103.562
           1067         103.562
           1068         103.562
           1069         103.562
           1070         103.562
           1071         103.562
           1072         103.562
           1073         104.539
           1074         104.539
           1075         104.539
           1076         104.539
           1077         104.539
           1078         104.539
           1079         104.539
           1080         104.539
           1081         104.539
           1082         104.539
           1083         104.539
           1084         104.539
           1085         104.539
           1086         104.539
           1087         104.539
           1088         104.539
           1089         104.539
           1090         104.539
           1091         104.539
           1092         104.539
           1093         104.539
           1094         104.539
           1095         104.539
           1096         104.539
           1097         104.539
           1098         104.539
           1099         104.539
           1100         104.539
           1101         104.539
           1102         104.539
           1103         104.539
           1104         104.539
           1105         104.539
           1106         104.539
           1107         104.539
           1108         104.539
           1109         104.539
           1110         104.539
           1111         104.539
           1112         104.539
           1113         104.539
           1114         104.539
           1115         104.539
           1116         104.539
           1117         104.539
           1118         104.539
           1119         104.539
           1120         104.539
           1121         104.539
           1122         104.539
           1123         104.539
           1124         105.516
           1125         105.516
           1126         105.516
           1127         105.516
           1128         105.516
           1129         105.516
           1130         105.516
           1131         105.516
           1132         105.516
           1133         105.516
           1134         105.516
           1135         105.516
           1136         105.516
           1137         105.516
           1138         105.516
           1139         105.516
           1140         105.516
           1141         105.516
           1142         105.516
           1143         105.516
           1144         105.516
           1145         105.516
           1146         105.516
           1147         105.516
           1148         105.516
           1149         105.516
           1150         105.516
           1151         105.516
           1152         105.516
           1153         105.516
           1154         106.493
           1155         106.493
           1156         106.493
           1157         106.493
           1158         106.493
           1159         106.493
           1160         106.493
           1161         106.493
           1162         106.493
           1163         106.493
           1164         106.493
           1165         106.493
           1166         106.493
           1167         106.493
           1168         106.493
           1169         106.493
           1170         106.493
           1171         106.493
           1172         106.493
           1173         106.493
           1174         106.493
           1175         106.493
           1176         106.493
           1177         106.493
           1178         106.493
           1179         106.493
           1180         106.493
           1181         106.493
           1182         106.493
           1183         106.493
           1184         106.493
           1185         106.493
           1186         106.493
           1187         106.493
           1188         106.493
           1189         106.493
           1190         106.493
           1191         106.493
           1192         106.493
           1193         106.493
           1194         106.493
           1195         106.493
           1196         106.493
           1197         106.493
           1198         106.493
           1199         106.493
           1200         106.493
           1201         106.493
           1202         106.493
           1203         106.493
           1204         106.493
           1205         106.493
           1206         106.493
           1207         106.493
           1208         106.493
           1209         106.493
           1210         106.493
           1211         106.493
           1212         106.493
           1213         106.493
           1214         106.493
           1215         106.493
           1216         106.493
           1217         106.493
           1218         106.493
           1219         106.493
           1220         106.493
           1221         106.493
           1222         106.493
           1223         106.493
           1224         106.493
           1225         106.493
           1226         106.493
           1227         106.493
           1228         106.493
           1229         106.493
           1230         106.493
           1231         106.493
           1232         106.493
           1233         107.470
           1234         107.470
           1235         107.470
           1236         107.470
           1237         107.470
           1238         107.470
           1239         107.470
           1240         107.470
           1241         107.470
           1242         107.470
           1243         107.470
           1244         107.470
           1245         107.470
           1246         107.470
           1247         107.470
           1248         107.470
           1249         107.470
           1250         107.470
           1251         107.470
           1252         107.470
           1253         107.470
           1254         107.470
           1255         108.447
           1256         108.447
           1257         108.447
           1258         108.447
           1259         108.447
           1260         108.447
           1261         108.447
           1262         108.447
           1263         108.447
           1264         108.447
           1265         108.447
           1266         108.447
           1267         108.447
           1268         108.447
           1269         108.447
           1270         108.447
           1271         108.447
           1272         108.447
           1273         108.447
           1274         108.447
           1275         108.447
           1276         108.447
           1277         108.447
           1278         108.447
           1279         108.447
           1280         109.424
           1281         109.424
           1282         109.424
           1283         109.424
           1284         109.424
           1285         109.424
           1286         109.424
           1287         109.424
           1288         109.424
           1289         109.424
           1290         109.424
           1291         109.424
           1292         109.424
           1293         109.424
           1294         109.424
           1295         109.424
           1296         109.424
           1297         109.424
           1298         109.424
           1299         109.424
           1300         109.424
           1301         109.424
           1302         110.401
           1303         110.401
           1304         110.401
           1305         110.401
           1306         110.401
           1307         110.401
           1308         110.401
           1309         110.401
           1310         110.401
           1311         110.401
           1312         110.401
           1313         110.401
           1314         110.401
           1315         110.401
           1316         110.401
           1317         110.401
           1318         110.401
           1319         110.401
           1320         110.401
           1321         110.401
           1322         110.401
           1323         110.401
           1324         110.401
           1325         110.401
           1326         110.401
           1327         110.401
           1328         110.401
           1329         110.401
           1330         110.401
           1331         110.401
           1332         110.401
           1333         110.401
           1334         110.401
           1335         110.401
           1336         110.401
           1337         110.401
           1338         110.401
           1339         110.401
           1340         110.401
           1341         111.378
           1342         111.378
           1343         111.378
           1344         111.378
           1345         111.378
           1346         111.378
           1347         111.378
           1348         111.378
           1349         111.378
           1350         111.378
           1351         111.378
           1352         111.378
           1353         111.378
           1354         111.378
           1355         111.378
           1356         111.378
           1357         111.378
           1358         111.378
           1359         112.355
           1360         112.355
           1361         112.355
           1362         112.355
           1363         112.355
           1364         112.355
           1365         112.355
           1366         112.355
           1367         112.355
           1368         112.355
           1369         112.355
           1370         112.355
           1371         112.355
           1372         112.355
           1373         112.355
           1374         112.355
           1375         112.355
           1376         112.355
           1377         112.355
           1378         112.355
           1379         113.332
           1380         113.332
           1381         113.332
           1382         113.332
           1383         113.332
           1384         113.332
           1385         113.332
           1386         113.332
           1387         113.332
           1388         113.332
           1389         113.332
           1390         113.332
           1391         113.332
           1392         113.332
           1393         113.332
           1394         113.332
           1395         113.332
           1396         114.309
           1397         114.309
           1398         114.309
           1399         114.309
           1400         114.309
           1401         114.309
           1402         114.309
           1403         114.309
           1404         114.309
           1405         114.309
           1406         114.309
           1407         114.309
           1408         114.309
           1409         115.286
           1410         115.286
           1411         115.286
           1412         115.286
           1413         115.286
           1414         115.286
           1415         115.286
           1416         115.286
           1417         115.286
           1418         115.286
           1419         115.286
           1420         115.286
           1421         115.286
           1422         115.286
           1423         115.286
           1424         115.286
           1425         115.286
           1426         115.286
           1427         115.286
           1428         115.286
           1429         115.286
           1430         115.286
           1431         115.286
           1432         115.286
           1433         116.263
           1434         116.263
           1435         116.263
           1436         116.263
           1437         116.263
           1438         116.263
           1439         116.263
           1440         116.263
           1441         116.263
           1442         116.263
           1443         116.263
           1444         116.263
           1445         116.263
           1446         116.263
           1447         116.263
           1448         116.263
           1449         116.263
           1450         116.263
           1451         117.240
           1452         117.240
           1453         117.240
           1454         117.240
           1455         117.240
           1456         117.240
           1457         117.240
           1458         117.240
           1459         117.240
           1460         117.240
           1461         117.240
           1462         117.240
           1463         117.240
           1464         117.240
           1465         117.240
           1466         117.240
           1467         118.217
           1468         118.217
           1469         118.217
           1470         118.217
           1471         118.217
           1472         118.217
           1473         118.217
           1474         118.217
           1475         118.217
           1476         118.217
           1477         118.217
           1478         118.217
           1479         118.217
           1480         118.217
           1481         119.194
           1482         119.194
           1483         119.194
           1484         119.194
           1485         119.194
           1486         119.194
           1487         119.194
           1488         120.171
           1489         120.171
           1490         120.171
           1491         120.171
           1492         120.171
           1493         120.171
           1494         120.171
           1495         120.171
           1496         120.171
           1497         120.171
           1498         120.171
           1499         120.171
           1500         120.171
           1501         120.171
           1502         120.171
           1503         120.171
           1504         120.171
           1505         120.171
           1506         120.171
           1507         120.171
           1508         120.171
           1509         120.171
           1510         120.171
           1511         120.171
           1512         120.171
           1513         120.171
           1514         120.171
           1515         120.171
           1516         120.171
           1517         120.171
           1518         120.171
           1519         120.171
           1520         120.171
           1521         120.171
           1522         120.171
           1523         120.171
           1524         120.171
           1525         120.171
           1526         120.171
           1527         120.171
           1528         120.171
           1529         120.171
           1530         120.171
           1531         120.171
           1532         120.171
           1533         120.171
           1534         121.148
           1535         121.148
           1536         121.148
           1537         121.148
           1538         121.148
           1539         121.148
           1540         121.148
           1541         121.148
           1542         121.148
           1543         121.148
           1544         121.148
           1545         121.148
           1546         121.148
           1547         121.148
           1548         121.148
           1549         121.148
           1550         121.148
           1551         121.148
           1552         121.148
           1553         121.148
           1554         121.148
           1555         121.148
           1556         122.125
           1557         122.125
           1558         122.125
           1559         122.125
           1560         122.125
           1561         122.125
           1562         122.125
           1563         122.125
           1564         122.125
           1565         122.125
           1566         122.125
           1567         122.125
           1568         122.125
           1569         122.125
           1570         122.125
           1571         122.125
           1572         122.125
           1573         122.125
           1574         122.125
           1575         122.125
           1576         122.125
           1577         122.125
           1578         122.125
           1579         122.125
           1580         122.125
           1581         122.125
           1582         122.125
           1583         122.125
           1584         122.125
           1585         122.125
           1586         122.125
           1587         122.125
           1588         122.125
           1589         122.125
           1590         122.125
           1591         122.125
           1592         122.125
           1593         123.102
           1594         123.102
           1595         123.102
           1596         123.102
           1597         123.102
           1598         123.102
           1599         123.102
           1600         123.102
           1601         123.102
           1602         123.102
           1603         123.102
           1604         123.102
           1605         123.102
           1606         123.102
           1607         123.102
           1608         123.102
           1609         123.102
           1610         123.102
           1611         123.102
           1612         123.102
           1613         123.102
           1614         123.102
           1615         124.079
           1616         124.079
           1617         124.079
           1618         124.079
           1619         124.079
           1620         124.079
           1621         124.079
           1622         124.079
           1623         124.079
           1624         124.079
           1625         124.079
           1626         124.079
           1627         124.079
           1628         124.079
           1629         124.079
           1630         125.056
           1631         125.056
           1632         125.056
           1633         125.056
           1634         125.056
           1635         125.056
           1636         125.056
           1637         125.056
           1638         125.056
           1639         125.056
           1640         125.056
           1641         125.056
           1642         125.056
           1643         125.056
           1644         125.056
           1645         125.056
           1646         125.056
           1647         125.056
           1648         125.056
           1649         125.056
           1650         125.056
           1651         125.056
           1652         125.056
           1653         125.056
           1654         125.056
           1655         125.056
           1656         125.056
           1657         125.056
           1658         125.056
           1659         125.056
           1660         125.056
           1661         125.056
           1662         126.033
           1663         126.033
           1664         126.033
           1665         126.033
           1666         126.033
           1667         126.033
           1668         126.033
           1669         126.033
           1670         126.033
           1671         126.033
           1672         126.033
           1673         126.033
           1674         126.033
           1675         126.033
           1676         127.010
           1677         127.010
           1678         127.010
           1679         127.010
           1680         127.010
           1681         127.010
           1682         127.010
           1683         127.010
           1684         127.010
           1685         127.010
           1686         127.010
           1687         127.010
           1688         127.010
           1689         127.010
           1690         127.010
           1691         127.987
           1692         127.987
           1693         127.987
           1694         127.987
           1695         127.987
           1696         127.987
           1697         127.987
           1698         127.987
           1699         127.987
           1700         127.987
           1701         127.987
           1702         127.987
           1703         127.987
           1704         127.987
           1705         127.987
           1706         127.987
           1707         127.987
           1708         128.964
           1709         128.964
           1710         128.964
           1711         128.964
           1712         128.964
           1713         128.964
           1714         128.964
           1715         128.964
           1716         128.964
           1717         128.964
           1718         128.964
           1719         128.964
           1720         128.964
           1721         128.964
           1722         128.964
           1723         128.964
           1724         128.964
           1725         128.964
           1726         128.964
           1727         128.964
           1728         129.941
           1729         129.941
           1730         129.941
           1731         129.941
           1732         129.941
           1733         129.941
           1734         129.941
           1735         129.941
           1736         129.941
           1737         129.941
           1738         129.941
           1739         129.941
           1740         129.941
           1741         129.941
           1742         129.941
           1743         129.941
           1744         129.941
           1745         129.941
           1746         129.941
           1747         129.941
           1748         129.941
           1749         129.941
           1750         129.941
           1751         129.941
           1752         129.941
           1753         129.941
           1754         129.941
           1755         129.941
           1756         129.941
           1757         129.941
           1758         129.941
           1759         129.941
           1760         129.941
           1761         129.941
           1762         129.941
           1763         129.941
           1764         129.941
           1765         129.941
           1766         130.918
           1767         130.918
           1768         130.918
           1769         130.918
           1770         130.918
           1771         130.918
           1772         130.918
           1773         130.918
           1774         130.918
           1775         130.918
           1776         130.918
           1777         130.918
           1778         130.918
           1779         130.918
           1780         130.918
           1781         130.918
           1782         130.918
           1783         131.895
           1784         131.895
           1785         131.895
           1786         131.895
           1787         131.895
           1788         131.895
           1789         131.895
           1790         131.895
           1791         131.895
           1792         131.895
           1793         131.895
           1794         131.895
           1795         131.895
           1796         131.895
           1797         131.895
           1798         131.895
           1799         131.895
           1800         131.895
           1801         131.895
           1802         131.895
           1803         131.895
           1804         131.895
           1805         131.895
           1806         132.872
           1807         132.872
           1808         132.872
           1809         132.872
           1810         132.872
           1811         132.872
           1812         132.872
           1813         132.872
           1814         132.872
           1815         132.872
           1816         132.872
           1817         132.872
           1818         132.872
           1819         132.872
           1820         133.849
           1821         133.849
           1822         133.849
           1823         133.849
           1824         133.849
           1825         133.849
           1826         133.849
           1827         133.849
           1828         133.849
           1829         133.849
           1830         133.849
           1831         133.849
           1832         133.849
           1833         134.826
           1834         134.826
           1835         134.826
           1836         134.826
           1837         134.826
           1838         134.826
           1839         134.826
           1840         134.826
           1841         134.826
           1842         134.826
           1843         134.826
           1844         134.826
           1845         134.826
           1846         135.803
           1847         135.803
           1848         135.803
           1849         135.803
           1850         135.803
           1851         135.803
           1852         135.803
           1853         135.803
           1854         135.803
           1855         135.803
           1856         135.803
           1857         135.803
           1858         135.803
           1859         135.803
           1860         135.803
           1861         135.803
           1862         135.803
           1863         135.803
           1864         135.803
           1865         135.803
           1866         135.803
           1867         135.803
           1868         135.803
           1869         135.803
           1870         135.803
           1871         135.803
           1872         135.803
           1873         135.803
           1874         135.803
           1875         135.803
           1876         135.803
           1877         135.803
           1878         135.803
           1879         135.803
           1880         135.803
           1881         135.803
           1882         135.803
           1883         136.780
           1884         136.780
           1885         136.780
           1886         136.780
           1887         136.780
           1888         136.780
           1889         136.780
           1890         136.780
           1891         136.780
           1892         136.780
           1893         136.780
           1894         136.780
           1895         136.780
           1896         136.780
           1897         136.780
           1898         136.780
           1899         136.780
           1900         136.780
           1901         136.780
           1902         136.780
           1903         136.780
           1904         137.757
           1905         137.757
           1906         137.757
           1907         137.757
           1908         137.757
           1909         137.757
           1910         137.757
           1911         137.757
           1912         137.757
           1913         137.757
           1914         137.757
           1915         137.757
           1916         137.757
           1917         137.757
           1918         137.757
           1919         137.757
           1920         137.757
           1921         137.757
           1922         137.757
           1923         137.757
           1924         137.757
           1925         137.757
           1926         137.757
           1927         137.757
           1928         137.757
           1929         137.757
           1930         137.757
           1931         137.757
           1932         137.757
           1933         137.757
           1934         137.757
           1935         137.757
           1936         137.757
           1937         138.734
           1938         138.734
           1939         138.734
           1940         138.734
           1941         138.734
           1942         138.734
           1943         138.734
           1944         138.734
           1945         138.734
           1946         138.734
           1947         138.734
           1948         138.734
           1949         138.734
           1950         138.734
           1951         138.734
           1952         138.734
           1953         138.734
           1954         138.734
           1955         139.711
           1956         139.711
           1957         139.711
           1960         139.711
           1961         139.711
           1962         139.711
           1963         139.711
           1964         139.711
           1965         139.711
           1966         139.711
           1967         139.711
           1968         139.711
           1969         139.711
           1970         139.711
           1971         139.711
           1972         139.711
           1973         139.711
           1974         139.711
           1975         139.711
           1976         139.711
           1977         139.711
           1978         139.711
           1979         139.711
           1980         139.711
           1981         139.711
           1982         139.711
           1983         139.711
           1984         139.711
           1985         139.711
           1986         139.711
           1987         140.688
           1988         140.688
           1989         140.688
           1990         140.688
           1991         140.688
           1992         140.688
           1993         140.688
           1994         140.688
           1995         140.688
           1996         140.688
           1997         140.688
           1998         140.688
           1999         140.688
           2000         140.688
           2001         140.688
           2002         140.688
           2003         140.688
           2004         140.688
           2005         140.688
           2006         140.688
           2007         140.688
           2008         140.688
           2009         140.688
           2010         140.688
           2011         140.688
           2012         140.688
           2013         140.688
           2014         140.688
           2015         140.688
           2016         140.688
           2017         140.688
           2018         141.665
           2019         141.665
           2020         141.665
           2021         141.665
           2022         141.665
           2023         141.665
           2024         141.665
           2025         141.665
           2026         141.665
           2027         141.665
           2028         141.665
           2029         141.665
           2030         141.665
           2031         141.665
           2032         141.665
           2033         141.665
           2034         141.665
           2035         141.665
           2036         141.665
           2037         141.665
           2038         141.665
           2039         141.665
           2040         141.665
           2041         141.665
           2042         142.642
           2043         142.642
           2044         142.642
           2045         142.642
           2046         142.642
           2047         142.642
           2048         142.642
           2049         142.642
           2050         142.642
           2051         142.642
           2052         142.642
           2053         142.642
           2054         142.642
           2055         142.642
           2056         142.642
           2057         142.642
           2058         142.642
           2059         142.642
           2060         142.642
           2061         142.642
           2062         142.642
           2063         142.642
           2064         142.642
           2065         143.619
           2066         143.619
           2067         143.619
           2068         143.619
           2069         143.619
           2070         143.619
           2071         143.619
           2072         143.619
           2073         143.619
           2074         143.619
           2075         143.619
           2076         143.619
           2077         143.619
           2078         143.619
           2079         143.619
           2080         143.619
           2081         143.619
           2082         143.619
           2083         143.619
           2084         143.619
           2085         143.619
           2086         143.619
           2087         143.619
           2088         143.619
           2089         143.619
           2090         143.619
           2091         143.619
           2092         143.619
           2093         143.619
           2094         143.619
           2095         143.619
           2096         143.619
           2097         143.619
           2098         143.619
           2099         143.619
           2100         143.619
           2101         143.619
           2102         143.619
           2103         143.619
           2104         143.619
           2105         143.619
           2106         143.619
           2107         143.619
           2108         143.619
           2109         143.619
           2110         143.619
           2111         143.619
           2112         143.619
           2113         143.619
           2114         143.619
           2115         143.619
           2116         143.619
           2117         143.619
           2118         143.619
           2119         143.619
           2120         143.619
           2121         143.619
           2122         143.619
           2123         143.619
           2124         143.619
           2125         143.619
           2126         143.619
           2127         143.619
           2128         143.619
           2129         143.619
           2130         143.619
           2131         143.619
           2132         143.619
           2133         143.619
           2134         143.619
           2135         143.619
           2136         143.619
           2137         143.619
           2138         143.619
           2139         144.596
           2140         144.596
           2141         144.596
           2142         144.596
           2143         144.596
           2144         144.596
           2145         144.596
           2146         144.596
           2147         144.596
           2148         144.596
           2149         144.596
           2150         144.596
           2151         144.596
           2152         144.596
           2153         144.596
           2154         144.596
           2155         144.596
           2156         144.596
           2157         143.619
           2158         143.619
           2159         143.619
           2160         143.619
           2161         143.619
           2162         143.619
           2163         143.619
           2164         143.619
           2165         143.619
           2166         143.619
           2167         143.619
           2168         143.619
           2169         143.619
           2170         143.619
           2171         143.619
           2172         143.619
           2173         143.619
           2174         143.619
           2175         143.619
           2176         143.619
           2177         143.619
           2178         143.619
           2179         143.619
           2180         143.619
           2181         143.619
           2182         143.619
           2183         143.619
           2184         143.619
           2185         143.619
           2186         143.619
           2187         143.619
           2188         143.619
           2189         142.642
           2190         142.642
           2191         142.642
           2192         142.642
           2193         142.642
           2194         142.642
           2195         142.642
           2196         142.642
           2197         142.642
           2198         142.642
           2199         142.642
           2200         142.642
           2201         142.642
           2202         142.642
           2203         142.642
           2204         142.642
           2205         142.642
           2206         142.642
           2207         142.642
           2208         142.642
           2209         142.642
           2210         142.642
           2211         142.642
           2212         142.642
           2213         142.642
           2214         142.642
           2215         142.642
           2216         142.642
           2217         142.642
           2218         142.642
           2219         142.642
           2220         142.642
           2221         142.642
           2222         142.642
           2223         142.642
           2224         142.642
           2225         142.642
           2226         142.642
           2227         142.642
           2228         142.642
           2229         142.642
           2230         142.642
           2231         141.665
           2232         141.665
           2233         141.665
           2234         141.665
           2235         141.665
           2236         141.665
           2237         141.665
           2238         141.665
           2239         141.665
           2240         141.665
           2241         141.665
           2242         141.665
           2243         141.665
           2244         141.665
           2245         141.665
           2246         141.665
           2247         141.665
           2248         141.665
           2249         141.665
           2250         141.665
           2251         141.665
           2252         141.665
           2253         141.665
           2254         141.665
           2255         141.665
           2256         141.665
           2257         141.665
           2258         141.665
           2259         141.665
           2260         141.665
           2261         141.665
           2262         141.665
           2263         141.665
           2264         141.665
           2265         141.665
           2266         141.665
           2267         141.665
           2268         141.665
           2269         141.665
           2270         141.665
           2271         141.665
           2272         141.665
           2273         141.665
           2274         141.665
           2275         141.665
           2276         141.665
           2277         141.665
           2278         141.665
           2279         141.665
           2280         140.688
           2281         140.688
           2282         140.688
           2283         140.688
           2284         140.688
           2285         140.688
           2286         140.688
           2287         140.688
           2288         140.688
           2289         140.688
           2290         140.688
           2291         140.688
           2292         140.688
           2293         140.688
           2294         140.688
           2295         140.688
           2296         140.688
           2297         140.688
           2298         140.688
           2299         140.688
           2300         140.688
           2301         140.688
           2302         140.688
           2303         140.688
           2304         140.688
           2305         140.688
           2306         140.688
           2307         140.688
           2308         140.688
           2309         140.688
           2310         140.688
           2311         140.688
           2312         140.688
           2313         140.688
           2314         140.688
           2315         140.688
           2316         140.688
           2317         140.688
           2318         140.688
           2319         140.688
           2320         140.688
           2321         140.688
           2322         140.688
           2323         140.688
           2324         140.688
           2325         140.688
           2326         140.688
           2327         140.688
           2328         140.688
           2329         140.688
           2330         140.688
           2331         140.688
           2332         140.688
           2333         140.688
           2334         140.688
           2335         140.688
           2336         140.688
           2337         140.688
           2338         140.688
           2339         139.711
           2340         139.711
           2341         139.711
           2342         139.711
           2343         139.711
           2344         139.711
           2345         139.711
           2346         139.711
           2347         139.711
           2348         139.711
           2349         139.711
           2350         139.711
           2351         139.711
           2352         139.711
           2353         139.711
           2354         139.711
           2355         139.711
           2356         139.711
           2357         139.711
           2358         139.711
           2359         139.711
           2360         139.711
           2361         139.711
           2362         139.711
           2363         139.711
           2364         139.711
           2365         139.711
           2366         139.711
           2367         139.711
           2368         139.711
           2369         139.711
           2370         139.711
           2371         139.711
           2372         139.711
           2373         139.711
           2374         139.711
           2375         139.711
           2376         139.711
           2377         139.711
           2378         139.711
           2379         139.711
           2380         139.711
           2381         139.711
           2382         139.711
           2383         139.711
           2384         139.711
           2385         139.711
           2386         139.711
           2387         139.711
           2388         139.711
           2389         138.734
           2390         138.734
           2391         138.734
           2392         138.734
           2393         138.734
           2394         138.734
           2395         138.734
           2396         138.734
           2397         138.734
           2398         138.734
           2399         138.734
           2400         138.734
           2401         138.734
           2402         138.734
           2403         138.734
           2404         138.734
           2405         138.734
           2406         138.734
           2407         138.734
           2408         138.734
           2409         138.734
           2410         138.734
           2460         136.780
           2461         136.780
           2462         136.780
           2463         136.780
           2464         136.780
           2465         136.780
           2466         136.780
           2467         136.780
           2468         136.780
           2469         136.780
           2470         136.780
           2471         136.780
           2472         136.780
           2473         136.780
           2474         136.780
           2475         136.780
           2476         136.780
           2477         136.780
           2478         136.780
           2479         136.780
           2480         135.803
           2481         135.803
           2482         135.803
           2483         135.803
           2484         135.803
           2485         135.803
           2486         135.803
           2487         135.803
           2488         135.803
           2489         135.803
           2490         135.803
           2491         135.803
           2492         135.803
           2493         135.803
           2494         135.803
           2495         135.803
           2496         135.803
           2497         135.803
           2498         135.803
           2499         135.803
           2500         135.803
           2501         135.803
           2502         135.803
           2503         135.803
           2504         135.803
           2505         135.803
           2506         135.803
           2507         135.803
           2508         135.803
           2509         135.803
           2510         135.803
           2511         134.826
           2512         134.826
           2513         134.826
           2514         134.826
           2515         134.826
           2516         134.826
           2517         134.826
           2518         134.826
           2519         134.826
           2520         134.826
           2521         134.826
           2522         134.826
           2523         134.826
           2524         134.826
           2525         134.826
           2526         134.826
           2527         134.826
           2528         134.826
           2529         133.849
           2530         133.849
           2531         133.849
           2532         133.849
           2533         133.849
           2534         133.849
           2535         133.849
           2536         133.849
           2537         133.849
           2538         133.849
           2539         133.849
           2540         133.849
           2541         133.849
           2542         133.849
           2543         133.849
           2544         133.849
           2545         133.849
           2546         133.849
           2547         133.849
           2548         133.849
           2549         132.872
           2550         132.872
           2551         132.872
           2552         132.872
           2553         132.872
           2554         132.872
           2555         132.872
           2556         132.872
           2557         132.872
           2558         132.872
           2559         132.872
           2560         132.872
           2561         132.872
           2562         132.872
           2563         132.872
           2564         131.895
           2565         131.895
           2566         131.895
           2567         131.895
           2568         131.895
           2569         131.895
           2570         131.895
           2571         130.918
           2572         130.918
           2573         130.918
           2574         130.918
           2575         130.918
           2576         130.918
           2577         130.918
           2578         130.918
           2579         130.918
           2580         130.918
           2581         130.918
           2582         130.918
           2583         129.941
           2584         129.941
           2585         129.941
           2586         129.941
           2587         129.941
           2588         129.941
           2589         129.941
           2590         129.941
           2591         129.941
           2592         129.941
           2593         129.941
           2594         129.941
           2595         129.941
           2596         129.941
           2597         129.941
           2598         129.941
           2599         129.941
           2600         129.941
           2601         129.941
           2602         129.941
           2603         129.941
           2604         129.941
           2605         129.941
           2606         129.941
           2607         129.941
           2608         129.941
           2609         129.941
           2610         128.964
           2611         128.964
           2612         128.964
           2613         128.964
           2614         128.964
           2615         128.964
           2616         128.964
           2617         128.964
           2618         128.964
           2619         128.964
           2620         128.964
           2621         128.964
           2622         128.964
           2623         128.964
           2624         128.964
           2625         128.964
           2626         128.964
           2627         128.964
           2628         128.964
           2629         127.987
           2630         127.987
           2631         127.987
           2632         127.987
           2633         127.987
           2634         127.987
           2635         127.987
           2636         127.987
           2637         127.987
           2638         127.987
           2639         127.987
           2640         127.987
           2641         127.987
           2642         127.010
           2643         127.010
           2644         127.010
           2645         127.010
           2646         127.010
           2647         127.010
           2648         127.010
           2649         126.033
           2650         126.033
           2651         126.033
           2652         126.033
           2653         126.033
           2654         126.033
           2655         126.033
           2656         125.056
           2657         125.056
           2658         125.056
           2659         125.056
           2660         125.056
           2661         125.056
           2662         125.056
           2663         125.056
           2664         125.056
           2665         125.056
           2666         125.056
           2667         125.056
           2668         125.056
           2669         125.056
           2670         125.056
           2671         125.056
           2672         125.056
           2673         125.056
           2674         125.056
           2675         124.079
           2676         124.079
           2677         124.079
           2678         124.079
           2679         124.079
           2680         124.079
           2681         124.079
           2682         124.079
           2683         124.079
           2684         124.079
           2685         124.079
           2686         124.079
           2687         124.079
           2688         124.079
           2689         124.079
           2690         124.079
           2691         124.079
           2692         124.079
           2693         124.079
           2694         124.079
           2695         124.079
           2696         123.102
           2697         123.102
           2698         123.102
           2699         123.102
           2700         123.102
           2701         123.102
           2702         123.102
           2703         123.102
           2704         123.102
           2705         123.102
           2706         123.102
           2707         123.102
           2708         123.102
           2709         123.102
           2710         123.102
           2711         122.125
           2712         122.125
           2713         122.125
           2714         122.125
           2715         122.125
           2716         122.125
           2717         122.125
           2718         122.125
           2719         122.125
           2720         122.125
           2721         122.125
           2722         122.125
           2723         122.125
           2724         122.125
           2725         122.125
           2726         121.148
           2727         121.148
           2728         121.148
           2729         121.148
           2730         121.148
           2731         121.148
           2732         121.148
           2733         121.148
           2734         121.148
           2735         121.148
           2736         121.148
           2737         121.148
           2738         121.148
           2739         121.148
           2740         121.148
           2741         121.148
           2742         121.148
           2743         121.148
           2744         121.148
           2745         121.148
           2746         121.148
           2747         121.148
           2748         121.148
           2749         121.148
           2750         121.148
           2751         121.148
           2752         121.148
           2753         121.148
           2754         121.148
           2755         121.148
           2756         120.171
           2757         120.171
           2758         120.171
           2759         120.171
           2760         120.171
           2761         120.171
           2762         120.171
           2763         120.171
           2764         120.171
           2765         120.171
           2766         120.171
           2767         120.171
           2768         120.171
           2769         120.171
           2770         120.171
           2771         120.171
           2772         120.171
           2773         120.171
           2774         120.171
           2775         119.194
           2776         119.194
           2777         119.194
           2778         119.194
           2779         119.194
           2780         119.194
           2781         119.194
           2782         118.217
           2783         118.217
           2784         118.217
           2785         118.217
           2786         118.217
           2787         118.217
           2788         118.217
           2789         118.217
           2790         118.217
           2791         117.240
           2792         117.240
           2793         117.240
           2794         117.240
           2795         117.240
           2796         117.240
           2797         117.240
           2798         117.240
           2799         117.240
           2800         117.240
           2801         117.240
           2802         117.240
           2803         117.240
           2804         117.240
           2805         117.240
           2806         117.240
           2807         117.240
           2808         117.240
           2809         117.240
           2810         117.240
           2811         117.240
           2812         117.240
           2813         117.240
           2814         117.240
           2815         117.240
           2816         117.240
           2817         117.240
           2818         117.240
           2819         117.240
           2820         117.240
           2821         117.240
           2822         117.240
           2823         116.263
           2824         116.263
           2825         116.263
           2826         116.263
           2827         116.263
           2828         116.263
           2829         116.263
           2830         116.263
           2831         116.263
           2832         116.263
           2833         116.263
           2834         116.263
           2835         116.263
           2836         116.263
           2837         116.263
           2838         116.263
           2839         115.286
           2840         115.286
           2841         115.286
           2842         115.286
           2843         115.286
           2844         115.286
           2845         115.286
           2846         115.286
           2847         115.286
           2848         115.286
           2849         115.286
           2850         114.309
           2851         114.309
           2852         114.309
           2853         114.309
           2854         114.309
           2855         114.309
           2856         114.309
           2857         113.332
           2858         113.332
           2859         113.332
           2860         113.332
           2861         113.332
           2862         113.332
           2863         113.332
           2864         112.355
           2865         112.355
