TRACENO
              1         126.033
              2         126.033
              3         126.033
              4         126.033
              5         126.033
              6         126.033
              7         125.056
              8         125.056
              9         125.056
             10         125.056
             11         125.056
             12         125.056
             13         125.056
             14         125.056
             15         125.056
             16         125.056
             17         125.056
             18         125.056
             19         125.056
             20         125.056
             21         125.056
             22         125.056
             23         125.056
             24         124.079
             25         124.079
             26         124.079
             27         124.079
             28         124.079
             29         124.079
             30         124.079
             31         123.102
             32         123.102
             33         123.102
             34         123.102
             35         123.102
             36         123.102
             37         123.102
             38         122.125
             39         122.125
             40         122.125
             41         122.125
             42         122.125
             43         122.125
             44         121.148
             45         121.148
             46         121.148
             47         121.148
             48         121.148
             49         121.148
             50         121.148
             51         120.171
             52         120.171
             53         120.171
             54         120.171
             55         120.171
             56         120.171
             57         120.171
             58         120.171
             59         120.171
             60         120.171
             61         120.171
             62         120.171
             63         120.171
             64         119.194
             65         119.194
             66         119.194
             67         119.194
             68         119.194
             69         119.194
             70         119.194
             71         119.194
             72         119.194
             73         119.194
             74         119.194
             75         118.217
             76         118.217
             77         118.217
             78         118.217
             79         118.217
             80         118.217
             81         118.217
             82         118.217
             83         118.217
             84         118.217
             85         118.217
             86         118.217
             87         118.217
             88         118.217
             89         118.217
             90         118.217
             91         118.217
             92         118.217
             93         118.217
             94         118.217
             95         118.217
             96         118.217
             97         118.217
             98         118.217
             99         118.217
            100         117.240
            101         117.240
            102         117.240
            103         117.240
            104         117.240
            105         117.240
            106         117.240
            107         117.240
            108         117.240
            109         117.240
            110         117.240
            111         117.240
            112         117.240
            113         117.240
            114         117.240
            115         117.240
            116         117.240
            117         117.240
            118         116.263
            119         116.263
            120         116.263
            121         116.263
            122         116.263
            123         116.263
            124         116.263
            125         116.263
            126         116.263
            127         116.263
            128         116.263
            129         116.263
            130         116.263
            131         116.263
            132         116.263
            133         116.263
            134         116.263
            135         116.263
            136         115.286
            137         115.286
            138         115.286
            139         115.286
            140         115.286
            141         115.286
            142         115.286
            143         115.286
            144         115.286
            145         115.286
            146         115.286
            147         115.286
            148         115.286
            149         115.286
            150         115.286
            151         115.286
            152         115.286
            153         115.286
            154         114.309
            155         114.309
            156         114.309
            157         114.309
            158         114.309
            159         114.309
            160         114.309
            161         114.309
            162         114.309
            163         114.309
            164         114.309
            165         114.309
            166         114.309
            167         113.332
            168         113.332
            169         113.332
            170         113.332
            171         113.332
            172         113.332
            173         113.332
            174         113.332
            175         113.332
            176         113.332
            177         113.332
            178         112.355
            179         112.355
            180         112.355
            181         112.355
            182         112.355
            183         112.355
            184         112.355
            185         112.355
            186         112.355
            187         112.355
            188         112.355
            189         112.355
            190         111.378
            191         111.378
            192         111.378
            193         111.378
            194         111.378
            195         111.378
            196         111.378
            197         111.378
            198         111.378
            199         111.378
            200         110.401
            201         110.401
            202         110.401
            203         110.401
            204         110.401
            205         110.401
            206         110.401
            207         109.424
            208         109.424
            209         109.424
            210         109.424
            211         109.424
            212         109.424
            213         109.424
            214         108.447
            215         108.447
            216         108.447
            217         108.447
            218         108.447
            219         108.447
            220         108.447
            221         107.470
            222         107.470
            223         107.470
            224         107.470
            225         107.470
            226         107.470
            227         107.470
            228         106.493
            229         106.493
            230         106.493
            231         106.493
            232         106.493
            233         106.493
            234         106.493
            235         105.516
            236         105.516
            237         105.516
            238         105.516
            239         105.516
            240         105.516
            241         105.516
            242         104.539
            243         104.539
            244         104.539
            245         104.539
            246         104.539
            247         104.539
            248         104.539
            249         104.539
            250         104.539
            251         103.562
            252         103.562
            253         103.562
            254         103.562
            255         103.562
            256         103.562
            257         103.562
            258         103.562
            259         103.562
            260         103.562
            261         103.562
            262         102.585
            263         102.585
            264         102.585
            265         102.585
            266         102.585
            267         102.585
            268         102.585
            269         102.585
            270         102.585
            271         102.585
            272         102.585
            273         102.585
            274         101.608
            275         101.608
            276         101.608
            277         101.608
            278         101.608
            279         101.608
            280         101.608
            281         101.608
            282         101.608
            283         101.608
            284         101.608
            285         100.631
            286         100.631
            287         100.631
            288         100.631
            289         100.631
            290         100.631
            291         100.631
            292         100.631
            293         100.631
            294         100.631
            295         100.631
            296          99.654
            297          99.654
            298          99.654
            299          99.654
            300          99.654
            301          99.654
            302          99.654
            303          99.654
            304          99.654
            305          98.677
            306          98.677
            307          98.677
            308          98.677
            309          98.677
            310          98.677
            311          98.677
            312          98.677
            313          97.700
            314          97.700
            315          97.700
            316          97.700
            317          97.700
            318          97.700
            319          97.700
            320          97.700
            321          96.723
            322          96.723
            323          96.723
            324          96.723
            325          96.723
            326          96.723
            327          96.723
            328          95.746
            329          95.746
            330          95.746
            331          95.746
            332          95.746
            333          95.746
            334          95.746
            335          95.746
            336          94.769
            337          94.769
            338          94.769
            339          94.769
            340          94.769
            341          94.769
            342          94.769
            343          94.769
            344          94.769
            345          94.769
            346          93.792
            347          93.792
            348          93.792
            349          93.792
            350          93.792
            351          93.792
            352          93.792
            353          93.792
            354          93.792
            355          93.792
            356          92.815
            357          92.815
            358          92.815
            359          92.815
            360          92.815
            361          92.815
            362          92.815
            363          92.815
            364          92.815
            365          92.815
            366          92.815
            367          91.838
            368          91.838
            369          91.838
            370          91.838
            371          91.838
            372          91.838
            373          91.838
            374          91.838
            375          91.838
            376          91.838
            377          91.838
            378          91.838
            379          91.838
            380          91.838
            381          91.838
            382          91.838
            383          91.838
            384          91.838
            385          91.838
            386          91.838
            387          91.838
            388          91.838
            389          91.838
            390          90.861
            391          90.861
            392          90.861
            393          90.861
            394          90.861
            395          90.861
            396          90.861
            397          90.861
            398          90.861
            399          90.861
            400          90.861
            401          90.861
            402          90.861
            403          90.861
            404          90.861
            405          90.861
            406          90.861
            407          90.861
            408          90.861
            409          90.861
            410          90.861
            411          90.861
            412          90.861
            413          90.861
            414          90.861
            415          90.861
            416          90.861
            417          90.861
            418          90.861
            419          90.861
            420          90.861
            421          90.861
            422          90.861
            423          90.861
            424          89.884
            425          89.884
            426          89.884
            427          89.884
            428          89.884
            429          89.884
            430          89.884
            431          89.884
            432          89.884
            433          89.884
            434          89.884
            435          89.884
            436          89.884
            437          89.884
            438          89.884
            439          89.884
            440          89.884
            441          89.884
            442          89.884
            443          89.884
            444          89.884
            445          89.884
            446          89.884
            447          89.884
            448          89.884
            449          89.884
            450          89.884
            451          89.884
            452          89.884
            453          89.884
            454          88.907
            455          88.907
            456          88.907
            457          88.907
            458          88.907
            459          88.907
            460          88.907
            461          88.907
            462          88.907
            463          88.907
            464          87.930
            465          87.930
            466          87.930
            467          87.930
            468          87.930
            469          87.930
            470          87.930
            471          87.930
            472          87.930
            473          87.930
