TRACENO
              1         161.205
              2         160.228
              3         161.205
              4         161.205
              5         161.205
              6         161.205
              7         161.205
              8         161.205
              9         161.205
             10         161.205
             11         161.205
             12         161.205
             13         161.205
             14         161.205
             15         161.205
             16         161.205
             17         161.205
             18         161.205
             19         161.205
             20         161.205
             21         161.205
             22         161.205
             23         161.205
             24         161.205
             25         161.205
             26         161.205
             27         161.205
             28         161.205
             29         161.205
             30         162.182
             31         162.182
             32         162.182
             33         162.182
             34         162.182
             35         162.182
             36         162.182
             37         162.182
             38         162.182
             39         162.182
             40         162.182
             41         162.182
             42         162.182
             43         162.182
             44         162.182
             45         162.182
             46         162.182
             47         162.182
             48         162.182
             49         162.182
             50         162.182
             51         162.182
             52         162.182
             53         162.182
             54         162.182
             55         162.182
             56         163.159
             57         163.159
             58         163.159
             59         163.159
             60         163.159
             61         163.159
             62         163.159
             63         163.159
             64         163.159
             65         163.159
             66         163.159
             67         163.159
             68         163.159
             69         163.159
             70         163.159
             71         163.159
             72         163.159
             73         163.159
             74         163.159
             75         163.159
             76         163.159
             77         163.159
             78         163.159
             79         163.159
             80         163.159
             81         164.136
             82         164.136
             83         164.136
             84         164.136
             85         164.136
             86         164.136
             87         164.136
             88         164.136
             89         164.136
             90         164.136
             91         165.113
             92         165.113
             93         165.113
             94         165.113
             95         165.113
             96         165.113
             97         165.113
             98         165.113
             99         165.113
            100         165.113
            101         166.090
            102         166.090
            103         166.090
            104         166.090
            105         166.090
            106         166.090
            107         166.090
            108         166.090
            109         166.090
            110         166.090
            111         166.090
            112         166.090
            113         166.090
            114         166.090
            115         167.067
            116         167.067
            117         167.067
            118         167.067
            119         167.067
            120         167.067
            121         167.067
            122         167.067
            123         167.067
            124         167.067
            125         167.067
            126         167.067
            127         167.067
            128         167.067
            129         167.067
            130         167.067
            131         167.067
            132         167.067
            133         167.067
            134         167.067
            135         168.044
            136         168.044
            137         168.044
            138         168.044
            139         168.044
            140         168.044
            141         168.044
            142         168.044
            143         168.044
            144         168.044
            145         168.044
            146         168.044
            147         168.044
            148         168.044
            149         168.044
            150         168.044
            151         168.044
            152         168.044
            153         168.044
            154         168.044
            155         168.044
            156         168.044
            157         168.044
            158         168.044
            159         168.044
            160         168.044
            161         168.044
            162         168.044
            163         168.044
            164         168.044
            165         168.044
            166         168.044
            167         168.044
            168         168.044
            169         168.044
            170         168.044
            171         168.044
            172         168.044
            173         168.044
            174         168.044
            175         168.044
            176         168.044
            177         168.044
            178         168.044
            179         168.044
            180         168.044
            181         168.044
            182         168.044
            183         168.044
            184         168.044
            185         168.044
            186         168.044
            187         168.044
            188         168.044
            189         168.044
            190         168.044
            191         168.044
            192         168.044
            193         168.044
            194         168.044
            195         168.044
            196         168.044
            197         168.044
            198         168.044
            199         169.021
            200         169.021
            201         169.021
            202         169.021
            203         169.021
            204         169.021
            205         169.021
            206         169.021
            207         169.021
            208         169.021
            209         169.021
            210         169.021
            211         169.021
            212         169.021
            213         169.021
            214         169.021
            215         169.021
            216         169.021
            217         169.021
            218         169.998
            219         169.998
            220         169.998
            221         169.998
            222         169.998
            223         169.998
            224         169.998
            225         169.998
            226         169.998
            227         169.998
            228         169.998
            229         169.998
            230         169.998
            231         169.998
            232         169.998
            233         169.998
            234         169.998
            235         169.998
            236         169.998
            237         169.998
            238         169.998
            239         169.998
            240         169.998
            241         169.998
            242         169.998
            243         169.998
            244         169.998
            245         169.998
            246         169.998
            247         169.998
            248         169.998
            249         169.998
            250         169.998
            251         169.998
            252         169.998
            253         169.998
            254         169.998
            255         169.998
            256         169.998
            257         169.998
            258         169.998
            259         169.998
            260         169.998
            261         169.998
            262         169.998
            263         169.998
            264         170.975
            265         170.975
            266         170.975
            267         170.975
            268         170.975
            269         170.975
            270         170.975
            271         170.975
            272         170.975
            273         170.975
            274         170.975
            275         170.975
            276         170.975
            277         170.975
            278         170.975
            279         170.975
            280         170.975
            281         170.975
            282         170.975
            283         170.975
            284         170.975
            285         170.975
            286         170.975
            287         170.975
            288         171.952
            289         170.975
            290         170.975
            291         170.975
            292         170.975
            293         170.975
            294         170.975
            295         170.975
            296         170.975
            297         170.975
            298         170.975
            299         170.975
            300         170.975
            301         170.975
            302         170.975
            303         170.975
            304         170.975
            305         170.975
            306         170.975
            307         170.975
            308         170.975
            309         170.975
            310         169.998
            311         169.998
            312         169.998
            313         169.998
            314         169.998
            315         169.998
            316         169.998
            317         169.998
            318         170.975
            319         170.975
            320         171.952
            321         170.975
            322         170.975
            323         170.975
            324         170.975
            325         170.975
            326         169.998
            327         169.998
            328         169.998
            329         169.998
            330         169.998
            331         169.998
            332         169.998
            333         169.998
            334         169.998
            335         169.998
            336         169.998
            337         169.998
            338         169.998
            339         169.021
            340         169.021
            341         169.021
            342         169.021
            343         169.021
            344         169.021
            345         169.021
            346         169.021
            347         169.021
            348         169.021
            349         169.021
            350         169.021
            351         169.021
            352         169.021
            353         169.021
            354         169.021
            355         169.021
            356         169.021
            357         169.021
            358         169.021
            359         169.021
            360         169.021
            361         169.021
            362         169.021
            363         169.021
            364         169.021
            365         169.021
            366         169.021
            367         169.021
            368         169.021
            369         169.021
            370         169.021
            371         169.021
            372         169.021
            373         168.044
            374         168.044
            375         168.044
            376         168.044
            377         168.044
            378         168.044
            379         168.044
            380         168.044
            381         168.044
            382         168.044
            383         168.044
            384         168.044
            385         168.044
            386         168.044
            387         168.044
            388         168.044
            389         167.067
            390         167.067
            391         168.044
            392         168.044
            393         168.044
            394         168.044
            395         168.044
            396         168.044
            397         168.044
            398         168.044
            399         168.044
            400         168.044
            401         168.044
            402         168.044
            403         168.044
            404         168.044
            405         168.044
            406         168.044
            407         168.044
            408         168.044
            409         168.044
            410         168.044
            411         168.044
            412         168.044
            413         168.044
            414         168.044
            415         168.044
            416         168.044
            417         168.044
            418         168.044
            419         168.044
            420         168.044
            421         168.044
            422         168.044
            423         168.044
            424         168.044
            425         167.067
            426         167.067
            427         168.044
            428         168.044
            429         168.044
            430         168.044
            431         168.044
            432         168.044
            433         168.044
            434         168.044
            435         168.044
            436         168.044
            437         168.044
            438         168.044
            439         168.044
            440         168.044
            441         168.044
            442         167.067
            443         167.067
            444         167.067
            445         167.067
            446         167.067
            447         167.067
            448         167.067
            449         167.067
            450         167.067
            451         167.067
            452         167.067
            453         167.067
            454         167.067
            455         167.067
            456         167.067
            457         167.067
            458         166.090
            459         166.090
            460         166.090
            461         166.090
            462         166.090
            463         166.090
            464         166.090
            465         166.090
            466         166.090
            467         166.090
            468         166.090
            469         166.090
            470         166.090
            471         166.090
            472         166.090
            473         166.090
            474         166.090
            475         166.090
            476         166.090
            477         166.090
            478         166.090
            479         166.090
            480         166.090
            481         166.090
            482         166.090
            483         166.090
            484         166.090
            485         166.090
            486         166.090
            487         166.090
            488         166.090
            489         166.090
            490         166.090
            491         166.090
            492         165.113
            493         165.113
            494         165.113
            495         165.113
            496         165.113
            497         165.113
            498         164.136
            499         164.136
            500         164.136
            501         164.136
            502         164.136
            503         164.136
            504         164.136
            505         164.136
            506         164.136
            507         164.136
            508         164.136
            509         164.136
            510         164.136
            511         164.136
            512         164.136
            513         164.136
            514         164.136
            515         164.136
            516         164.136
            517         164.136
            518         164.136
            519         164.136
            520         164.136
            521         164.136
            522         164.136
            523         164.136
            524         164.136
            525         163.159
            526         163.159
            527         163.159
            528         163.159
            529         163.159
            530         163.159
            531         163.159
            532         163.159
            533         163.159
            534         163.159
            535         163.159
            536         163.159
            537         163.159
            538         163.159
            539         163.159
            540         163.159
            541         162.182
            542         162.182
            543         162.182
            544         162.182
            545         162.182
            546         162.182
            547         162.182
            548         162.182
            549         162.182
            550         162.182
            551         162.182
            552         162.182
            553         162.182
            554         162.182
            555         162.182
            556         162.182
            557         162.182
            558         161.205
            559         161.205
            560         161.205
            561         161.205
            562         161.205
            563         161.205
            564         161.205
            565         161.205
            566         161.205
            567         161.205
            568         161.205
            569         161.205
            570         161.205
            571         161.205
            572         161.205
            573         161.205
            574         161.205
            575         160.228
            576         160.228
            577         160.228
            578         160.228
            579         160.228
            580         160.228
            581         160.228
            582         160.228
            583         160.228
            584         160.228
            585         160.228
            586         160.228
            587         160.228
            588         160.228
            589         159.251
            590         159.251
            591         159.251
            592         159.251
            593         159.251
            594         159.251
            595         159.251
            596         159.251
            597         159.251
            598         159.251
            599         159.251
            600         159.251
            601         159.251
            602         158.274
            603         158.274
            604         158.274
            605         158.274
            606         158.274
            607         158.274
            608         158.274
            609         158.274
            610         158.274
            611         158.274
            612         158.274
            613         158.274
            614         158.274
            615         158.274
            616         158.274
            617         157.297
            618         157.297
            619         157.297
            620         157.297
            621         157.297
            622         157.297
            623         157.297
            624         157.297
            625         157.297
            626         157.297
            627         157.297
            628         157.297
            629         157.297
            630         157.297
            631         157.297
            632         156.320
            633         156.320
            634         156.320
            635         156.320
            636         156.320
            637         156.320
            638         156.320
            639         156.320
            640         156.320
            641         155.343
            642         155.343
            643         155.343
            644         155.343
            645         155.343
            646         155.343
            647         155.343
            648         155.343
            649         155.343
            650         154.366
            651         154.366
            652         154.366
            653         154.366
            654         154.366
            655         154.366
            656         154.366
            657         154.366
            658         154.366
            659         153.389
            660         153.389
            661         153.389
            662         153.389
            663         153.389
            664         153.389
            665         153.389
            666         153.389
            667         153.389
            668         153.389
            669         153.389
            670         153.389
            671         153.389
            672         152.412
            673         152.412
            674         152.412
            675         152.412
            676         152.412
            677         152.412
            678         152.412
            679         152.412
            680         152.412
            681         152.412
            682         152.412
            683         152.412
            684         152.412
            685         152.412
            686         151.435
            687         151.435
            688         151.435
            689         151.435
            690         151.435
            691         151.435
            692         151.435
            693         151.435
            694         151.435
            695         151.435
            696         151.435
            697         151.435
            698         151.435
            699         151.435
            700         150.458
            701         150.458
            702         150.458
            703         150.458
            704         150.458
            705         150.458
            706         150.458
            707         150.458
            708         150.458
            709         150.458
            710         150.458
            711         150.458
            712         150.458
            713         150.458
            714         149.481
            715         149.481
            716         149.481
            717         149.481
            718         149.481
            719         149.481
            720         149.481
            721         149.481
            722         149.481
            723         149.481
            724         149.481
            725         149.481
            726         149.481
            727         149.481
            728         149.481
            729         149.481
            730         149.481
            731         149.481
            732         149.481
            733         149.481
            734         149.481
            735         149.481
            736         149.481
            737         149.481
            738         149.481
            739         149.481
            740         149.481
            741         149.481
            742         149.481
            743         149.481
            744         150.458
            745         150.458
            746         150.458
            747         150.458
            748         150.458
            749         150.458
            750         150.458
            751         150.458
            752         150.458
            753         150.458
            754         150.458
            755         150.458
            756         150.458
            757         150.458
            758         150.458
            759         150.458
            760         150.458
            761         150.458
            762         150.458
            763         149.481
            764         149.481
            765         149.481
            766         149.481
            767         149.481
            768         149.481
            769         148.504
            770         148.504
            771         148.504
            772         148.504
            773         148.504
            774         147.527
            775         147.527
            776         147.527
            777         147.527
            778         147.527
            779         147.527
            780         147.527
            781         147.527
            782         146.550
            783         146.550
            784         146.550
            785         146.550
            786         146.550
            787         146.550
            788         146.550
            789         146.550
            790         146.550
            791         146.550
            792         145.573
            793         145.573
            794         145.573
            795         145.573
            796         145.573
            797         145.573
            798         145.573
            799         145.573
            800         145.573
            801         144.596
            802         144.596
            803         144.596
            804         144.596
            805         144.596
            806         144.596
            807         144.596
            808         144.596
            809         144.596
            810         144.596
            811         143.619
            812         143.619
            813         143.619
            814         143.619
            815         143.619
            816         143.619
            817         143.619
            818         143.619
            819         142.642
            820         142.642
            821         142.642
            822         142.642
            823         142.642
            824         142.642
            825         142.642
            826         141.665
            827         141.665
            828         141.665
            829         141.665
            830         141.665
            831         141.665
            832         141.665
            833         141.665
            834         140.688
            835         140.688
            836         140.688
            837         140.688
            838         140.688
            839         140.688
            840         140.688
            841         139.711
            842         139.711
            843         139.711
            844         139.711
            845         139.711
            846         139.711
            847         139.711
            848         139.711
            849         139.711
            850         138.734
            851         138.734
            852         138.734
            853         138.734
            854         138.734
            855         138.734
            856         138.734
            857         138.734
            858         138.734
            859         137.757
            860         137.757
            861         137.757
            862         137.757
            863         137.757
            864         137.757
            865         137.757
            866         137.757
            867         137.757
            868         136.780
            869         136.780
            870         136.780
            871         136.780
            872         136.780
            873         136.780
            874         136.780
            875         136.780
            876         136.780
            877         136.780
            878         135.803
            879         135.803
            880         135.803
            881         135.803
            882         135.803
            883         135.803
            884         135.803
            885         135.803
            886         135.803
            887         135.803
            888         135.803
            889         135.803
            890         135.803
            891         135.803
            892         135.803
            893         135.803
            894         134.826
            895         134.826
            896         134.826
            897         134.826
            898         133.849
            899         133.849
            900         133.849
            901         133.849
            902         133.849
            903         132.872
            904         132.872
            905         132.872
            906         132.872
            907         131.895
            908         131.895
            909         131.895
            910         131.895
            911         131.895
            912         131.895
            913         131.895
            914         131.895
            915         131.895
            916         131.895
            917         131.895
            918         131.895
            919         131.895
            920         131.895
            921         131.895
            922         131.895
            923         131.895
            924         131.895
            925         131.895
            926         130.918
            927         130.918
            928         130.918
            929         130.918
            930         130.918
            931         130.918
            932         130.918
            933         129.941
            934         129.941
            935         129.941
            936         129.941
            937         129.941
            938         129.941
            939         129.941
            940         129.941
            941         129.941
            942         128.964
            943         128.964
            944         128.964
            945         128.964
            946         128.964
            947         128.964
            948         128.964
            949         128.964
            950         127.987
            951         127.987
            952         127.987
            953         127.987
            954         127.987
            955         127.987
            956         127.987
            957         127.987
            958         127.987
            959         127.010
            960         127.010
            961         127.010
            962         127.010
            963         127.010
            964         127.010
            965         127.010
            966         127.010
            967         127.010
            968         126.033
            969         126.033
            970         126.033
            971         126.033
            972         126.033
            973         126.033
            974         126.033
            975         126.033
            976         126.033
            977         126.033
            978         126.033
            979         126.033
            980         126.033
            981         126.033
            982         126.033
            983         126.033
            984         125.056
            985         125.056
            986         125.056
            987         125.056
            988         125.056
            989         125.056
            990         125.056
            991         125.056
            992         125.056
            993         125.056
            994         125.056
            995         125.056
            996         125.056
            997         125.056
            998         125.056
            999         125.056
           1000         125.056
           1001         124.079
           1002         124.079
           1003         124.079
           1004         124.079
           1005         124.079
           1006         124.079
           1007         124.079
           1008         124.079
           1009         124.079
           1010         124.079
           1011         124.079
           1012         124.079
           1013         124.079
           1014         124.079
           1015         124.079
           1016         124.079
           1017         124.079
           1018         123.102
           1019         123.102
           1020         123.102
           1021         123.102
           1022         123.102
           1023         123.102
           1024         123.102
           1025         123.102
           1026         123.102
           1027         123.102
           1028         122.125
           1029         122.125
           1030         122.125
           1031         122.125
           1032         122.125
           1033         122.125
           1034         122.125
           1035         122.125
           1036         122.125
           1037         122.125
           1038         122.125
           1039         122.125
           1040         122.125
           1041         122.125
           1042         122.125
           1043         122.125
           1044         122.125
           1045         122.125
           1046         122.125
           1047         122.125
           1048         122.125
           1049         122.125
           1050         122.125
           1051         122.125
           1052         122.125
           1053         122.125
           1054         122.125
           1055         122.125
           1056         122.125
           1057         121.148
           1058         121.148
           1059         121.148
           1060         121.148
           1061         121.148
           1062         121.148
           1063         121.148
           1064         121.148
           1065         121.148
           1066         121.148
           1067         121.148
           1068         121.148
           1069         122.125
           1070         122.125
           1071         122.125
           1072         122.125
           1073         122.125
           1074         122.125
           1075         122.125
           1076         122.125
           1077         122.125
           1078         122.125
           1079         122.125
           1080         122.125
           1081         122.125
           1082         122.125
           1083         122.125
           1084         122.125
           1085         122.125
           1086         122.125
           1087         122.125
           1088         122.125
           1089         122.125
           1090         122.125
           1091         122.125
           1092         122.125
           1093         122.125
           1094         122.125
           1095         122.125
           1096         122.125
           1097         122.125
           1098         122.125
           1099         122.125
           1100         122.125
           1101         122.125
           1102         122.125
           1103         122.125
           1104         122.125
           1105         122.125
           1106         122.125
           1107         122.125
           1108         122.125
           1109         122.125
           1110         122.125
           1111         122.125
           1112         121.148
           1113         121.148
           1114         121.148
           1115         121.148
           1116         121.148
           1117         121.148
           1118         121.148
           1119         121.148
           1120         121.148
           1121         121.148
           1122         121.148
           1123         121.148
           1124         121.148
           1125         121.148
           1126         121.148
           1127         121.148
           1128         122.125
           1129         122.125
           1130         122.125
           1131         122.125
           1132         122.125
           1133         122.125
           1134         122.125
           1135         123.102
           1136         123.102
           1137         123.102
           1138         123.102
           1139         123.102
           1140         123.102
           1141         123.102
           1142         123.102
           1143         123.102
           1144         123.102
           1145         123.102
           1146         124.079
           1147         124.079
           1148         124.079
           1149         124.079
           1150         124.079
           1151         124.079
           1152         124.079
           1153         124.079
           1154         124.079
           1155         124.079
           1156         124.079
           1157         124.079
           1158         124.079
           1159         124.079
           1160         124.079
           1161         124.079
           1162         125.056
           1163         125.056
           1164         125.056
           1165         125.056
           1166         125.056
           1167         125.056
           1168         125.056
           1169         125.056
           1170         125.056
           1171         126.033
           1172         126.033
           1173         126.033
           1174         126.033
           1175         126.033
           1176         126.033
           1177         126.033
           1178         127.010
           1179         127.010
           1180         127.010
           1181         127.010
           1182         127.010
           1183         127.010
           1184         127.010
           1185         127.010
           1186         127.010
           1187         127.010
           1188         127.010
           1189         127.010
           1190         127.010
           1191         127.010
           1192         127.010
           1193         127.987
           1194         127.987
           1195         127.987
           1196         127.987
           1197         127.987
           1198         128.964
           1199         128.964
           1200         128.964
           1201         128.964
           1202         128.964
           1203         128.964
           1204         129.941
           1205         129.941
           1206         129.941
           1207         129.941
           1208         129.941
           1209         129.941
           1210         129.941
           1211         130.918
           1212         130.918
           1213         130.918
           1214         130.918
           1215         130.918
           1216         130.918
           1217         130.918
           1218         130.918
           1219         131.895
           1220         131.895
           1221         131.895
           1222         131.895
           1223         131.895
           1224         131.895
           1225         131.895
           1226         132.872
           1227         132.872
           1228         132.872
           1229         132.872
           1230         133.849
           1231         133.849
           1232         133.849
           1233         133.849
           1234         133.849
           1235         134.826
           1236         134.826
           1237         134.826
           1238         134.826
           1239         135.803
           1240         135.803
           1241         135.803
           1242         135.803
           1243         135.803
           1244         136.780
           1245         136.780
           1246         136.780
           1247         136.780
           1248         136.780
           1249         136.780
           1250         137.757
           1251         137.757
           1252         137.757
           1253         137.757
           1254         137.757
           1255         137.757
           1256         137.757
           1257         138.734
           1258         138.734
           1259         138.734
           1260         138.734
           1261         139.711
           1262         139.711
           1263         139.711
           1264         139.711
           1265         140.688
           1266         140.688
           1267         140.688
           1268         140.688
           1269         141.665
           1270         141.665
           1271         141.665
           1272         141.665
           1273         142.642
           1274         142.642
           1275         142.642
           1276         142.642
           1277         142.642
           1278         143.619
           1279         143.619
           1280         143.619
           1281         143.619
           1282         144.596
           1283         144.596
           1284         144.596
           1285         144.596
           1286         144.596
           1287         145.573
           1288         145.573
           1289         145.573
           1290         145.573
           1291         145.573
           1292         146.550
           1293         146.550
           1294         146.550
           1295         146.550
           1296         146.550
           1297         147.527
           1298         147.527
           1299         147.527
           1300         147.527
           1301         148.504
           1302         148.504
           1303         148.504
           1304         148.504
           1305         149.481
           1306         149.481
           1307         149.481
           1308         149.481
           1309         150.458
           1310         150.458
           1311         150.458
           1312         150.458
           1313         151.435
           1314         151.435
           1315         151.435
           1316         151.435
           1317         152.412
           1318         152.412
           1319         152.412
           1320         152.412
           1321         152.412
           1322         153.389
           1323         153.389
           1324         153.389
           1325         153.389
           1326         154.366
           1327         154.366
           1328         154.366
           1329         154.366
           1330         155.343
           1331         155.343
           1332         155.343
           1333         155.343
           1334         155.343
           1335         155.343
           1336         155.343
           1337         156.320
           1338         156.320
           1339         156.320
           1340         156.320
           1341         156.320
           1342         156.320
           1343         156.320
           1344         156.320
           1345         157.297
           1346         157.297
           1347         157.297
           1348         157.297
           1349         157.297
           1350         157.297
           1351         157.297
           1352         158.274
           1353         158.274
           1354         158.274
           1355         158.274
           1356         158.274
           1357         158.274
           1358         158.274
           1359         159.251
           1360         159.251
           1361         159.251
           1362         159.251
           1363         159.251
           1364         159.251
           1365         159.251
           1366         160.228
           1367         160.228
           1368         160.228
           1369         160.228
           1370         160.228
           1371         160.228
           1372         160.228
           1373         161.205
           1374         161.205
           1375         161.205
           1376         161.205
           1377         161.205
           1378         161.205
           1379         161.205
           1380         162.182
           1381         162.182
           1382         162.182
           1383         162.182
           1384         162.182
           1385         162.182
           1386         162.182
           1387         163.159
           1388         163.159
           1389         163.159
           1390         163.159
           1391         163.159
           1392         163.159
           1393         163.159
           1394         163.159
           1395         164.136
           1396         164.136
           1397         164.136
           1398         164.136
           1399         164.136
           1400         164.136
           1401         164.136
           1402         164.136
           1403         164.136
           1404         165.113
           1405         165.113
           1406         165.113
           1407         165.113
           1408         165.113
           1409         165.113
           1410         165.113
           1411         166.090
           1412         166.090
           1413         166.090
           1414         166.090
           1415         166.090
           1416         166.090
           1417         166.090
           1418         166.090
           1419         166.090
           1420         166.090
           1421         167.067
           1422         167.067
           1423         167.067
           1424         167.067
           1425         167.067
           1426         167.067
           1427         167.067
           1428         167.067
           1429         167.067
           1430         167.067
           1431         167.067
           1432         167.067
           1433         167.067
           1434         167.067
           1435         167.067
           1436         168.044
           1437         168.044
           1438         168.044
           1439         167.067
           1440         167.067
           1441         167.067
           1442         167.067
           1443         167.067
           1444         167.067
           1445         167.067
           1446         167.067
           1447         167.067
           1448         167.067
           1449         167.067
           1450         167.067
           1451         168.044
           1452         168.044
           1453         168.044
           1454         168.044
           1455         168.044
           1456         168.044
           1457         168.044
           1458         168.044
           1459         168.044
           1460         168.044
           1461         168.044
           1462         168.044
           1463         168.044
           1464         168.044
           1465         168.044
           1466         168.044
           1467         168.044
           1468         168.044
           1469         168.044
           1470         168.044
           1471         168.044
           1472         168.044
           1473         169.021
           1474         169.021
           1475         169.021
           1476         169.021
           1477         169.021
           1478         169.021
           1479         169.021
           1480         169.021
           1481         169.021
           1482         169.021
           1483         169.021
           1484         169.021
           1485         169.021
           1486         169.021
           1487         169.021
           1488         169.021
           1489         169.021
           1490         169.021
           1491         169.021
           1492         169.021
           1493         169.021
           1494         169.021
           1495         169.021
           1496         169.021
           1497         169.021
           1498         169.021
           1499         169.021
           1500         169.021
           1501         169.021
           1502         169.021
           1503         169.021
           1504         169.021
           1505         169.021
           1506         169.021
           1507         169.021
           1508         169.021
           1509         169.021
           1510         169.021
           1511         169.021
           1512         169.021
           1513         169.021
           1514         169.021
           1515         169.021
           1516         169.021
           1517         169.021
           1518         169.021
           1519         169.021
           1520         169.021
           1521         169.021
           1522         169.021
           1523         169.021
           1524         169.021
           1525         169.021
           1526         169.021
           1527         169.021
           1528         169.021
           1529         169.021
           1530         169.021
           1531         169.021
           1532         169.021
           1533         169.021
           1534         169.021
           1535         169.021
           1536         169.021
           1537         169.021
           1538         169.021
           1539         169.021
           1540         169.021
           1541         169.021
           1542         169.021
           1543         169.021
           1544         169.021
           1545         169.021
           1546         169.021
           1547         169.021
           1548         169.021
           1549         169.021
           1550         169.021
           1551         169.021
           1552         169.021
           1553         169.021
           1554         169.021
           1555         169.021
           1556         169.021
           1557         169.021
           1558         169.021
           1559         169.021
           1560         169.021
           1561         169.021
           1562         169.021
           1563         169.021
           1564         169.021
           1565         169.021
           1566         169.021
           1567         169.021
           1568         169.021
           1569         169.021
           1570         168.044
           1571         168.044
           1572         168.044
           1573         168.044
           1574         168.044
           1575         168.044
           1576         168.044
           1577         168.044
           1578         168.044
           1579         167.067
           1580         167.067
           1581         167.067
           1582         167.067
           1583         167.067
           1584         167.067
           1585         167.067
           1586         167.067
           1587         167.067
           1588         167.067
           1589         167.067
           1590         167.067
           1591         167.067
           1592         167.067
           1593         167.067
           1594         167.067
           1595         167.067
           1596         166.090
           1597         166.090
           1598         166.090
           1599         166.090
           1600         166.090
           1601         166.090
           1602         166.090
           1603         166.090
           1604         166.090
           1605         166.090
           1606         166.090
           1607         166.090
           1608         166.090
           1609         166.090
           1610         166.090
           1611         166.090
           1612         166.090
           1613         166.090
           1614         166.090
           1615         165.113
           1616         165.113
           1617         165.113
           1618         165.113
           1619         165.113
           1620         165.113
           1621         165.113
           1622         165.113
           1623         165.113
           1624         165.113
           1625         165.113
           1626         165.113
           1627         165.113
           1628         165.113
           1629         165.113
           1630         165.113
           1631         165.113
           1632         165.113
           1633         165.113
           1634         165.113
           1635         164.136
           1636         164.136
           1637         164.136
           1638         164.136
           1639         164.136
           1640         164.136
           1641         164.136
           1642         164.136
           1643         164.136
           1644         164.136
           1645         164.136
           1646         164.136
           1647         164.136
           1648         164.136
           1649         164.136
           1650         164.136
           1651         164.136
           1652         164.136
           1653         164.136
           1654         164.136
           1655         163.159
           1656         163.159
           1657         163.159
           1658         163.159
           1659         163.159
           1660         163.159
           1661         163.159
           1662         163.159
           1663         163.159
           1664         163.159
           1665         163.159
           1666         163.159
           1667         163.159
           1668         163.159
           1669         163.159
           1670         163.159
           1671         163.159
           1672         163.159
           1673         163.159
           1674         163.159
           1675         164.136
           1676         164.136
           1677         164.136
           1678         164.136
           1679         164.136
           1680         164.136
           1681         164.136
           1682         164.136
           1683         164.136
           1684         164.136
           1685         164.136
           1686         164.136
           1687         164.136
           1688         164.136
           1689         164.136
           1690         164.136
           1691         163.159
           1692         163.159
           1693         163.159
           1694         163.159
           1695         163.159
           1696         162.182
           1697         162.182
           1698         162.182
           1699         162.182
           1700         162.182
           1701         162.182
           1702         162.182
           1703         162.182
           1704         162.182
           1705         162.182
           1706         162.182
           1707         162.182
           1708         162.182
           1709         162.182
           1710         162.182
           1711         162.182
           1712         162.182
           1713         162.182
           1714         162.182
           1715         162.182
           1716         162.182
           1717         161.205
           1718         161.205
           1719         161.205
           1720         161.205
           1721         161.205
           1722         161.205
           1723         161.205
           1724         161.205
           1725         161.205
           1726         161.205
           1727         161.205
           1728         161.205
           1729         161.205
           1730         161.205
           1731         161.205
           1732         161.205
           1733         161.205
           1734         161.205
           1735         161.205
           1736         161.205
           1737         161.205
           1738         161.205
           1739         161.205
           1740         161.205
           1741         161.205
           1742         161.205
           1743         161.205
           1744         161.205
           1745         161.205
           1746         161.205
           1747         161.205
           1748         161.205
           1749         160.228
           1750         160.228
           1751         160.228
           1752         160.228
           1753         160.228
           1754         160.228
           1755         160.228
           1756         160.228
           1757         160.228
           1758         160.228
           1759         160.228
           1760         160.228
           1761         160.228
           1762         160.228
           1763         160.228
           1764         160.228
           1765         160.228
           1766         160.228
           1767         160.228
           1768         160.228
           1769         160.228
           1770         159.251
           1771         159.251
           1772         160.228
           1773         160.228
           1774         160.228
           1775         161.205
           1776         161.205
           1777         161.205
           1778         161.205
           1779         161.205
           1780         161.205
           1781         161.205
           1782         161.205
           1783         161.205
           1784         161.205
           1785         160.228
           1786         160.228
           1787         160.228
           1788         160.228
           1789         160.228
           1790         160.228
