TRACENO
              1         198.331
              2         198.331
              3         198.331
              4         198.331
              5         197.354
              6         197.354
              7         197.354
              8         197.354
              9         197.354
             10         197.354
             11         197.354
             12         197.354
             13         197.354
             14         197.354
             15         197.354
             16         197.354
             17         197.354
             18         197.354
             19         197.354
             20         197.354
             21         197.354
             22         197.354
             23         197.354
             24         198.331
             25         198.331
             26         198.331
             27         199.308
             28         199.308
             29         199.308
             30         199.308
             31         199.308
             32         199.308
             33         199.308
             34         199.308
             35         200.285
             36         200.285
             37         200.285
             38         200.285
             39         200.285
             40         200.285
             41         200.285
             42         200.285
             43         200.285
             44         201.262
             45         201.262
             46         201.262
             47         201.262
             48         201.262
             49         201.262
             50         201.262
             51         201.262
             52         201.262
             53         201.262
             54         201.262
             55         201.262
             56         201.262
             57         201.262
             58         201.262
             59         201.262
             60         200.285
             61         200.285
             62         200.285
             63         200.285
             64         200.285
             65         200.285
             66         200.285
             67         200.285
             68         200.285
             69         200.285
             70         200.285
             71         200.285
             72         200.285
             73         200.285
             74         201.262
             75         201.262
             76         201.262
             77         201.262
             78         201.262
             79         202.239
             80         202.239
             81         202.239
             82         202.239
             83         202.239
             84         202.239
             85         203.216
             86         203.216
             87         203.216
             88         203.216
             89         203.216
             90         203.216
             91         204.193
             92         204.193
             93         204.193
             94         204.193
             95         204.193
             96         204.193
             97         204.193
             98         204.193
             99         204.193
            100         204.193
            101         204.193
            102         204.193
            103         204.193
            104         204.193
            105         204.193
            106         204.193
            107         204.193
            108         205.170
            109         205.170
            110         205.170
            111         205.170
            112         205.170
            113         205.170
            114         205.170
            115         205.170
            116         205.170
            117         205.170
            118         205.170
            119         205.170
            120         205.170
            121         205.170
            122         205.170
            123         205.170
            124         205.170
            125         205.170
            126         205.170
            127         205.170
            128         205.170
            129         205.170
            130         205.170
            131         205.170
            132         205.170
            133         205.170
            134         205.170
            135         205.170
            136         205.170
            137         205.170
            138         205.170
            139         205.170
            140         205.170
            141         205.170
            142         205.170
            143         205.170
            144         205.170
            145         205.170
            146         205.170
            147         205.170
            148         205.170
            149         205.170
            150         205.170
            151         205.170
            152         205.170
            153         205.170
            154         205.170
            155         205.170
            156         205.170
            157         206.147
            158         205.170
            159         205.170
            160         205.170
            161         205.170
            162         205.170
            163         205.170
            164         205.170
            165         205.170
            166         205.170
            167         205.170
            168         205.170
            169         205.170
            170         205.170
            171         205.170
            172         205.170
            173         205.170
            174         205.170
            175         205.170
            176         205.170
            177         205.170
            178         205.170
            179         205.170
            180         205.170
            181         205.170
            182         205.170
            183         205.170
            184         205.170
            185         205.170
            186         205.170
            187         205.170
            188         205.170
            189         205.170
            190         205.170
            191         205.170
            192         205.170
            193         205.170
            194         205.170
            195         205.170
            196         205.170
            197         205.170
            198         205.170
            199         205.170
            200         205.170
            201         205.170
            202         205.170
            203         205.170
            204         205.170
            205         205.170
            206         205.170
            207         205.170
            208         205.170
            209         204.193
            210         204.193
            211         204.193
            212         204.193
            213         204.193
            214         204.193
            215         204.193
            216         204.193
            217         204.193
            218         204.193
            219         204.193
            220         204.193
            221         204.193
            222         204.193
            223         204.193
            224         204.193
            225         204.193
            226         204.193
            227         204.193
            228         204.193
            229         204.193
            230         204.193
            231         204.193
            232         204.193
            233         204.193
            234         204.193
            235         204.193
            236         204.193
            237         204.193
            238         204.193
            239         204.193
            240         204.193
            241         204.193
            242         204.193
            243         204.193
            244         204.193
            245         204.193
            246         204.193
            247         204.193
            248         204.193
            249         204.193
            250         204.193
            251         204.193
            252         204.193
            253         204.193
            254         204.193
            255         204.193
            256         204.193
            257         204.193
            258         204.193
            259         204.193
            260         204.193
            261         204.193
            262         204.193
            263         204.193
            264         204.193
            265         204.193
            266         204.193
            267         204.193
            268         204.193
            269         204.193
            270         204.193
            271         204.193
            272         204.193
            273         204.193
            274         204.193
            275         204.193
            276         204.193
            277         204.193
            278         204.193
            279         204.193
            280         204.193
            281         204.193
            282         203.216
            283         203.216
            284         203.216
            285         203.216
            286         203.216
            287         203.216
            288         203.216
            289         203.216
            290         203.216
            291         203.216
            292         203.216
            293         203.216
            294         203.216
            295         203.216
            296         203.216
            297         203.216
            298         203.216
            299         203.216
            300         202.239
            301         202.239
            302         202.239
            303         202.239
            304         202.239
            305         202.239
            306         202.239
            307         202.239
            308         202.239
            309         202.239
            310         202.239
            311         202.239
            312         202.239
            313         202.239
            314         202.239
            315         202.239
            316         202.239
            317         202.239
            318         202.239
            319         202.239
            320         202.239
            321         201.262
            322         201.262
            323         201.262
            324         201.262
            325         201.262
            326         201.262
            327         201.262
            328         201.262
            329         201.262
            330         201.262
            331         200.285
            332         200.285
            333         200.285
            334         200.285
            335         200.285
            336         200.285
            337         200.285
            338         200.285
            339         200.285
            340         200.285
            341         200.285
            342         200.285
            343         199.308
            344         199.308
            345         199.308
            346         199.308
            347         199.308
            348         199.308
            349         199.308
            350         199.308
            351         199.308
            352         199.308
            353         199.308
            354         199.308
            355         199.308
            356         199.308
            357         199.308
            358         199.308
            359         199.308
            360         199.308
            361         199.308
            362         199.308
            363         199.308
            364         199.308
            365         199.308
            366         199.308
            367         199.308
            368         199.308
            369         199.308
            370         199.308
            371         199.308
            372         199.308
            373         199.308
            374         199.308
            375         199.308
            376         199.308
            377         199.308
            378         199.308
            379         199.308
            380         199.308
            381         199.308
            382         199.308
            383         199.308
            384         199.308
            385         199.308
            386         200.285
            387         200.285
            388         200.285
            389         200.285
            390         200.285
            391         200.285
            392         200.285
            393         200.285
            394         200.285
            395         200.285
            396         200.285
            397         199.308
            398         199.308
            399         199.308
            400         199.308
            401         199.308
            402         199.308
            403         199.308
            404         199.308
            405         199.308
            406         199.308
            407         199.308
            408         199.308
            409         199.308
            410         199.308
            411         199.308
            412         199.308
            413         199.308
            414         199.308
            415         199.308
            416         199.308
            417         199.308
            418         199.308
            419         199.308
            420         199.308
            421         198.331
            422         198.331
            423         198.331
            424         198.331
            425         198.331
            426         198.331
            427         198.331
            428         198.331
            429         198.331
            430         198.331
            431         198.331
            432         198.331
            433         198.331
            434         198.331
            435         198.331
            436         198.331
            437         198.331
            438         198.331
            439         198.331
            440         198.331
            441         198.331
            442         198.331
            443         197.354
            444         197.354
            445         197.354
            446         197.354
            447         197.354
            448         197.354
            449         197.354
            450         197.354
            451         197.354
            452         196.377
            453         196.377
            454         196.377
            455         196.377
            456         196.377
            457         195.400
            458         195.400
            459         195.400
            460         195.400
            461         195.400
            462         195.400
            463         195.400
            464         195.400
            465         195.400
            466         195.400
            467         195.400
            468         195.400
            469         194.423
            470         194.423
            471         194.423
            472         194.423
            473         194.423
            474         194.423
            475         193.446
            476         193.446
            477         193.446
            478         193.446
            479         193.446
            480         193.446
            481         193.446
            482         192.469
            483         192.469
            484         192.469
            485         192.469
            486         192.469
            487         192.469
            488         192.469
            489         192.469
            490         192.469
            491         191.492
            492         191.492
            493         191.492
            494         191.492
            495         190.515
            496         190.515
            497         190.515
            498         190.515
            499         190.515
            500         190.515
            501         190.515
            502         190.515
            503         190.515
            504         190.515
            505         190.515
            506         190.515
            507         189.538
            508         189.538
            509         189.538
