TRACENO
              1         196.377
              2         196.377
              3         196.377
              4         196.377
              5         196.377
              6         196.377
              7         196.377
              8         196.377
              9         197.354
             10         197.354
             11         197.354
             12         196.377
             13         196.377
             14         195.400
             15         195.400
             16         194.423
             17         194.423
             18         194.423
             19         194.423
             20         194.423
             21         194.423
             22         193.446
             23         192.469
             24         192.469
             25         192.469
             26         192.469
             27         192.469
             28         192.469
             29         192.469
             30         192.469
             31         193.446
             32         193.446
             33         193.446
             34         193.446
             35         193.446
             36         193.446
             37         192.469
             38         192.469
             39         192.469
             40         192.469
             41         192.469
             42         192.469
             43         192.469
             44         192.469
             45         192.469
             46         192.469
             47         192.469
             48         192.469
             49         192.469
             50         192.469
             51         191.492
             52         191.492
             53         192.469
             54         192.469
             55         193.446
             56         193.446
             57         193.446
             58         193.446
             59         193.446
             60         192.469
             61         193.446
             62         193.446
             63         193.446
             64         193.446
             65         193.446
             66         193.446
             67         193.446
             68         192.469
             69         192.469
             70         192.469
             71         192.469
             72         192.469
             73         192.469
             74         192.469
             75         192.469
             76         192.469
             77         192.469
             78         192.469
             79         192.469
             80         193.446
             81         193.446
             82         193.446
             83         193.446
             84         193.446
             85         193.446
             86         193.446
             87         194.423
             88         194.423
             89         194.423
             90         194.423
             91         194.423
             92         194.423
             93         194.423
             94         194.423
             95         194.423
             96         194.423
             97         194.423
             98         193.446
             99         193.446
            100         193.446
            101         193.446
            102         194.423
            103         194.423
            104         194.423
            105         194.423
            106         194.423
            107         194.423
            108         194.423
            109         194.423
            110         194.423
            111         194.423
            112         194.423
            113         195.400
            114         195.400
            115         195.400
            116         195.400
            117         195.400
            118         195.400
            119         195.400
            120         195.400
            121         195.400
            122         195.400
            123         195.400
            124         195.400
            125         195.400
            126         195.400
            127         195.400
            128         195.400
            129         195.400
            130         195.400
            131         195.400
            132         195.400
            133         195.400
            134         195.400
            135         195.400
            136         195.400
            137         195.400
            138         195.400
            139         195.400
            140         195.400
            141         195.400
            142         195.400
            143         195.400
            144         195.400
            145         195.400
            146         195.400
            147         195.400
            148         195.400
            149         195.400
            150         195.400
            151         195.400
            152         196.377
            153         196.377
            154         196.377
            155         196.377
            156         196.377
            157         196.377
            158         196.377
            159         196.377
            160         197.354
            161         197.354
            162         197.354
            163         197.354
            164         197.354
            165         197.354
            166         197.354
            167         197.354
            168         197.354
            169         197.354
            170         197.354
            171         197.354
            172         197.354
            173         197.354
            174         197.354
            175         198.331
            176         198.331
            177         198.331
            178         198.331
            179         198.331
            180         198.331
            181         198.331
            182         198.331
            183         198.331
            184         198.331
            185         198.331
            186         198.331
            187         198.331
            188         198.331
            189         198.331
            190         198.331
            191         198.331
            192         198.331
            193         198.331
            194         198.331
            195         198.331
            196         198.331
            197         198.331
            198         198.331
            199         198.331
            200         198.331
            201         198.331
            202         198.331
            203         198.331
            204         198.331
            205         198.331
            206         198.331
            207         198.331
            208         198.331
            209         198.331
            210         198.331
            211         198.331
            212         199.308
            213         199.308
            214         199.308
            215         199.308
            216         199.308
            217         199.308
            218         199.308
            219         199.308
            220         199.308
            221         199.308
            222         199.308
            223         199.308
            224         199.308
            225         199.308
            226         199.308
            227         199.308
            228         199.308
            229         199.308
            230         200.285
            231         200.285
            232         200.285
            233         200.285
            234         200.285
            235         200.285
            236         200.285
            237         200.285
            238         200.285
            239         200.285
            240         200.285
            241         200.285
            242         200.285
            243         200.285
            244         200.285
            245         200.285
            246         200.285
            247         200.285
            248         200.285
            249         200.285
            250         200.285
            251         200.285
            252         200.285
            253         200.285
            254         200.285
            255         200.285
            256         200.285
            257         200.285
            258         200.285
            259         200.285
            260         200.285
            261         200.285
            262         200.285
            263         200.285
            264         200.285
            265         200.285
            266         200.285
            267         200.285
            268         200.285
            269         200.285
            270         200.285
            271         200.285
            272         200.285
            273         200.285
            274         200.285
            275         200.285
            276         200.285
            277         201.262
            278         201.262
            279         201.262
            280         201.262
            281         201.262
            282         201.262
            283         201.262
            284         201.262
            285         202.239
            286         202.239
            287         202.239
            288         202.239
            289         202.239
            290         202.239
            291         202.239
            292         201.262
            293         201.262
            294         201.262
            295         201.262
            296         201.262
            297         201.262
            298         201.262
            299         201.262
            300         201.262
            301         201.262
            302         201.262
            303         201.262
            304         201.262
            305         201.262
            306         201.262
            307         201.262
            308         201.262
            309         201.262
            310         201.262
            311         201.262
            312         201.262
            313         201.262
            314         201.262
            315         201.262
            316         201.262
            317         201.262
            318         201.262
            319         201.262
            320         201.262
            321         201.262
            322         201.262
            323         201.262
            324         201.262
            325         200.285
            326         200.285
            327         200.285
            328         200.285
            329         200.285
            330         200.285
            331         201.262
            332         201.262
            333         201.262
            334         201.262
            335         201.262
            336         201.262
            337         201.262
            338         201.262
            339         201.262
            340         201.262
            341         201.262
            342         201.262
            343         201.262
            344         200.285
            345         200.285
            346         200.285
            347         200.285
            348         200.285
            349         200.285
            350         200.285
            351         200.285
            352         200.285
            353         200.285
            354         200.285
            355         200.285
            356         200.285
            357         200.285
            358         200.285
            359         200.285
            360         200.285
            361         200.285
            362         200.285
            363         200.285
            364         200.285
            365         200.285
            366         200.285
            367         200.285
            368         200.285
            369         200.285
            370         200.285
            371         200.285
            372         200.285
            373         200.285
            374         200.285
            375         200.285
            376         200.285
            377         200.285
            378         200.285
            379         200.285
            380         200.285
            381         200.285
            382         200.285
            383         200.285
            384         200.285
            385         200.285
            386         201.262
            387         201.262
            388         201.262
            389         201.262
            390         201.262
            391         201.262
            392         201.262
            393         201.262
            394         201.262
            395         201.262
            396         201.262
            397         201.262
            398         201.262
            399         201.262
            400         201.262
            401         201.262
            402         201.262
            403         201.262
            404         201.262
            405         202.239
            406         202.239
            407         202.239
            408         202.239
            409         202.239
            410         202.239
            411         202.239
            412         202.239
            413         202.239
            414         202.239
            415         202.239
            416         202.239
            417         202.239
            418         202.239
            419         202.239
            420         202.239
            421         202.239
            422         202.239
            423         202.239
            424         202.239
            425         202.239
            426         202.239
            427         202.239
            428         202.239
            429         202.239
            430         202.239
            431         202.239
            432         202.239
            433         202.239
            434         202.239
            435         202.239
            436         202.239
            437         202.239
            438         202.239
            439         202.239
            440         202.239
            441         202.239
            442         202.239
            443         202.239
            444         202.239
            445         202.239
            446         202.239
            447         202.239
            448         202.239
            449         202.239
            450         202.239
            451         202.239
            452         202.239
            453         202.239
            454         202.239
            455         202.239
            456         202.239
            457         202.239
            458         202.239
            459         202.239
            460         202.239
            461         202.239
            462         202.239
            463         202.239
            464         202.239
            465         202.239
            466         203.216
            467         203.216
            468         203.216
            469         203.216
            470         203.216
            471         203.216
            472         203.216
            473         203.216
            474         203.216
            475         203.216
            476         203.216
            477         202.239
            478         203.216
            479         203.216
            480         203.216
            481         203.216
            482         203.216
            483         203.216
            484         203.216
            485         202.239
            486         203.216
            487         203.216
            488         203.216
            489         203.216
            490         203.216
            491         202.239
            492         202.239
            493         202.239
            494         202.239
            495         202.239
            496         202.239
            497         202.239
            498         202.239
            499         201.262
            500         201.262
            501         201.262
            502         201.262
            503         201.262
            504         201.262
            505         201.262
            506         201.262
            507         201.262
            508         201.262
            509         201.262
            510         201.262
            511         201.262
            512         201.262
            513         201.262
            514         201.262
            515         201.262
            516         201.262
            517         201.262
            518         201.262
            519         201.262
            520         201.262
            521         200.285
            522         200.285
            523         200.285
            524         200.285
            525         200.285
            526         200.285
            527         200.285
            528         200.285
            529         200.285
            530         200.285
            531         200.285
            532         200.285
            533         200.285
            534         200.285
            535         200.285
            536         200.285
            537         200.285
            538         200.285
            539         200.285
            540         199.308
            541         199.308
            542         199.308
            543         199.308
            544         199.308
            545         199.308
            546         199.308
            547         199.308
            548         199.308
            549         199.308
            550         199.308
            551         199.308
            552         199.308
            553         199.308
            554         198.331
            555         198.331
            556         198.331
            557         198.331
            558         198.331
            559         198.331
            560         198.331
            561         198.331
            562         198.331
            563         198.331
            564         198.331
            565         198.331
            566         198.331
            567         198.331
            568         197.354
            569         197.354
            570         197.354
            571         197.354
            572         197.354
            573         197.354
            574         197.354
            575         197.354
            576         197.354
            577         197.354
            578         197.354
            579         197.354
            580         197.354
            581         197.354
            582         197.354
            583         197.354
            584         198.331
            585         198.331
            586         198.331
            587         198.331
            588         198.331
            589         198.331
            590         198.331
            591         198.331
            592         198.331
            593         198.331
            594         198.331
            595         198.331
            596         198.331
            597         198.331
            598         197.354
            599         197.354
            600         197.354
            601         197.354
            602         197.354
            603         197.354
            604         197.354
            605         197.354
            606         197.354
            607         197.354
            608         197.354
            609         196.377
            610         196.377
            611         196.377
            612         196.377
            613         196.377
            614         196.377
            615         196.377
            616         196.377
            617         196.377
            618         196.377
            619         196.377
            620         195.400
            621         195.400
            622         195.400
            623         195.400
            624         195.400
            625         195.400
            626         195.400
            627         195.400
            628         195.400
            629         195.400
            630         194.423
            631         194.423
            632         194.423
            633         194.423
            634         194.423
            635         194.423
            636         194.423
            637         194.423
            638         194.423
            639         194.423
            640         194.423
            641         193.446
            642         193.446
            643         193.446
            644         193.446
            645         193.446
            646         193.446
            647         193.446
            648         193.446
            649         193.446
            650         193.446
            651         192.469
            652         192.469
            653         192.469
            654         192.469
            655         192.469
            656         192.469
            657         192.469
            658         192.469
            659         192.469
            660         191.492
            661         191.492
            662         191.492
            663         191.492
            664         191.492
            665         191.492
            666         191.492
            667         191.492
            668         190.515
            669         190.515
            670         190.515
            671         190.515
            672         190.515
            673         190.515
            674         190.515
            675         189.538
            676         189.538
            677         189.538
            678         189.538
            679         189.538
            680         189.538
            681         189.538
            682         189.538
            683         188.561
            684         188.561
            685         188.561
            686         188.561
            687         188.561
            688         188.561
            689         188.561
            690         187.584
            691         187.584
            692         187.584
            693         187.584
            694         187.584
            695         187.584
            696         187.584
            697         187.584
            698         186.607
            699         186.607
            700         186.607
            701         186.607
            702         186.607
            703         186.607
            704         186.607
            705         186.607
            706         185.630
            707         185.630
            708         185.630
            709         185.630
            710         185.630
            711         185.630
            712         185.630
            713         185.630
            714         185.630
            715         184.653
            716         184.653
            717         184.653
            718         184.653
            719         184.653
            720         184.653
            721         184.653
            722         184.653
            723         184.653
            724         184.653
            725         183.676
            726         183.676
            727         183.676
            728         183.676
            729         183.676
            730         183.676
            731         183.676
            732         183.676
            733         183.676
            734         183.676
            735         182.699
            736         182.699
            737         182.699
            738         182.699
            739         182.699
            740         182.699
            741         182.699
            742         182.699
            743         182.699
            744         182.699
            745         181.722
            746         181.722
            747         181.722
            748         181.722
            749         181.722
            750         181.722
            751         181.722
            752         181.722
            753         181.722
            754         181.722
            755         180.745
            756         180.745
            757         180.745
            758         180.745
            759         180.745
            760         180.745
            761         180.745
            762         180.745
            763         180.745
            764         180.745
            765         179.768
            766         179.768
            767         179.768
            768         179.768
            769         179.768
            770         179.768
            771         179.768
            772         179.768
            773         179.768
            774         179.768
            775         178.791
            776         178.791
            777         178.791
            778         178.791
            779         178.791
            780         178.791
            781         178.791
            782         178.791
            783         178.791
            784         178.791
            785         177.814
            786         177.814
            787         177.814
            788         177.814
            789         177.814
            790         177.814
            791         177.814
            792         177.814
            793         177.814
            794         176.837
            795         176.837
            796         176.837
            797         176.837
            798         176.837
            799         176.837
            800         176.837
            801         176.837
            802         175.860
            803         175.860
            804         175.860
            805         175.860
            806         175.860
            807         175.860
            808         175.860
            809         174.883
            810         174.883
            811         174.883
            812         174.883
            813         174.883
            814         174.883
            815         173.906
            816         173.906
            817         173.906
            818         173.906
            819         173.906
            820         173.906
            821         172.929
            822         172.929
            823         172.929
            824         172.929
            825         172.929
            826         172.929
            827         171.952
            828         171.952
            829         171.952
            830         171.952
            831         171.952
            832         171.952
            833         171.952
            834         170.975
            835         170.975
            836         170.975
            837         170.975
            838         170.975
            839         170.975
            840         169.998
            841         169.998
            842         169.998
            843         169.998
            844         169.998
            845         169.998
            846         169.021
            847         169.021
            848         169.021
            849         169.021
            850         169.021
            851         169.021
            852         168.044
            853         168.044
            854         168.044
            855         168.044
            856         168.044
            857         168.044
            858         167.067
            859         167.067
            860         167.067
            861         167.067
            862         167.067
            863         167.067
            864         167.067
            865         166.090
            866         166.090
            867         166.090
            868         166.090
            869         166.090
            870         166.090
            871         165.113
            872         165.113
            873         165.113
            874         165.113
            875         165.113
            876         165.113
            877         164.136
            878         164.136
            879         164.136
            880         164.136
            881         164.136
            882         164.136
            883         163.159
            884         163.159
            885         163.159
            886         163.159
            887         163.159
            888         163.159
            889         162.182
            890         162.182
            891         162.182
            892         162.182
            893         162.182
            894         162.182
            895         162.182
            896         162.182
            897         162.182
            898         161.205
            899         161.205
            900         161.205
            901         161.205
            902         161.205
            903         161.205
            904         161.205
            905         161.205
            906         161.205
            907         160.228
            908         160.228
            909         160.228
            910         160.228
            911         160.228
            912         160.228
            913         160.228
            914         160.228
            915         160.228
            916         159.251
            917         159.251
            918         159.251
            919         159.251
            920         159.251
            921         159.251
            922         159.251
            923         159.251
            924         159.251
            925         158.274
            926         158.274
            927         158.274
            928         158.274
            929         158.274
            930         158.274
            931         158.274
            932         158.274
            933         157.297
            934         157.297
            935         157.297
            936         157.297
            937         157.297
            938         157.297
            939         157.297
            940         157.297
            941         157.297
            942         156.320
            943         156.320
            944         156.320
            945         156.320
            946         156.320
            947         156.320
            948         156.320
            949         156.320
            950         156.320
            951         155.343
            952         155.343
            953         155.343
            954         155.343
            955         155.343
            956         155.343
            957         155.343
            958         155.343
            959         155.343
            960         155.343
            961         155.343
            962         155.343
            963         154.366
            964         154.366
            965         154.366
            966         154.366
            967         154.366
            968         154.366
            969         154.366
            970         154.366
            971         154.366
            972         154.366
            973         154.366
            974         153.389
            975         153.389
            976         153.389
            977         153.389
            978         153.389
            979         153.389
            980         153.389
            981         153.389
            982         153.389
            983         153.389
            984         153.389
            985         152.412
            986         152.412
            987         152.412
            988         152.412
            989         152.412
            990         152.412
            991         152.412
            992         152.412
            993         152.412
            994         152.412
            995         152.412
            996         152.412
            997         151.435
            998         151.435
            999         151.435
           1000         151.435
           1001         151.435
           1002         151.435
           1003         151.435
           1004         151.435
           1005         151.435
           1006         151.435
           1007         151.435
           1008         150.458
           1009         150.458
           1010         150.458
           1011         150.458
           1012         150.458
           1013         150.458
           1014         150.458
           1015         150.458
           1016         150.458
           1017         150.458
           1018         150.458
           1019         149.481
           1020         149.481
           1021         149.481
           1022         149.481
           1023         149.481
           1024         149.481
           1025         149.481
           1026         149.481
           1027         149.481
           1028         149.481
           1029         149.481
           1030         149.481
           1031         149.481
           1032         149.481
           1033         149.481
           1034         149.481
           1035         149.481
           1036         149.481
           1037         149.481
           1038         149.481
           1039         149.481
           1040         149.481
           1041         149.481
           1042         148.504
           1043         148.504
           1044         148.504
           1045         148.504
           1046         148.504
           1047         148.504
           1048         148.504
           1049         148.504
           1050         148.504
           1051         148.504
           1052         148.504
           1053         148.504
           1054         148.504
           1055         148.504
           1056         148.504
           1057         148.504
           1058         148.504
           1059         148.504
           1060         148.504
           1061         148.504
           1062         148.504
           1063         148.504
           1064         148.504
           1065         148.504
           1066         148.504
           1067         148.504
           1068         147.527
           1069         147.527
           1070         147.527
           1071         147.527
           1072         147.527
           1073         147.527
           1074         147.527
           1075         147.527
           1076         147.527
           1077         147.527
           1078         147.527
           1079         147.527
           1080         147.527
           1081         147.527
           1082         147.527
           1083         148.504
           1084         148.504
           1085         148.504
           1086         148.504
           1087         148.504
           1088         148.504
           1089         148.504
           1090         148.504
           1091         148.504
           1092         148.504
           1093         148.504
           1094         148.504
           1095         148.504
           1096         148.504
           1097         148.504
           1098         148.504
           1099         148.504
           1100         148.504
           1101         148.504
           1102         148.504
           1103         148.504
           1104         148.504
           1105         148.504
           1106         148.504
           1107         148.504
           1108         148.504
           1109         148.504
           1110         148.504
           1111         148.504
           1112         148.504
           1113         148.504
           1114         148.504
           1115         148.504
           1116         148.504
           1117         148.504
           1118         148.504
           1119         148.504
           1120         148.504
           1121         148.504
           1122         148.504
           1123         148.504
           1124         148.504
           1125         148.504
           1126         148.504
           1127         148.504
           1128         148.504
           1129         148.504
           1130         148.504
           1131         148.504
           1132         148.504
           1133         148.504
           1134         148.504
           1135         148.504
           1136         148.504
           1137         148.504
           1138         148.504
           1139         148.504
           1140         148.504
           1141         148.504
           1142         148.504
           1143         148.504
           1144         148.504
           1145         148.504
           1146         148.504
           1147         149.481
           1148         149.481
           1149         149.481
           1150         149.481
           1151         149.481
           1152         149.481
           1153         149.481
           1154         149.481
           1155         149.481
           1156         149.481
           1157         149.481
           1158         149.481
           1159         150.458
           1160         150.458
           1161         150.458
           1162         150.458
           1163         150.458
           1164         150.458
           1165         150.458
           1166         150.458
           1167         150.458
           1168         150.458
           1169         150.458
           1170         150.458
           1171         150.458
           1172         151.435
           1173         151.435
           1174         151.435
           1175         151.435
           1176         151.435
           1177         151.435
           1178         151.435
           1179         151.435
           1180         151.435
           1181         151.435
           1182         151.435
           1183         151.435
           1184         151.435
           1185         152.412
           1186         152.412
           1187         152.412
           1188         152.412
           1189         152.412
           1190         152.412
           1191         152.412
           1192         152.412
           1193         152.412
           1194         152.412
           1195         153.389
           1196         153.389
           1197         153.389
           1198         153.389
           1199         153.389
           1200         153.389
           1201         153.389
           1202         153.389
           1203         153.389
           1204         154.366
           1205         154.366
           1206         154.366
           1207         154.366
           1208         154.366
           1209         154.366
           1210         154.366
           1211         154.366
           1212         154.366
           1213         154.366
           1214         155.343
           1215         155.343
           1216         155.343
           1217         155.343
           1218         155.343
           1219         155.343
           1220         155.343
           1221         155.343
           1222         155.343
           1223         156.320
           1224         156.320
           1225         156.320
           1226         156.320
           1227         156.320
           1228         157.297
           1229         157.297
           1230         157.297
           1231         157.297
           1232         158.274
           1233         158.274
           1234         158.274
           1235         158.274
           1236         158.274
           1237         159.251
           1238         159.251
           1239         159.251
           1240         159.251
           1241         159.251
           1242         160.228
           1243         160.228
           1244         160.228
           1245         160.228
           1246         160.228
           1247         161.205
           1248         161.205
           1249         161.205
           1250         161.205
           1251         161.205
           1252         162.182
           1253         162.182
           1254         162.182
           1255         162.182
           1256         163.159
           1257         163.159
           1258         163.159
           1259         163.159
           1260         163.159
           1261         164.136
           1262         164.136
           1263         164.136
           1264         164.136
           1265         165.113
           1266         165.113
           1267         165.113
           1268         165.113
           1269         166.090
           1270         166.090
           1271         166.090
           1272         166.090
           1273         166.090
           1274         167.067
           1275         167.067
           1276         167.067
           1277         167.067
           1278         168.044
           1279         168.044
           1280         168.044
           1281         168.044
           1282         169.021
           1283         169.021
           1284         169.021
           1285         169.021
           1286         169.998
           1287         169.998
           1288         169.998
           1289         169.998
           1290         170.975
           1291         170.975
           1292         170.975
           1293         170.975
           1294         170.975
           1295         171.952
           1296         171.952
           1297         171.952
           1298         172.929
           1299         172.929
           1300         172.929
           1301         172.929
           1302         173.906
           1303         173.906
           1304         173.906
           1305         174.883
           1306         174.883
           1307         174.883
           1308         174.883
           1309         175.860
           1310         175.860
           1311         175.860
           1312         175.860
           1313         176.837
           1314         176.837
           1315         176.837
           1316         177.814
           1317         177.814
           1318         177.814
           1319         177.814
           1320         178.791
           1321         178.791
           1322         178.791
           1323         179.768
           1324         179.768
           1325         179.768
           1326         179.768
           1327         180.745
           1328         180.745
           1329         180.745
           1330         181.722
           1331         181.722
           1332         181.722
           1333         181.722
           1334         182.699
           1335         182.699
           1336         182.699
           1337         183.676
           1338         183.676
           1339         183.676
           1340         183.676
           1341         184.653
           1342         184.653
           1343         184.653
           1344         185.630
           1345         185.630
           1346         185.630
           1347         185.630
           1348         186.607
           1349         186.607
           1350         186.607
           1351         187.584
           1352         187.584
           1353         187.584
           1354         187.584
           1355         188.561
           1356         188.561
           1357         188.561
           1358         189.538
           1359         189.538
           1360         189.538
           1361         189.538
           1362         189.538
           1363         189.538
           1364         189.538
           1365         189.538
           1366         190.515
           1367         190.515
           1368         190.515
           1369         190.515
           1370         190.515
           1371         190.515
           1372         190.515
           1373         190.515
           1374         191.492
           1375         191.492
           1376         191.492
           1377         191.492
           1378         191.492
           1379         191.492
           1380         191.492
           1381         191.492
           1382         192.469
           1383         192.469
           1384         192.469
           1385         192.469
           1386         192.469
           1387         192.469
           1388         192.469
           1389         192.469
           1390         192.469
           1391         192.469
           1392         192.469
           1393         192.469
           1394         192.469
           1395         192.469
           1396         192.469
           1397         192.469
           1398         193.446
           1399         193.446
           1400         193.446
           1401         193.446
           1402         193.446
           1403         193.446
           1404         193.446
           1405         193.446
           1406         193.446
           1407         193.446
           1408         193.446
           1409         193.446
           1410         193.446
           1411         193.446
           1412         193.446
           1413         193.446
           1414         193.446
           1415         194.423
           1416         194.423
           1417         194.423
           1418         194.423
           1419         194.423
           1420         194.423
           1421         194.423
           1422         194.423
           1423         194.423
           1424         194.423
           1425         194.423
           1426         194.423
           1427         194.423
           1428         194.423
           1429         194.423
           1430         194.423
           1431         194.423
           1432         195.400
           1433         195.400
           1434         195.400
           1435         195.400
           1436         195.400
           1437         195.400
           1438         195.400
           1439         195.400
           1440         195.400
           1441         195.400
           1442         195.400
           1443         195.400
           1444         195.400
           1445         195.400
           1446         195.400
           1447         195.400
           1448         195.400
           1449         195.400
           1450         196.377
           1451         196.377
           1452         196.377
           1453         196.377
           1454         196.377
           1455         196.377
           1456         196.377
           1457         196.377
           1458         196.377
           1459         196.377
           1460         196.377
           1461         196.377
           1462         196.377
           1463         196.377
           1464         196.377
           1465         196.377
           1466         196.377
           1467         197.354
           1468         197.354
           1469         197.354
           1470         197.354
           1471         197.354
           1472         197.354
           1473         197.354
           1474         197.354
           1475         197.354
           1476         197.354
           1477         197.354
           1478         197.354
           1479         197.354
           1480         197.354
           1481         197.354
           1482         197.354
           1483         197.354
           1484         197.354
           1485         197.354
           1486         197.354
           1487         197.354
           1488         197.354
           1489         197.354
           1490         197.354
           1491         197.354
           1492         197.354
           1493         197.354
           1494         197.354
           1495         197.354
           1496         197.354
           1497         197.354
           1498         197.354
           1499         197.354
           1500         197.354
           1501         197.354
           1502         197.354
           1503         197.354
           1504         197.354
           1505         196.377
           1506         196.377
           1507         196.377
           1508         196.377
           1509         196.377
           1510         196.377
           1511         196.377
           1512         196.377
           1513         196.377
           1514         196.377
           1515         196.377
           1516         196.377
           1517         196.377
           1518         196.377
           1519         196.377
           1520         196.377
           1521         196.377
           1522         196.377
           1523         196.377
           1524         196.377
           1525         196.377
           1526         196.377
           1527         196.377
           1528         196.377
           1529         196.377
           1530         196.377
           1531         196.377
           1532         196.377
           1533         196.377
           1534         196.377
           1535         196.377
           1536         196.377
           1537         196.377
           1538         196.377
           1539         196.377
           1540         196.377
           1541         196.377
           1542         196.377
           1543         196.377
           1544         196.377
           1545         196.377
           1546         196.377
           1547         196.377
           1548         196.377
           1549         196.377
           1550         196.377
           1551         196.377
           1552         196.377
           1553         196.377
           1554         196.377
           1555         196.377
           1556         196.377
           1557         196.377
           1558         196.377
           1559         195.400
           1560         195.400
           1561         195.400
           1562         195.400
           1563         195.400
           1564         195.400
           1565         195.400
           1566         195.400
           1567         195.400
           1568         195.400
           1569         195.400
           1570         195.400
           1571         195.400
           1572         195.400
           1573         195.400
           1574         195.400
           1575         195.400
           1576         195.400
           1577         194.423
           1578         194.423
           1579         194.423
           1580         194.423
           1581         194.423
           1582         194.423
           1583         194.423
           1584         194.423
           1585         194.423
           1586         194.423
           1587         194.423
           1588         194.423
           1589         194.423
           1590         194.423
           1591         193.446
           1592         193.446
           1593         193.446
           1594         193.446
           1595         193.446
           1596         193.446
           1597         193.446
           1598         193.446
           1599         193.446
           1600         193.446
           1601         192.469
           1602         192.469
           1603         192.469
           1604         192.469
           1605         192.469
           1606         192.469
           1607         192.469
           1608         192.469
           1609         192.469
           1610         192.469
           1611         192.469
           1612         191.492
           1613         191.492
           1614         191.492
           1615         191.492
           1616         191.492
           1617         191.492
           1618         191.492
           1619         191.492
           1620         191.492
           1621         191.492
           1622         191.492
           1623         191.492
           1624         191.492
           1625         191.492
           1626         191.492
           1627         191.492
           1628         191.492
           1629         191.492
           1630         191.492
           1631         191.492
           1632         191.492
           1633         191.492
           1634         191.492
           1635         191.492
           1636         191.492
           1637         191.492
           1638         191.492
           1639         191.492
           1640         191.492
           1641         191.492
           1642         190.515
           1643         190.515
           1644         190.515
           1645         190.515
           1646         190.515
           1647         190.515
           1648         190.515
           1649         190.515
           1650         190.515
           1651         190.515
           1652         190.515
           1653         190.515
           1654         190.515
           1655         190.515
           1656         190.515
           1657         190.515
           1658         190.515
           1659         190.515
           1660         190.515
           1661         190.515
           1662         190.515
           1663         190.515
           1664         190.515
           1665         190.515
           1666         190.515
           1667         190.515
           1668         190.515
           1669         190.515
           1670         190.515
           1671         190.515
           1672         190.515
           1673         190.515
           1674         190.515
           1675         190.515
           1676         190.515
           1677         190.515
           1678         190.515
           1679         190.515
           1680         190.515
           1681         190.515
           1682         190.515
           1683         190.515
           1684         190.515
           1685         190.515
           1686         190.515
           1687         190.515
           1688         190.515
           1689         190.515
           1690         190.515
           1691         190.515
           1692         189.538
           1693         189.538
           1694         189.538
           1695         189.538
           1696         189.538
           1697         189.538
           1698         189.538
           1699         189.538
           1700         189.538
           1701         189.538
           1702         189.538
           1703         189.538
           1704         189.538
           1705         189.538
           1706         189.538
           1707         189.538
           1708         189.538
           1709         189.538
           1710         189.538
           1711         189.538
           1712         189.538
           1713         189.538
           1714         189.538
           1715         189.538
           1716         188.561
           1717         188.561
           1718         188.561
           1719         188.561
           1720         188.561
           1721         188.561
           1722         188.561
           1723         188.561
           1724         188.561
           1725         188.561
           1726         188.561
           1727         188.561
           1728         188.561
           1729         188.561
           1730         188.561
           1731         188.561
           1732         188.561
           1733         188.561
           1734         188.561
           1735         188.561
           1736         188.561
           1737         188.561
           1738         188.561
           1739         187.584
           1740         187.584
           1741         187.584
           1742         187.584
           1743         187.584
           1744         187.584
           1745         187.584
           1746         187.584
           1747         187.584
           1748         187.584
           1749         187.584
           1750         187.584
           1751         187.584
           1752         187.584
           1753         187.584
           1754         187.584
           1755         187.584
           1756         187.584
           1757         187.584
           1758         187.584
           1759         187.584
           1760         187.584
           1761         187.584
           1762         187.584
           1763         187.584
           1764         187.584
           1765         187.584
           1766         187.584
           1767         187.584
           1768         187.584
           1769         187.584
           1770         187.584
           1771         187.584
           1772         187.584
           1773         187.584
           1774         187.584
           1775         187.584
           1776         186.607
           1777         186.607
           1778         186.607
           1779         186.607
           1780         186.607
           1781         186.607
           1782         186.607
           1783         186.607
           1784         186.607
           1785         186.607
           1786         186.607
           1787         186.607
           1788         186.607
           1789         185.630
           1790         185.630
