TRACENO
              1         128.964
              2         128.964
              3         128.964
              4         128.964
              5         128.964
              6         128.964
              7         128.964
              8         128.964
              9         128.964
             10         128.964
             11         127.987
             12         127.987
             13         127.987
             14         127.987
             15         127.987
             16         127.987
             17         127.987
             18         127.987
             19         127.987
             20         127.987
             21         127.987
             22         127.987
             23         127.987
             24         127.987
             25         127.987
             26         127.987
             27         127.987
             28         127.987
             29         127.987
             30         127.987
             31         127.987
             32         127.987
             33         127.987
             34         127.987
             35         127.987
             36         127.987
             37         127.987
             38         127.987
             39         127.987
             40         128.964
             41         128.964
             42         128.964
             43         128.964
             44         128.964
             45         128.964
             46         128.964
             47         128.964
             48         128.964
             49         128.964
             50         128.964
             51         128.964
             52         128.964
             53         128.964
             54         128.964
             55         128.964
             56         128.964
             57         128.964
             58         128.964
             59         128.964
             60         128.964
             61         128.964
             62         129.941
             63         129.941
             64         129.941
             65         129.941
             66         129.941
             67         129.941
             68         129.941
             69         130.918
             70         130.918
             71         130.918
             72         130.918
             73         130.918
             74         130.918
             75         130.918
             76         130.918
             77         130.918
             78         131.895
             79         131.895
             80         131.895
             81         131.895
             82         131.895
             83         131.895
             84         132.872
             85         132.872
             86         132.872
             87         132.872
             88         132.872
             89         132.872
             90         133.849
             91         133.849
             92         133.849
             93         133.849
             94         133.849
             95         133.849
             96         133.849
             97         133.849
             98         134.826
             99         134.826
            100         134.826
            101         134.826
            102         134.826
            103         134.826
            104         134.826
            105         134.826
            106         134.826
            107         134.826
            108         134.826
            109         134.826
            110         134.826
            111         134.826
            112         134.826
            113         134.826
            114         134.826
            115         134.826
            116         134.826
            117         134.826
            118         134.826
            119         134.826
            120         134.826
            121         133.849
            122         133.849
            123         133.849
            124         133.849
            125         133.849
            126         133.849
            127         133.849
            128         133.849
            129         133.849
            130         133.849
            131         133.849
            132         133.849
            133         133.849
            134         133.849
            135         134.826
            136         134.826
            137         134.826
            138         134.826
            139         134.826
            140         134.826
            141         134.826
            142         134.826
            143         134.826
            144         134.826
            145         134.826
            146         134.826
            147         134.826
            148         134.826
            149         135.803
            150         135.803
            151         135.803
            152         135.803
            153         135.803
            154         135.803
            155         135.803
            156         135.803
            157         136.780
            158         136.780
            159         136.780
            160         136.780
            161         136.780
            162         136.780
            163         136.780
            164         137.757
            165         137.757
            166         137.757
            167         137.757
            168         137.757
            169         137.757
            170         137.757
            171         138.734
            172         138.734
            173         138.734
            174         138.734
            175         138.734
            176         138.734
            177         139.711
            178         139.711
            179         139.711
            180         139.711
            181         139.711
            182         140.688
            183         140.688
            184         140.688
            185         140.688
            186         140.688
            187         140.688
            188         141.665
            189         141.665
            190         141.665
            191         141.665
            192         141.665
            193         141.665
            194         142.642
            195         142.642
            196         142.642
            197         142.642
            198         142.642
            199         142.642
            200         142.642
            201         142.642
            202         143.619
            203         143.619
            204         143.619
            205         143.619
            206         143.619
            207         143.619
            208         143.619
            209         144.596
            210         144.596
            211         144.596
            212         144.596
            213         144.596
            214         144.596
            215         144.596
            216         145.573
            217         145.573
            218         145.573
            219         145.573
            220         145.573
            221         145.573
            222         146.550
            223         146.550
            224         146.550
            225         146.550
            226         146.550
            227         146.550
            228         147.527
            229         147.527
            230         147.527
            231         147.527
            232         147.527
            233         147.527
            234         147.527
            235         147.527
            236         148.504
            237         148.504
            238         148.504
            239         148.504
            240         148.504
            241         148.504
            242         148.504
            243         149.481
            244         149.481
            245         149.481
            246         149.481
            247         150.458
            248         150.458
            249         150.458
            250         150.458
            251         150.458
            252         150.458
            253         151.435
            254         151.435
            255         151.435
            256         151.435
            257         151.435
            258         151.435
            259         152.412
            260         152.412
            261         152.412
            262         152.412
            263         153.389
            264         153.389
            265         153.389
            266         153.389
            267         154.366
            268         154.366
            269         154.366
            270         154.366
            271         154.366
            272         155.343
            273         155.343
            274         155.343
            275         156.320
            276         156.320
            277         156.320
            278         156.320
            279         157.297
            280         157.297
            281         157.297
            282         158.274
            283         158.274
            284         158.274
            285         158.274
            286         159.251
            287         159.251
            288         159.251
            289         159.251
            290         160.228
            291         160.228
            292         160.228
            293         160.228
            294         160.228
            295         161.205
            296         161.205
            297         161.205
            298         161.205
            299         162.182
            300         162.182
            301         162.182
            302         162.182
            303         163.159
            304         163.159
            305         163.159
            306         163.159
            307         164.136
            308         164.136
            309         165.113
            310         165.113
            311         165.113
            312         166.090
            313         166.090
            314         167.067
            315         167.067
            316         168.044
            317         168.044
            318         169.021
            319         169.021
            320         169.021
            321         169.021
            322         169.998
            323         169.998
            324         169.998
            325         170.975
            326         170.975
            327         171.952
            328         171.952
            329         171.952
            330         172.929
            331         172.929
            332         172.929
            333         173.906
            334         173.906
            335         173.906
            336         174.883
            337         174.883
            338         174.883
            339         175.860
            340         175.860
            341         175.860
            342         176.837
            343         176.837
            344         176.837
            345         176.837
            346         177.814
            347         177.814
            348         177.814
            349         178.791
