TRACENO
              1          96.723
              2          96.723
              3          96.723
              4          96.723
              5          96.723
              6          96.723
              7          96.723
              8          96.723
              9          96.723
             10          96.723
             11          96.723
             12          96.723
             13          96.723
             14          96.723
             15          96.723
             16          96.723
             17          96.723
             18          96.723
             19          96.723
             20          96.723
             21          96.723
             22          96.723
             23          97.700
             24          97.700
             25          97.700
             26          97.700
             27          97.700
             28          97.700
             29          97.700
             30          97.700
             31          97.700
             32          97.700
             33          97.700
             34          97.700
             35          97.700
             36          98.677
             37          98.677
             38          98.677
             39          97.700
             40          97.700
             41          97.700
             42          97.700
             43          97.700
             44          97.700
             45          97.700
             46          97.700
             47          97.700
             48          97.700
             49          97.700
             50          97.700
             51          97.700
             52          97.700
             53          97.700
             54          97.700
             55          97.700
             56          97.700
             57          97.700
             58          97.700
             59          97.700
             60          97.700
             61          97.700
             62          97.700
             63          97.700
             64          97.700
             65          97.700
             66          97.700
             67          97.700
             68          97.700
             69          97.700
             70          98.677
             71          98.677
             72          98.677
             73          98.677
             74          98.677
             75          98.677
             76          98.677
             77          98.677
             78          98.677
             79          98.677
             80          98.677
             81          98.677
             82          98.677
             83          98.677
             84          98.677
             85          98.677
             86          98.677
             87          98.677
             88          99.654
             89          99.654
             90          99.654
             91          99.654
             92          99.654
             93          99.654
             94          99.654
             95          99.654
             96          99.654
             97          99.654
             98          99.654
             99          99.654
            100          99.654
            101          99.654
            102          99.654
            103          99.654
            104          99.654
            105          99.654
            106          99.654
            107          99.654
            108          99.654
            109          99.654
            110          99.654
            111          99.654
            112          99.654
            113          99.654
            114         100.631
            115         100.631
            116         100.631
            117         100.631
            118         100.631
            119         100.631
            120         100.631
            121         100.631
            122         100.631
            123         100.631
            124         100.631
            125         100.631
            126         100.631
            127         100.631
            128         100.631
            129         100.631
            130         100.631
            131         100.631
            132         100.631
            133         101.608
            134         101.608
            135         101.608
            136         101.608
            137         101.608
            138         101.608
            139         101.608
            140         101.608
            141         101.608
            142         101.608
            143         101.608
            144         101.608
            145         101.608
            146         101.608
            147         102.585
            148         102.585
            149         102.585
            150         102.585
            151         102.585
            152         102.585
            153         102.585
            154         102.585
            155         102.585
            156         102.585
            157         102.585
            158         102.585
            159         102.585
            160         102.585
            161         102.585
            162         102.585
            163         102.585
            164         102.585
            165         102.585
            166         102.585
            167         102.585
            168         102.585
            169         102.585
            170         102.585
            171         102.585
            172         102.585
            173         102.585
            174         102.585
            175         102.585
            176         102.585
            177         102.585
            178         102.585
            179         102.585
            180         102.585
            181         102.585
            182         102.585
            183         102.585
            184         102.585
            185         102.585
            186         102.585
            187         102.585
            188         102.585
            189         102.585
            190         102.585
            191         102.585
            192         102.585
            193         102.585
            194         102.585
            195         102.585
            196         103.562
            197         103.562
            198         103.562
            199         103.562
            200         103.562
            201         103.562
            202         103.562
            203         103.562
            204         103.562
            205         103.562
            206         103.562
            207         103.562
            208         103.562
            209         103.562
            210         103.562
            211         103.562
            212         103.562
            213         103.562
            214         103.562
            215         103.562
            216         103.562
            217         103.562
            218         103.562
            219         103.562
            220         103.562
            221         103.562
            222         103.562
            223         103.562
            224         103.562
            225         104.539
            226         104.539
            227         104.539
            228         104.539
            229         104.539
            230         104.539
            231         104.539
            232         104.539
            233         104.539
            234         104.539
            235         104.539
            236         104.539
            237         104.539
            238         104.539
            239         104.539
            240         104.539
            241         104.539
            242         104.539
            243         104.539
            244         104.539
            245         104.539
            246         104.539
            247         104.539
            248         104.539
            249         104.539
            250         104.539
            251         104.539
            252         104.539
            253         104.539
            254         105.516
            255         105.516
            256         105.516
            257         105.516
            258         105.516
            259         105.516
            260         105.516
            261         105.516
            262         105.516
            263         105.516
            264         105.516
            265         105.516
            266         105.516
            267         105.516
            268         105.516
            269         105.516
            270         105.516
            271         105.516
            272         105.516
            273         105.516
            274         105.516
            275         105.516
            276         105.516
            277         105.516
            278         105.516
            279         105.516
            280         105.516
            281         105.516
            282         105.516
            283         106.493
            284         106.493
            285         106.493
            286         106.493
            287         106.493
            288         106.493
            289         106.493
            290         106.493
            291         106.493
            292         106.493
            293         106.493
            294         106.493
            295         106.493
            296         106.493
            297         106.493
            298         106.493
            299         106.493
            300         106.493
            301         106.493
            302         106.493
            303         106.493
            304         106.493
            305         106.493
            306         106.493
            307         106.493
            308         106.493
            309         107.470
            310         107.470
            311         107.470
            312         107.470
            313         107.470
            314         107.470
            315         107.470
            316         107.470
            317         107.470
            318         107.470
            319         107.470
            320         107.470
            321         107.470
            322         107.470
            323         107.470
            324         107.470
            325         107.470
            326         108.447
            327         108.447
            328         108.447
            329         108.447
            330         108.447
            331         108.447
            332         108.447
            333         108.447
            334         108.447
            335         108.447
            336         108.447
            337         108.447
            338         108.447
            339         108.447
            340         108.447
            341         108.447
            342         108.447
            343         109.424
            344         109.424
            345         109.424
            346         109.424
            347         109.424
            348         109.424
            349         109.424
            350         109.424
            351         109.424
            352         109.424
            353         109.424
            354         109.424
            355         109.424
            356         109.424
            357         109.424
            358         109.424
            359         109.424
            360         110.401
            361         110.401
            362         110.401
            363         110.401
            364         110.401
            365         110.401
            366         110.401
            367         110.401
            368         110.401
            369         110.401
            370         110.401
            371         110.401
            372         110.401
            373         110.401
            374         110.401
            375         110.401
            376         110.401
            377         111.378
            378         111.378
            379         111.378
            380         111.378
            381         111.378
            382         111.378
            383         111.378
            384         111.378
            385         111.378
            386         111.378
            387         111.378
            388         111.378
            389         111.378
            390         111.378
            391         111.378
            392         111.378
            393         111.378
            394         112.355
            395         112.355
            396         112.355
            397         112.355
            398         112.355
            399         112.355
            400         112.355
            401         112.355
            402         112.355
            403         112.355
            404         112.355
            405         112.355
            406         112.355
            407         112.355
            408         112.355
            409         112.355
            410         112.355
            411         113.332
            412         113.332
            413         113.332
            414         113.332
            415         113.332
            416         113.332
            417         113.332
            418         113.332
            419         113.332
            420         113.332
            421         113.332
            422         113.332
            423         113.332
            424         113.332
            425         113.332
            426         113.332
            427         113.332
            428         114.309
            429         114.309
            430         114.309
            431         114.309
            432         114.309
            433         114.309
            434         114.309
            435         114.309
            436         114.309
            437         114.309
            438         114.309
            439         114.309
            440         114.309
            441         114.309
            442         114.309
            443         114.309
            444         114.309
            445         115.286
            446         115.286
            447         115.286
            448         115.286
            449         115.286
            450         115.286
            451         115.286
            452         115.286
            453         115.286
            454         115.286
            455         115.286
            456         115.286
            457         115.286
            458         115.286
            459         115.286
            460         115.286
            461         115.286
            462         115.286
            463         115.286
            464         115.286
            465         116.263
            466         116.263
            467         116.263
            468         116.263
            469         116.263
            470         116.263
            471         116.263
            472         116.263
            473         116.263
            474         116.263
            475         116.263
            476         116.263
            477         116.263
            478         116.263
            479         116.263
            480         116.263
            481         116.263
            482         116.263
            483         116.263
            484         116.263
            485         117.240
            486         117.240
            487         117.240
            488         117.240
            489         117.240
            490         117.240
            491         117.240
            492         117.240
            493         117.240
            494         117.240
            495         117.240
            496         117.240
            497         117.240
            498         117.240
            499         117.240
            500         117.240
            501         117.240
            502         117.240
            503         117.240
            504         117.240
            505         118.217
            506         118.217
            507         118.217
            508         118.217
            509         118.217
            510         118.217
            511         118.217
            512         118.217
            513         118.217
            514         118.217
            515         118.217
            516         118.217
            517         118.217
            518         118.217
            519         118.217
            520         118.217
            521         118.217
            522         118.217
            523         118.217
            524         118.217
            525         119.194
            526         119.194
            527         119.194
            528         119.194
            529         119.194
            530         119.194
            531         119.194
            532         119.194
            533         119.194
            534         119.194
            535         119.194
            536         119.194
            537         119.194
            538         119.194
            539         119.194
            540         119.194
            541         119.194
            542         119.194
            543         119.194
            544         120.171
            545         120.171
            546         120.171
            547         120.171
            548         120.171
            549         120.171
            550         120.171
            551         120.171
            552         120.171
            553         120.171
            554         120.171
            555         120.171
            556         120.171
            557         120.171
            558         120.171
            559         120.171
            560         120.171
            561         120.171
            562         120.171
            563         120.171
            564         121.148
            565         121.148
            566         121.148
            567         121.148
            568         121.148
            569         121.148
            570         121.148
            571         121.148
            572         121.148
            573         121.148
            574         121.148
            575         121.148
            576         121.148
            577         121.148
            578         121.148
            579         121.148
            580         121.148
            581         121.148
            582         121.148
            583         121.148
            584         122.125
            585         122.125
            586         122.125
            587         122.125
            588         122.125
            589         122.125
            590         122.125
            591         122.125
            592         122.125
            593         122.125
            594         122.125
            595         122.125
            596         122.125
            597         122.125
            598         122.125
            599         122.125
            600         122.125
            601         122.125
            602         122.125
            603         122.125
            604         123.102
            605         123.102
            606         123.102
            607         123.102
            608         123.102
            609         123.102
            610         123.102
            611         123.102
            612         123.102
            613         123.102
            614         123.102
            615         123.102
            616         123.102
            617         123.102
            618         123.102
            619         123.102
            620         123.102
            621         123.102
            622         123.102
            623         123.102
            624         123.102
            625         123.102
            626         123.102
            627         124.079
            628         124.079
            629         124.079
            630         124.079
            631         124.079
            632         124.079
            633         124.079
            634         124.079
            635         124.079
            636         124.079
            637         124.079
            638         124.079
            639         124.079
            640         124.079
            641         124.079
            642         124.079
            643         124.079
            644         124.079
            645         124.079
            646         124.079
            647         124.079
            648         124.079
            649         124.079
            650         125.056
            651         125.056
            652         125.056
            653         125.056
            654         125.056
            655         125.056
            656         125.056
            657         125.056
            658         125.056
            659         125.056
            660         125.056
            661         125.056
            662         125.056
            663         125.056
            664         125.056
            665         125.056
            666         125.056
            667         125.056
            668         125.056
            669         125.056
            670         125.056
            671         125.056
            672         125.056
            673         126.033
            674         126.033
            675         126.033
            676         126.033
            677         126.033
            678         126.033
            679         126.033
            680         126.033
            681         126.033
            682         126.033
            683         126.033
            684         126.033
            685         126.033
            686         126.033
            687         126.033
            688         126.033
            689         126.033
            690         126.033
            691         126.033
            692         126.033
            693         126.033
            694         126.033
            695         126.033
            696         127.010
            697         127.010
            698         127.010
            699         127.010
            700         127.010
            701         127.010
            702         127.010
            703         127.010
            704         127.010
            705         127.010
            706         127.010
            707         127.010
            708         127.010
            709         127.010
            710         127.010
            711         127.010
            712         127.010
            713         127.010
            714         127.010
            715         127.010
            716         127.010
            717         127.010
            718         127.010
            719         127.010
            720         127.010
            721         127.010
            722         127.010
            723         127.010
            724         127.010
            725         127.010
            726         127.010
            727         127.010
            728         127.987
            729         127.987
            730         127.987
            731         127.987
            732         127.987
            733         127.987
            734         127.987
            735         127.987
            736         127.987
            737         127.987
            738         127.987
            739         127.987
            740         127.987
            741         127.987
            742         127.987
            743         127.987
            744         127.987
            745         127.987
            746         127.987
            747         127.987
            748         127.987
            749         127.987
            750         127.987
            751         127.987
            752         127.987
            753         127.987
            754         127.987
            755         127.987
            756         127.987
            757         127.987
            758         127.987
            759         127.987
            760         128.964
            761         128.964
            762         128.964
            763         128.964
            764         128.964
            765         128.964
            766         128.964
            767         128.964
            768         128.964
            769         128.964
            770         128.964
            771         128.964
            772         128.964
            773         128.964
            774         128.964
            775         128.964
            776         128.964
            777         128.964
            778         128.964
            779         128.964
            780         128.964
            781         128.964
            782         128.964
            783         128.964
            784         128.964
            785         128.964
            786         128.964
            787         128.964
            788         128.964
            789         128.964
            790         128.964
            791         128.964
            792         128.964
            793         129.941
            794         129.941
            795         129.941
            796         129.941
            797         129.941
            798         129.941
            799         129.941
            800         129.941
            801         129.941
            802         129.941
            803         129.941
            804         129.941
            805         129.941
            806         129.941
            807         129.941
            808         129.941
            809         129.941
            810         129.941
            811         129.941
            812         129.941
            813         129.941
            814         129.941
            815         129.941
            816         129.941
            817         129.941
            818         129.941
            819         129.941
            820         129.941
            821         129.941
            822         129.941
            823         129.941
            824         129.941
            825         129.941
            826         129.941
            827         129.941
            828         129.941
            829         129.941
            830         129.941
            831         129.941
            832         129.941
            833         129.941
            834         129.941
            835         129.941
            836         129.941
            837         129.941
            838         129.941
            839         129.941
            840         129.941
            841         129.941
            842         129.941
            843         129.941
            844         129.941
            845         129.941
            846         129.941
            847         129.941
            848         129.941
            849         129.941
            850         129.941
            851         129.941
            852         129.941
            853         129.941
            854         129.941
            855         129.941
            856         129.941
            857         129.941
            858         129.941
            859         129.941
            860         129.941
            861         129.941
            862         129.941
            863         129.941
            864         129.941
            865         129.941
            866         129.941
            867         129.941
            868         129.941
            869         129.941
            870         129.941
            871         129.941
            872         129.941
            873         129.941
            874         129.941
            875         129.941
            876         129.941
            877         129.941
            878         129.941
            879         129.941
            880         129.941
            881         129.941
            882         129.941
            883         129.941
            884         129.941
            885         129.941
            886         129.941
            887         129.941
            888         129.941
            889         129.941
            890         129.941
            891         129.941
            892         129.941
            893         129.941
            894         129.941
            895         129.941
            896         129.941
            897         129.941
            898         129.941
            899         129.941
            900         129.941
            901         129.941
            902         129.941
            903         129.941
            904         129.941
            905         129.941
            906         129.941
            907         129.941
            908         129.941
            909         129.941
            910         129.941
            911         129.941
            912         129.941
            913         129.941
            914         129.941
            915         129.941
            916         129.941
            917         129.941
            918         129.941
            919         129.941
            920         129.941
            921         129.941
            922         129.941
            923         129.941
            924         129.941
            925         129.941
            926         129.941
            927         129.941
            928         129.941
            929         129.941
            930         129.941
            931         129.941
            932         129.941
            933         129.941
            934         129.941
            935         129.941
            936         129.941
            937         129.941
            938         129.941
            939         129.941
            940         129.941
            941         129.941
            942         129.941
            943         129.941
            944         129.941
            945         129.941
            946         129.941
            947         129.941
            948         129.941
            949         129.941
            950         129.941
            951         129.941
            952         129.941
            953         129.941
            954         129.941
            955         129.941
            956         129.941
            957         129.941
            958         129.941
            959         129.941
            960         129.941
            961         129.941
            962         129.941
            963         129.941
            964         129.941
            965         129.941
            966         129.941
            967         129.941
            968         129.941
            969         129.941
            970         129.941
            971         129.941
            972         129.941
            973         129.941
            974         129.941
            975         129.941
            976         129.941
            977         129.941
            978         129.941
            979         129.941
            980         129.941
            981         129.941
            982         129.941
            983         129.941
            984         129.941
            985         129.941
            986         129.941
            987         129.941
            988         129.941
            989         129.941
            990         129.941
            991         129.941
            992         129.941
            993         129.941
            994         129.941
            995         129.941
            996         129.941
            997         129.941
            998         129.941
            999         129.941
           1000         129.941
           1001         129.941
           1002         129.941
           1003         129.941
           1004         129.941
           1005         129.941
           1006         129.941
           1007         129.941
           1008         129.941
           1009         129.941
           1010         129.941
           1011         129.941
           1012         129.941
           1013         129.941
           1014         129.941
           1015         129.941
           1016         129.941
           1017         129.941
           1018         129.941
           1019         129.941
           1020         129.941
           1021         129.941
           1022         130.918
           1023         130.918
           1024         130.918
           1025         130.918
           1026         130.918
           1027         130.918
           1028         130.918
           1029         130.918
           1030         130.918
           1031         130.918
           1032         130.918
           1033         130.918
           1034         130.918
           1035         130.918
           1036         130.918
           1037         130.918
           1038         130.918
           1039         130.918
           1040         130.918
           1041         130.918
           1042         130.918
           1043         130.918
           1044         130.918
           1045         130.918
           1046         130.918
           1047         130.918
           1048         130.918
           1049         130.918
           1050         130.918
           1051         130.918
           1052         130.918
           1053         130.918
           1054         130.918
           1055         130.918
           1056         130.918
           1057         130.918
           1058         130.918
           1059         130.918
           1060         130.918
           1061         130.918
           1062         130.918
           1063         130.918
           1064         130.918
           1065         130.918
           1066         130.918
           1067         130.918
           1068         130.918
           1069         130.918
           1070         130.918
           1071         130.918
           1072         130.918
           1073         130.918
           1074         130.918
           1075         130.918
           1076         130.918
           1077         130.918
           1078         130.918
           1079         130.918
           1080         130.918
           1081         130.918
           1082         130.918
           1083         130.918
           1084         130.918
           1085         130.918
           1086         130.918
           1087         130.918
           1088         130.918
           1089         130.918
           1090         130.918
           1091         130.918
           1092         130.918
           1093         130.918
           1094         130.918
           1095         130.918
           1096         130.918
           1097         130.918
           1098         130.918
           1099         130.918
           1100         130.918
           1101         130.918
           1102         130.918
           1103         130.918
           1104         130.918
           1105         130.918
           1106         130.918
           1107         130.918
           1108         130.918
           1109         130.918
           1110         130.918
           1111         130.918
           1112         130.918
           1113         130.918
           1114         130.918
           1115         130.918
           1116         130.918
           1117         130.918
           1118         130.918
           1119         130.918
           1120         130.918
           1121         130.918
           1122         130.918
           1123         130.918
           1124         130.918
           1125         130.918
           1126         131.895
           1127         131.895
           1128         131.895
           1129         131.895
           1130         131.895
           1131         131.895
           1132         131.895
           1133         131.895
           1134         131.895
           1135         131.895
           1136         131.895
           1137         131.895
           1138         131.895
           1139         131.895
           1140         131.895
           1141         131.895
           1142         131.895
           1143         131.895
           1144         131.895
           1145         131.895
           1146         131.895
           1147         131.895
           1148         131.895
           1149         131.895
           1150         131.895
           1151         131.895
           1152         131.895
           1153         131.895
           1154         131.895
           1155         131.895
           1156         131.895
           1157         131.895
           1158         131.895
           1159         131.895
           1160         131.895
           1161         131.895
           1162         131.895
           1163         131.895
           1164         131.895
           1165         131.895
           1166         131.895
           1167         131.895
           1168         131.895
           1169         131.895
           1170         131.895
           1171         131.895
           1172         131.895
           1173         131.895
           1174         131.895
           1175         131.895
           1176         131.895
           1177         131.895
           1178         131.895
           1179         131.895
           1180         131.895
           1181         131.895
           1182         131.895
           1183         131.895
           1184         131.895
           1185         131.895
           1186         131.895
           1187         131.895
           1188         132.872
           1189         132.872
           1190         132.872
           1191         132.872
           1192         132.872
           1193         132.872
           1194         132.872
           1195         132.872
           1196         132.872
           1197         132.872
           1198         132.872
           1199         132.872
           1200         132.872
           1201         132.872
           1202         132.872
           1203         132.872
           1204         132.872
           1205         132.872
           1206         132.872
           1207         132.872
           1208         132.872
           1209         132.872
           1210         132.872
           1211         132.872
           1212         132.872
           1213         132.872
           1214         132.872
           1215         133.849
           1216         133.849
           1217         133.849
           1218         133.849
           1219         133.849
           1220         133.849
           1221         133.849
           1222         133.849
           1223         133.849
           1224         133.849
           1225         133.849
           1226         133.849
           1227         133.849
           1228         133.849
           1229         133.849
           1230         133.849
           1231         133.849
           1232         133.849
           1233         133.849
           1234         133.849
           1235         133.849
           1236         133.849
           1237         133.849
           1238         133.849
           1239         133.849
           1240         133.849
           1241         133.849
           1242         133.849
           1243         133.849
           1244         133.849
           1245         133.849
           1246         133.849
           1247         133.849
           1248         133.849
           1249         133.849
           1250         133.849
           1251         133.849
           1252         133.849
           1253         133.849
           1254         133.849
           1255         133.849
           1256         133.849
           1257         133.849
           1258         133.849
           1259         133.849
           1260         133.849
           1261         133.849
           1262         133.849
           1263         133.849
           1264         133.849
           1265         133.849
           1266         133.849
           1267         133.849
           1268         133.849
           1269         133.849
           1270         133.849
           1271         133.849
           1272         133.849
           1273         133.849
           1274         133.849
           1275         133.849
           1276         133.849
           1277         133.849
           1278         133.849
           1279         133.849
           1280         133.849
           1281         133.849
           1282         133.849
           1283         133.849
           1284         133.849
           1285         133.849
           1286         133.849
           1287         133.849
           1288         133.849
           1289         133.849
           1290         133.849
           1291         133.849
           1292         133.849
           1293         133.849
           1294         133.849
           1295         133.849
           1296         133.849
           1297         133.849
           1298         133.849
           1299         133.849
           1300         133.849
           1301         133.849
           1302         133.849
           1303         133.849
           1304         133.849
           1305         133.849
           1306         133.849
           1307         133.849
           1308         133.849
           1309         133.849
           1310         133.849
           1311         133.849
           1312         133.849
           1313         133.849
           1314         133.849
           1315         133.849
           1316         133.849
           1317         133.849
           1318         133.849
           1319         133.849
           1320         133.849
           1321         133.849
           1322         133.849
           1323         133.849
           1324         133.849
           1325         133.849
           1326         133.849
           1327         133.849
           1328         133.849
           1329         133.849
           1330         133.849
           1331         133.849
           1332         133.849
           1333         133.849
           1334         133.849
           1335         133.849
           1336         133.849
           1337         133.849
           1338         133.849
           1339         133.849
           1340         133.849
           1341         133.849
           1342         133.849
           1343         133.849
           1344         133.849
           1345         133.849
           1346         133.849
           1347         134.826
           1348         134.826
           1349         134.826
           1350         134.826
           1351         134.826
           1352         134.826
           1353         134.826
           1354         134.826
           1355         134.826
           1356         134.826
           1357         134.826
           1358         134.826
           1359         134.826
           1360         134.826
           1361         134.826
           1362         134.826
           1363         134.826
           1364         134.826
           1365         134.826
           1366         134.826
           1367         134.826
           1368         134.826
           1369         134.826
           1370         134.826
           1371         134.826
           1372         134.826
           1373         134.826
           1374         134.826
           1375         134.826
           1376         134.826
           1377         134.826
           1378         134.826
           1379         134.826
           1380         134.826
           1381         134.826
           1382         134.826
           1383         134.826
           1384         134.826
           1385         134.826
           1386         134.826
           1387         134.826
           1388         134.826
           1389         134.826
           1390         134.826
           1391         134.826
           1392         134.826
           1393         134.826
           1394         134.826
           1395         134.826
           1396         134.826
           1397         134.826
           1398         134.826
           1399         134.826
           1400         134.826
           1401         134.826
           1402         134.826
           1403         134.826
           1404         134.826
           1405         134.826
           1406         134.826
           1407         134.826
           1408         134.826
           1409         134.826
           1410         134.826
           1411         134.826
           1412         134.826
           1413         134.826
           1414         134.826
           1415         134.826
           1416         134.826
           1417         134.826
           1418         134.826
           1419         134.826
           1420         134.826
           1421         134.826
           1422         134.826
           1423         134.826
           1424         134.826
           1425         134.826
           1426         134.826
           1427         134.826
           1428         134.826
           1429         134.826
           1430         134.826
           1431         134.826
           1432         134.826
           1433         134.826
           1434         134.826
           1435         134.826
           1436         134.826
           1437         134.826
           1438         134.826
           1439         134.826
           1440         134.826
           1441         134.826
           1442         134.826
           1443         134.826
           1444         134.826
           1445         134.826
           1446         134.826
           1447         134.826
           1448         134.826
           1449         134.826
           1450         134.826
           1451         134.826
           1452         134.826
           1453         134.826
           1454         134.826
           1455         134.826
           1456         134.826
           1457         134.826
           1458         134.826
           1459         134.826
           1460         134.826
           1461         134.826
           1462         134.826
           1463         134.826
           1464         134.826
           1465         134.826
           1466         134.826
           1467         134.826
           1468         134.826
           1469         134.826
           1470         134.826
           1471         134.826
           1472         134.826
           1473         134.826
           1474         134.826
           1475         134.826
           1476         134.826
           1477         134.826
           1478         134.826
           1479         134.826
           1480         134.826
           1481         134.826
           1482         134.826
           1483         135.803
           1484         135.803
           1485         135.803
           1486         135.803
           1487         135.803
           1488         135.803
           1489         135.803
           1490         135.803
           1491         135.803
           1492         135.803
           1493         135.803
           1494         135.803
           1495         136.780
           1496         136.780
           1497         136.780
           1498         136.780
           1499         136.780
           1500         136.780
           1501         136.780
           1502         136.780
           1503         135.803
           1504         135.803
           1505         135.803
           1506         135.803
           1507         135.803
           1508         135.803
           1509         135.803
           1510         135.803
           1511         135.803
           1512         135.803
           1513         135.803
           1514         135.803
           1515         135.803
           1516         135.803
           1517         135.803
           1518         135.803
           1519         135.803
           1520         135.803
           1521         135.803
           1522         135.803
           1523         135.803
           1524         135.803
           1525         135.803
           1526         135.803
           1527         135.803
           1528         135.803
           1529         135.803
           1530         135.803
           1531         135.803
           1532         135.803
           1533         135.803
           1534         135.803
           1535         135.803
           1536         135.803
           1537         135.803
           1538         135.803
           1539         135.803
           1540         135.803
           1541         135.803
           1542         135.803
           1543         135.803
           1544         135.803
           1545         135.803
           1546         135.803
           1547         135.803
           1548         135.803
           1549         135.803
           1550         135.803
           1551         135.803
           1552         135.803
           1553         135.803
           1554         135.803
           1555         135.803
           1556         135.803
           1557         135.803
           1558         135.803
           1559         135.803
           1560         135.803
           1561         135.803
           1562         135.803
           1563         135.803
           1564         135.803
           1565         136.780
           1566         136.780
           1567         136.780
           1568         136.780
           1569         136.780
           1570         136.780
           1571         136.780
           1572         136.780
           1573         136.780
           1574         136.780
           1575         136.780
           1576         136.780
           1577         136.780
           1578         136.780
           1579         136.780
           1580         136.780
           1581         136.780
           1582         136.780
           1583         136.780
           1584         136.780
           1585         136.780
           1586         136.780
           1587         136.780
           1588         136.780
           1589         136.780
           1590         136.780
           1591         136.780
           1592         136.780
           1593         136.780
           1594         136.780
           1595         136.780
           1596         136.780
           1597         136.780
           1598         136.780
           1599         136.780
           1600         136.780
           1601         136.780
           1602         136.780
           1603         136.780
           1604         136.780
           1605         136.780
           1606         136.780
           1607         136.780
           1608         136.780
           1609         136.780
           1610         136.780
           1611         135.803
           1612         135.803
           1613         135.803
           1614         135.803
           1615         135.803
           1616         135.803
           1617         135.803
           1618         135.803
           1619         135.803
           1620         135.803
           1621         135.803
           1622         135.803
           1623         135.803
           1624         135.803
           1625         135.803
           1626         135.803
           1627         135.803
           1628         135.803
           1629         135.803
           1630         135.803
           1631         135.803
           1632         135.803
           1633         135.803
           1634         135.803
           1635         135.803
           1636         135.803
           1637         135.803
           1638         135.803
           1639         135.803
           1640         135.803
           1641         135.803
           1642         135.803
           1643         135.803
           1644         135.803
           1645         135.803
           1646         135.803
           1647         135.803
           1648         135.803
           1649         135.803
           1650         135.803
           1651         135.803
           1652         135.803
           1653         135.803
           1654         135.803
           1655         135.803
           1656         135.803
           1657         135.803
           1658         135.803
           1659         135.803
           1660         135.803
           1661         135.803
           1662         135.803
           1663         135.803
           1664         135.803
           1665         135.803
           1666         135.803
           1667         135.803
           1668         135.803
           1669         135.803
           1670         135.803
           1671         135.803
           1672         135.803
           1673         135.803
           1674         135.803
           1675         135.803
           1676         135.803
           1677         135.803
           1678         135.803
           1679         135.803
           1680         135.803
           1681         135.803
           1682         135.803
           1683         135.803
           1684         135.803
           1685         135.803
           1686         135.803
           1687         135.803
           1688         135.803
           1689         135.803
           1690         135.803
           1691         136.780
           1692         136.780
           1693         136.780
           1694         136.780
           1695         136.780
           1696         136.780
           1697         136.780
           1698         136.780
           1699         136.780
           1700         136.780
           1701         136.780
           1702         136.780
           1703         136.780
           1704         136.780
           1705         136.780
           1706         136.780
           1707         136.780
           1708         136.780
           1709         136.780
           1710         136.780
           1711         136.780
           1712         136.780
           1713         136.780
           1714         136.780
           1715         136.780
           1716         136.780
           1717         136.780
           1718         136.780
           1719         136.780
           1720         136.780
           1721         136.780
           1722         136.780
           1723         136.780
           1724         136.780
           1725         136.780
           1726         136.780
           1727         136.780
           1728         136.780
           1729         136.780
           1730         136.780
           1731         136.780
           1732         136.780
           1733         136.780
           1734         136.780
           1735         136.780
           1736         136.780
           1737         136.780
           1738         136.780
           1739         136.780
           1740         136.780
           1741         136.780
           1742         136.780
           1743         136.780
           1744         136.780
           1745         136.780
           1746         136.780
           1747         136.780
           1748         136.780
           1749         136.780
           1750         136.780
           1751         136.780
           1752         136.780
           1753         136.780
           1754         136.780
           1755         136.780
           1756         136.780
           1757         136.780
           1758         136.780
           1759         136.780
           1760         136.780
           1761         136.780
           1762         136.780
           1763         136.780
           1764         136.780
           1765         136.780
           1766         136.780
           1767         136.780
           1768         136.780
           1769         136.780
           1770         136.780
           1771         136.780
           1772         136.780
           1773         136.780
           1774         136.780
           1775         136.780
           1776         136.780
           1777         136.780
           1778         136.780
           1779         136.780
           1780         136.780
           1781         136.780
           1782         136.780
           1783         136.780
           1784         136.780
           1785         136.780
           1786         136.780
           1787         136.780
           1788         136.780
           1789         136.780
           1790         136.780
           1791         136.780
           1792         136.780
           1793         136.780
           1794         136.780
           1795         136.780
           1796         136.780
           1797         136.780
           1798         136.780
           1799         136.780
           1800         136.780
           1801         136.780
           1802         136.780
           1803         136.780
           1804         136.780
           1805         136.780
           1806         136.780
           1807         136.780
           1808         136.780
           1809         136.780
           1810         136.780
           1811         136.780
           1812         136.780
           1813         136.780
           1814         136.780
           1815         136.780
           1816         136.780
           1817         136.780
           1818         136.780
           1819         136.780
           1820         136.780
           1821         136.780
           1822         136.780
           1823         137.757
           1824         137.757
           1825         137.757
           1826         137.757
           1827         137.757
           1828         137.757
           1829         137.757
           1830         137.757
           1831         137.757
           1832         137.757
           1833         137.757
           1834         137.757
           1835         137.757
           1836         137.757
           1837         137.757
           1838         137.757
           1839         137.757
           1840         137.757
           1841         137.757
           1842         137.757
           1843         137.757
           1844         137.757
           1845         137.757
           1846         137.757
           1847         137.757
           1848         137.757
           1849         137.757
           1850         137.757
           1851         137.757
           1852         137.757
           1853         137.757
           1854         137.757
           1855         137.757
           1856         137.757
           1857         137.757
           1858         137.757
           1859         137.757
           1860         137.757
           1861         137.757
           1862         137.757
           1863         137.757
           1864         137.757
           1865         137.757
           1866         137.757
           1867         137.757
           1868         137.757
           1869         137.757
           1870         137.757
           1871         137.757
           1872         137.757
           1873         137.757
           1874         137.757
           1875         137.757
           1876         137.757
           1877         137.757
           1878         137.757
           1879         137.757
           1880         137.757
           1881         137.757
           1882         137.757
           1883         137.757
           1884         137.757
           1885         137.757
           1886         138.734
           1887         138.734
           1888         138.734
           1889         138.734
           1890         138.734
           1891         138.734
           1892         138.734
           1893         138.734
           1894         138.734
           1895         138.734
           1896         138.734
           1897         138.734
           1898         138.734
           1899         138.734
           1900         138.734
           1901         138.734
           1902         138.734
           1903         138.734
           1904         138.734
           1905         138.734
           1906         138.734
           1907         138.734
           1908         138.734
           1909         138.734
           1910         138.734
           1911         138.734
           1912         138.734
           1913         138.734
           1914         138.734
           1915         138.734
           1916         138.734
           1917         138.734
           1918         138.734
           1919         138.734
           1920         138.734
           1921         138.734
           1922         138.734
           1923         138.734
           1924         138.734
           1925         138.734
           1926         138.734
           1927         138.734
           1928         138.734
           1929         138.734
           1930         138.734
           1931         138.734
           1932         138.734
           1933         138.734
           1934         138.734
           1935         138.734
           1936         138.734
           1937         138.734
           1938         138.734
           1939         138.734
           1940         138.734
           1941         138.734
           1942         138.734
           1943         138.734
           1944         138.734
           1945         138.734
           1946         138.734
           1947         138.734
           1948         138.734
           1949         138.734
           1950         138.734
           1951         138.734
           1952         138.734
           1953         138.734
           1954         138.734
           1955         138.734
           1956         138.734
           1957         138.734
           1958         138.734
           1959         138.734
           1960         138.734
           1961         138.734
           1962         138.734
           1963         138.734
           1964         138.734
           1965         138.734
           1966         138.734
           1967         138.734
           1968         138.734
           1969         138.734
           1970         138.734
           1971         138.734
           1972         138.734
           1973         138.734
           1974         139.711
           1975         139.711
           1976         139.711
           1977         139.711
           1978         139.711
           1979         139.711
           1980         139.711
           1981         139.711
           1982         139.711
           1983         139.711
           1984         139.711
           1985         139.711
           1986         139.711
           1987         139.711
           1988         139.711
           1989         139.711
           1990         139.711
           1991         139.711
           1992         139.711
           1993         139.711
           1994         139.711
           1995         139.711
           1996         139.711
           1997         139.711
           1998         139.711
           1999         139.711
           2000         139.711
           2001         139.711
           2002         139.711
           2003         140.688
           2004         140.688
           2005         140.688
           2006         140.688
           2007         140.688
           2008         140.688
           2009         140.688
           2010         140.688
           2011         140.688
           2012         140.688
           2013         140.688
           2014         140.688
           2015         140.688
           2016         140.688
           2017         140.688
           2018         140.688
           2019         140.688
           2020         140.688
           2021         140.688
           2022         140.688
           2023         140.688
           2024         140.688
           2025         140.688
           2026         140.688
           2027         140.688
           2028         140.688
           2029         140.688
           2030         140.688
           2031         140.688
           2032         140.688
           2033         140.688
           2034         140.688
           2035         140.688
           2036         140.688
           2037         141.665
           2038         141.665
           2039         141.665
           2040         141.665
           2041         141.665
           2042         141.665
           2043         141.665
           2044         141.665
           2045         141.665
           2046         141.665
           2047         141.665
           2048         141.665
           2049         141.665
           2050         141.665
           2051         141.665
           2052         141.665
           2053         141.665
           2054         141.665
           2055         141.665
           2056         141.665
           2057         141.665
           2058         141.665
           2059         141.665
           2060         141.665
           2061         141.665
           2062         141.665
           2063         141.665
           2064         141.665
           2065         141.665
           2066         141.665
           2067         141.665
           2068         141.665
           2069         141.665
           2070         141.665
           2071         141.665
           2072         141.665
           2073         141.665
           2074         141.665
           2075         141.665
           2076         141.665
           2077         141.665
           2078         141.665
           2079         141.665
           2080         141.665
           2081         141.665
           2082         141.665
           2083         141.665
           2084         141.665
           2085         141.665
           2086         141.665
           2087         141.665
           2088         141.665
           2089         141.665
           2090         141.665
           2091         141.665
           2092         141.665
           2093         142.642
           2094         142.642
           2095         142.642
           2096         142.642
           2097         142.642
           2098         142.642
           2099         142.642
           2100         142.642
           2101         142.642
           2102         142.642
           2103         142.642
           2104         142.642
           2105         142.642
           2106         142.642
           2107         142.642
           2108         142.642
           2109         142.642
           2110         143.619
           2111         143.619
           2112         143.619
           2113         143.619
           2114         143.619
           2115         143.619
           2116         143.619
           2117         143.619
           2118         143.619
           2119         143.619
           2120         143.619
           2121         143.619
           2122         143.619
           2123         143.619
           2124         143.619
           2125         143.619
           2126         143.619
           2127         144.596
           2128         144.596
           2129         144.596
           2130         144.596
           2131         144.596
           2132         144.596
           2133         144.596
           2134         144.596
           2135         144.596
           2136         144.596
           2137         144.596
           2138         144.596
           2139         144.596
           2140         144.596
           2141         144.596
           2142         144.596
           2143         144.596
           2144         144.596
           2145         144.596
           2146         144.596
           2147         144.596
           2148         144.596
           2149         144.596
           2150         144.596
           2151         144.596
           2152         144.596
           2153         144.596
           2154         144.596
           2155         144.596
           2156         144.596
           2157         144.596
           2158         144.596
           2159         144.596
           2160         144.596
           2161         144.596
           2162         144.596
           2163         144.596
           2164         144.596
           2165         144.596
           2166         144.596
           2167         144.596
           2168         144.596
           2169         144.596
           2170         144.596
           2171         144.596
           2172         144.596
           2173         144.596
           2174         144.596
           2175         145.573
           2176         145.573
           2177         145.573
           2178         145.573
           2179         145.573
           2180         145.573
           2181         145.573
           2182         145.573
           2183         145.573
           2184         145.573
           2185         145.573
           2186         145.573
           2187         145.573
           2188         145.573
           2189         145.573
           2190         145.573
           2191         145.573
           2192         145.573
           2193         145.573
           2194         145.573
           2195         145.573
           2196         145.573
           2197         145.573
           2198         145.573
           2199         145.573
           2200         145.573
           2201         145.573
           2202         145.573
           2203         145.573
           2204         145.573
           2205         145.573
           2206         145.573
           2207         145.573
           2208         146.550
           2209         146.550
           2210         146.550
           2211         146.550
           2212         146.550
           2213         146.550
           2214         146.550
           2215         146.550
           2216         146.550
           2217         146.550
           2218         146.550
           2219         146.550
           2220         146.550
           2221         146.550
           2222         146.550
           2223         146.550
           2224         146.550
           2225         146.550
           2226         146.550
           2227         146.550
           2228         146.550
           2229         146.550
           2230         146.550
           2231         146.550
           2232         146.550
           2233         146.550
           2234         146.550
           2235         146.550
           2236         146.550
           2237         146.550
           2238         146.550
           2239         146.550
           2240         146.550
           2241         147.527
           2242         147.527
           2243         147.527
           2244         147.527
           2245         147.527
           2246         147.527
           2247         147.527
           2248         147.527
           2249         147.527
           2250         147.527
           2251         147.527
           2252         147.527
           2253         147.527
           2254         147.527
           2255         147.527
           2256         147.527
           2257         147.527
           2258         147.527
           2259         147.527
           2260         147.527
           2261         147.527
           2262         147.527
           2263         147.527
           2264         147.527
           2265         147.527
           2266         147.527
           2267         147.527
           2268         147.527
           2269         147.527
           2270         147.527
           2271         147.527
           2272         147.527
           2273         147.527
           2274         147.527
           2275         147.527
           2276         147.527
           2277         148.504
           2278         148.504
           2279         148.504
           2280         148.504
           2281         148.504
           2282         148.504
           2283         148.504
           2284         148.504
           2285         148.504
           2286         148.504
           2287         148.504
           2288         148.504
           2289         148.504
           2290         148.504
           2291         148.504
           2292         148.504
           2293         148.504
           2294         148.504
           2295         148.504
           2296         148.504
           2297         148.504
           2298         148.504
           2299         148.504
           2300         148.504
           2301         148.504
           2302         148.504
           2303         148.504
           2304         148.504
           2305         148.504
           2306         148.504
           2307         148.504
           2308         148.504
           2309         148.504
           2310         148.504
           2311         148.504
           2312         149.481
           2313         149.481
           2314         149.481
           2315         149.481
           2316         149.481
           2317         149.481
           2318         149.481
           2319         149.481
           2320         149.481
           2321         149.481
           2322         149.481
           2323         149.481
           2324         149.481
           2325         149.481
           2326         149.481
           2327         149.481
           2328         149.481
           2329         149.481
           2330         149.481
           2331         149.481
           2332         150.458
           2333         150.458
           2334         150.458
           2335         150.458
           2336         150.458
           2337         150.458
           2338         150.458
           2339         150.458
           2340         150.458
           2341         150.458
           2342         150.458
           2343         150.458
           2344         150.458
           2345         149.481
           2346         149.481
           2347         149.481
           2348         149.481
           2349         149.481
           2350         149.481
           2351         149.481
           2352         149.481
           2353         149.481
           2354         149.481
           2355         149.481
           2356         149.481
           2357         149.481
           2358         149.481
           2359         149.481
           2360         149.481
           2361         149.481
           2362         149.481
           2363         149.481
           2364         150.458
           2365         150.458
           2366         150.458
           2367         150.458
           2368         150.458
           2369         150.458
           2370         150.458
           2371         150.458
           2372         150.458
           2373         150.458
           2374         150.458
           2375         150.458
           2376         150.458
           2377         150.458
           2378         150.458
           2379         150.458
           2380         150.458
           2381         150.458
           2382         150.458
           2383         150.458
           2384         150.458
           2385         150.458
           2386         151.435
           2387         151.435
           2388         151.435
           2389         151.435
           2390         151.435
           2391         151.435
           2392         151.435
           2393         151.435
           2394         151.435
           2395         151.435
           2396         151.435
           2397         151.435
           2398         151.435
           2399         151.435
           2400         151.435
           2401         151.435
           2402         151.435
           2403         151.435
           2404         151.435
           2405         151.435
           2406         151.435
           2407         151.435
           2408         151.435
           2409         151.435
           2410         151.435
           2411         151.435
           2412         151.435
           2413         151.435
           2414         150.458
           2415         150.458
           2416         150.458
           2417         150.458
           2418         150.458
           2419         150.458
           2420         150.458
           2421         150.458
           2422         150.458
           2423         150.458
           2424         150.458
           2425         150.458
           2426         150.458
           2427         150.458
           2428         150.458
           2429         150.458
           2430         150.458
           2431         150.458
           2432         150.458
           2433         150.458
           2434         150.458
           2435         150.458
           2436         150.458
           2437         150.458
           2438         150.458
           2439         150.458
           2440         150.458
           2441         150.458
           2442         151.435
           2443         151.435
           2444         151.435
           2445         151.435
           2446         151.435
           2447         151.435
           2448         151.435
           2449         151.435
           2450         151.435
           2451         151.435
           2452         151.435
           2453         151.435
           2454         151.435
           2455         151.435
           2456         151.435
           2457         151.435
           2458         151.435
           2459         151.435
           2460         151.435
           2461         151.435
           2462         151.435
           2463         151.435
           2464         151.435
           2465         151.435
           2466         151.435
           2467         151.435
           2468         151.435
           2469         151.435
           2470         151.435
           2471         151.435
           2472         151.435
           2473         151.435
           2474         151.435
           2475         151.435
           2476         151.435
           2477         151.435
           2478         151.435
           2479         151.435
           2480         151.435
           2481         151.435
           2482         151.435
           2483         151.435
           2484         151.435
           2485         151.435
           2486         151.435
           2487         151.435
           2488         151.435
           2489         151.435
           2490         151.435
           2491         151.435
           2492         151.435
           2493         151.435
           2494         151.435
           2495         151.435
           2496         151.435
           2497         151.435
           2498         151.435
           2499         151.435
           2500         151.435
           2501         151.435
           2502         151.435
           2503         151.435
           2504         151.435
           2505         151.435
           2506         151.435
           2507         151.435
           2508         152.412
           2509         152.412
           2510         152.412
           2511         152.412
           2512         152.412
           2513         152.412
           2514         152.412
           2515         152.412
           2516         152.412
           2517         152.412
           2518         152.412
           2519         152.412
           2520         152.412
           2521         152.412
           2522         152.412
           2523         152.412
           2524         152.412
           2525         152.412
           2526         152.412
           2527         152.412
           2528         152.412
           2529         152.412
           2530         152.412
           2531         152.412
           2532         152.412
           2533         152.412
           2534         152.412
           2535         152.412
           2536         152.412
           2537         152.412
           2538         152.412
           2539         152.412
           2540         152.412
           2541         152.412
           2542         152.412
           2543         152.412
           2544         152.412
           2545         153.389
           2546         153.389
           2547         153.389
           2548         153.389
           2549         153.389
           2550         153.389
           2551         153.389
           2552         153.389
           2553         153.389
           2554         153.389
           2555         153.389
           2556         153.389
           2557         153.389
           2558         153.389
           2559         153.389
           2560         153.389
           2561         153.389
           2562         153.389
           2563         153.389
           2564         153.389
           2565         153.389
           2566         153.389
           2567         153.389
           2568         153.389
           2569         153.389
           2570         153.389
           2571         153.389
           2572         153.389
           2573         153.389
           2574         153.389
           2575         153.389
           2576         153.389
           2577         153.389
           2578         153.389
           2579         153.389
           2580         153.389
           2581         153.389
           2582         153.389
           2583         153.389
           2584         153.389
           2585         153.389
           2586         153.389
           2587         153.389
           2588         153.389
           2589         153.389
           2590         153.389
           2591         153.389
           2592         153.389
           2593         153.389
           2594         153.389
           2595         153.389
           2596         153.389
           2597         153.389
           2598         154.366
           2599         154.366
           2600         154.366
           2601         154.366
           2602         154.366
           2603         154.366
           2604         154.366
           2605         154.366
           2606         154.366
           2607         154.366
           2608         154.366
           2609         154.366
           2610         154.366
           2611         154.366
           2612         154.366
           2613         154.366
           2614         154.366
           2615         154.366
           2616         154.366
           2617         154.366
           2618         154.366
           2619         154.366
           2620         154.366
           2621         154.366
           2622         154.366
           2623         154.366
           2624         154.366
           2625         154.366
           2626         154.366
           2627         154.366
           2628         154.366
           2629         154.366
           2630         154.366
           2631         154.366
           2632         154.366
           2633         154.366
           2634         154.366
           2635         154.366
           2636         154.366
           2637         154.366
           2638         154.366
           2639         154.366
           2640         154.366
           2641         154.366
           2642         154.366
           2643         154.366
           2644         155.343
           2645         155.343
           2646         155.343
           2647         155.343
           2648         155.343
           2649         155.343
           2650         155.343
           2651         155.343
           2652         155.343
           2653         155.343
           2654         155.343
           2655         156.320
           2656         156.320
           2657         156.320
           2658         156.320
           2659         156.320
           2660         156.320
           2661         156.320
           2662         156.320
           2663         156.320
           2664         156.320
           2665         156.320
           2666         156.320
           2667         156.320
           2668         156.320
           2669         156.320
           2670         156.320
           2671         156.320
           2672         156.320
           2673         156.320
           2674         156.320
           2675         156.320
           2676         156.320
           2677         156.320
           2678         156.320
           2679         156.320
           2680         156.320
           2681         156.320
           2682         156.320
           2683         156.320
           2684         156.320
           2685         156.320
           2686         156.320
           2687         156.320
           2688         156.320
           2689         156.320
           2690         156.320
           2691         157.297
           2692         157.297
           2693         157.297
           2694         157.297
           2695         157.297
           2696         157.297
           2697         157.297
           2698         157.297
           2699         157.297
           2700         157.297
           2701         157.297
           2702         157.297
           2703         157.297
           2704         157.297
           2705         157.297
           2706         157.297
           2707         157.297
           2708         157.297
           2709         157.297
           2710         157.297
           2711         157.297
           2712         157.297
           2713         157.297
           2714         156.320
           2715         156.320
           2716         156.320
           2717         156.320
           2718         156.320
           2719         156.320
           2720         156.320
           2721         156.320
           2722         156.320
           2723         156.320
           2724         156.320
           2725         156.320
           2726         156.320
           2727         156.320
           2728         156.320
           2729         156.320
           2730         156.320
           2731         156.320
           2732         156.320
           2733         156.320
           2734         156.320
           2735         156.320
           2736         156.320
           2737         156.320
           2738         156.320
           2739         156.320
           2740         156.320
           2741         156.320
           2742         156.320
           2743         157.297
           2744         157.297
           2745         157.297
           2746         157.297
           2747         157.297
           2748         157.297
           2749         157.297
           2750         157.297
           2751         157.297
           2752         157.297
           2753         157.297
           2754         157.297
           2755         157.297
           2756         157.297
           2757         157.297
           2758         157.297
           2759         157.297
           2760         157.297
           2761         157.297
           2762         157.297
           2763         157.297
           2764         157.297
           2765         157.297
           2766         157.297
           2767         157.297
           2768         157.297
           2769         157.297
           2770         157.297
           2771         157.297
           2772         157.297
           2773         157.297
           2774         157.297
           2775         158.274
           2776         158.274
           2777         158.274
           2778         158.274
           2779         158.274
           2780         158.274
           2781         159.251
           2782         159.251
           2783         159.251
           2784         159.251
           2785         159.251
           2786         159.251
           2787         159.251
           2788         159.251
           2789         159.251
           2790         159.251
           2791         159.251
           2792         159.251
           2793         159.251
           2794         159.251
           2795         159.251
           2796         159.251
           2797         159.251
           2798         159.251
           2799         159.251
           2800         159.251
           2801         159.251
           2802         159.251
           2803         159.251
           2804         159.251
           2805         159.251
           2806         159.251
           2807         159.251
           2808         159.251
           2809         159.251
           2810         159.251
           2811         159.251
           2812         159.251
           2813         159.251
           2814         159.251
           2815         159.251
           2816         159.251
           2817         159.251
           2818         159.251
           2819         159.251
           2820         159.251
           2821         159.251
           2822         159.251
           2823         159.251
           2824         159.251
           2825         159.251
           2826         159.251
           2827         159.251
           2828         159.251
           2829         159.251
