TRACENO
            612          79.137
            613          79.137
            614          79.137
            615          79.137
            616          79.137
            617          79.137
            618          79.137
            619          79.137
            620          79.137
            621          79.137
            622          79.137
            623          79.137
            624          79.137
            625          79.137
            626          79.137
            627          79.137
            628          79.137
            629          79.137
            630          79.137
            631          79.137
            632          79.137
            633          79.137
            634          79.137
            635          79.137
            636          79.137
            637          79.137
            638          79.137
            639          79.137
            640          79.137
            641          79.137
            642          79.137
            643          79.137
            644          79.137
            645          79.137
            646          79.137
            647          79.137
            648          79.137
            649          78.160
            650          78.160
            651          78.160
            652          78.160
            653          78.160
            654          78.160
            655          78.160
            656          78.160
            657          78.160
            658          78.160
            659          78.160
            660          78.160
            661          78.160
            662          78.160
            663          78.160
            664          78.160
            665          78.160
            666          78.160
            667          78.160
            668          78.160
            669          78.160
            670          78.160
            671          78.160
            672          78.160
            673          78.160
            674          78.160
            675          78.160
            676          78.160
            677          78.160
            678          78.160
            679          78.160
            680          78.160
            681          78.160
            682          78.160
            683          78.160
            684          78.160
            685          78.160
            686          78.160
            687          78.160
            688          78.160
            689          78.160
            690          78.160
            691          78.160
            692          78.160
            693          78.160
            694          78.160
            695          78.160
            696          78.160
            697          79.137
            698          79.137
            699          79.137
            700          79.137
            701          79.137
            702          79.137
            703          79.137
            704          79.137
            705          79.137
            706          79.137
            707          79.137
            708          79.137
            709          79.137
            710          79.137
            711          79.137
            712          79.137
            713          79.137
            714          79.137
            715          79.137
            716          79.137
            717          79.137
            718          79.137
            719          79.137
            720          79.137
            721          79.137
            722          79.137
            723          79.137
            724          79.137
            725          79.137
            726          79.137
            727          79.137
            728          79.137
            729          79.137
            730          79.137
            731          79.137
            732          79.137
            733          79.137
            734          79.137
            735          79.137
            736          79.137
            737          79.137
            738          79.137
            739          79.137
            740          80.114
            741          80.114
            742          80.114
            743          80.114
            744          80.114
            745          80.114
            746          80.114
            747          80.114
            748          80.114
            749          80.114
            750          80.114
            751          80.114
            752          80.114
            753          80.114
            754          80.114
            755          80.114
            756          80.114
            757          80.114
            758          80.114
            759          80.114
            760          80.114
            761          80.114
            762          80.114
            763          80.114
            764          80.114
            765          80.114
            766          80.114
            767          80.114
            768          81.091
            769          81.091
            770          81.091
            771          81.091
            772          81.091
            773          81.091
            774          81.091
            775          81.091
            776          82.068
            777          82.068
            778          82.068
            779          82.068
            780          82.068
            781          82.068
            782          82.068
            783          82.068
            784          82.068
            785          83.045
            786          83.045
            787          83.045
            788          83.045
            789          83.045
            790          83.045
            791          83.045
            792          83.045
            793          83.045
            794          84.022
            795          84.022
            796          84.022
            797          84.022
            798          84.022
            799          84.022
            800          84.022
            801          84.999
            802          84.999
            803          84.999
            804          84.999
            805          84.999
            806          84.999
            807          84.999
            808          84.999
            809          85.976
            810          85.976
            811          85.976
            812          85.976
            813          85.976
            814          85.976
            815          85.976
            816          85.976
            817          86.953
            818          86.953
            819          86.953
            820          86.953
            821          86.953
            822          86.953
            823          86.953
            824          86.953
            825          86.953
            826          86.953
            827          87.930
            828          87.930
            829          87.930
            830          87.930
            831          87.930
            832          87.930
            833          87.930
            834          87.930
            835          87.930
            836          87.930
            837          87.930
            838          88.907
            839          88.907
            840          88.907
            841          88.907
            842          88.907
            843          88.907
            844          88.907
            845          88.907
            846          88.907
            847          88.907
            848          88.907
            849          89.884
            850          89.884
            851          89.884
            852          89.884
            853          89.884
            854          89.884
            855          89.884
            856          89.884
            857          89.884
            858          89.884
            859          89.884
            860          89.884
            861          90.861
            862          90.861
            863          90.861
            864          90.861
            865          90.861
            866          90.861
            867          90.861
            868          90.861
            869          90.861
            870          90.861
            871          90.861
            872          90.861
            873          90.861
            874          90.861
            875          90.861
            876          90.861
            877          91.838
            878          91.838
            879          91.838
            880          91.838
            881          91.838
            882          91.838
            883          91.838
            884          91.838
            885          91.838
            886          91.838
            887          91.838
            888          92.815
            889          92.815
            890          92.815
            891          92.815
            892          92.815
            893          92.815
            894          92.815
            895          92.815
            896          92.815
            897          92.815
            898          92.815
            899          93.792
            900          93.792
            901          93.792
            902          93.792
            903          93.792
            904          93.792
            905          93.792
            906          93.792
            907          93.792
            908          93.792
            909          93.792
            910          94.769
            911          94.769
            912          94.769
            913          94.769
            914          94.769
            915          94.769
            916          94.769
            917          94.769
            918          94.769
            919          94.769
            920          94.769
            921          94.769
            922          94.769
            923          94.769
            924          94.769
            925          94.769
            926          94.769
            927          94.769
            928          94.769
            929          94.769
            930          94.769
            931          94.769
            932          94.769
            933          95.746
            934          95.746
            935          95.746
            936          95.746
            937          95.746
            938          95.746
            939          95.746
            940          95.746
            941          95.746
            942          95.746
            943          95.746
            944          95.746
            945          95.746
            946          95.746
            947          95.746
            948          95.746
            949          95.746
            950          95.746
            951          95.746
            952          95.746
            953          95.746
            954          95.746
            955          95.746
            956          95.746
            957          95.746
            958          95.746
            959          96.723
            960          96.723
            961          96.723
            962          96.723
            963          96.723
            964          96.723
            965          96.723
            966          96.723
            967          96.723
            968          96.723
            969          96.723
            970          96.723
            971          96.723
            972          96.723
            973          96.723
            974          96.723
            975          96.723
            976          96.723
            977          96.723
            978          96.723
            979          96.723
            980          96.723
            981          96.723
            982          96.723
            983          96.723
            984          96.723
            985          96.723
            986          96.723
            987          96.723
            988          96.723
            989          96.723
            990          96.723
            991          96.723
            992          96.723
            993          96.723
            994          96.723
            995          96.723
            996          96.723
            997          96.723
            998          96.723
            999          96.723
           1000          96.723
           1001          96.723
           1002          96.723
           1003          96.723
           1004          96.723
           1005          96.723
           1006          96.723
           1007          96.723
           1008          96.723
           1009          96.723
           1010          96.723
           1011          96.723
           1012          96.723
           1013          96.723
           1014          96.723
           1015          96.723
           1016          96.723
           1017          96.723
           1018          96.723
           1019          96.723
           1020          96.723
           1021          96.723
           1022          96.723
           1023          96.723
           1024          96.723
           1025          96.723
           1026          96.723
           1027          96.723
           1028          96.723
           1029          96.723
           1030          96.723
           1031          96.723
           1032          96.723
           1033          96.723
           1034          96.723
           1035          96.723
           1036          97.700
           1037          97.700
           1038          97.700
           1039          97.700
           1040          97.700
           1041          97.700
           1042          97.700
           1043          97.700
           1044          97.700
           1045          97.700
           1046          97.700
           1047          97.700
           1048          97.700
           1049          98.677
           1050          98.677
           1051          98.677
           1052          98.677
           1053          98.677
           1054          98.677
           1055          98.677
           1056          98.677
           1057          98.677
           1058          98.677
           1059          98.677
           1060          98.677
           1061          98.677
           1062          99.654
           1063          99.654
           1064          99.654
           1065          99.654
           1066          99.654
           1067          99.654
           1068          99.654
           1069          99.654
           1070          99.654
           1071          99.654
           1072          99.654
           1073          99.654
           1074          99.654
           1075         100.631
           1076         100.631
           1077         100.631
           1078         100.631
           1079         100.631
           1080         100.631
           1081         100.631
           1082         100.631
           1083         100.631
           1084         100.631
           1085         100.631
           1086         100.631
           1087         100.631
           1088         101.608
           1089         101.608
           1090         101.608
           1091         101.608
           1092         101.608
           1093         101.608
           1094         101.608
           1095         101.608
           1096         101.608
           1097         101.608
           1098         101.608
           1099         101.608
           1100         101.608
           1101         101.608
           1102         102.585
           1103         102.585
           1104         102.585
           1105         102.585
           1106         102.585
           1107         102.585
           1108         102.585
           1109         102.585
           1110         102.585
           1111         102.585
           1112         102.585
           1113         102.585
           1114         102.585
           1115         102.585
           1116         103.562
           1117         103.562
           1118         103.562
           1119         103.562
           1120         103.562
           1121         103.562
           1122         103.562
           1123         103.562
           1124         103.562
           1125         103.562
           1126         103.562
           1127         104.539
           1128         104.539
           1129         104.539
           1130         104.539
           1131         104.539
           1132         104.539
           1133         104.539
           1134         104.539
           1135         104.539
           1136         105.516
           1137         105.516
           1138         105.516
           1139         105.516
           1140         105.516
           1141         105.516
           1142         105.516
           1143         105.516
           1144         105.516
           1145         106.493
           1146         106.493
           1147         106.493
           1148         106.493
           1149         106.493
           1150         106.493
           1151         106.493
           1152         106.493
           1153         106.493
           1154         107.470
           1155         107.470
           1156         107.470
           1157         107.470
           1158         107.470
           1159         107.470
           1160         107.470
           1161         107.470
           1162         107.470
           1163         107.470
           1164         107.470
           1165         107.470
           1166         107.470
           1167         107.470
           1168         107.470
           1169         107.470
           1170         107.470
           1171         107.470
           1172         107.470
           1173         107.470
           1174         107.470
           1175         107.470
           1176         107.470
           1177         107.470
           1178         107.470
           1179         107.470
           1180         107.470
           1181         107.470
           1182         107.470
           1183         107.470
           1184         107.470
           1185         107.470
           1186         107.470
           1187         107.470
           1188         107.470
           1189         107.470
           1190         107.470
           1191         107.470
           1192         107.470
           1193         107.470
           1194         107.470
           1195         107.470
           1196         107.470
           1197         107.470
           1198         107.470
           1199         107.470
           1200         107.470
           1201         107.470
           1202         107.470
           1203         107.470
           1204         107.470
           1205         107.470
           1206         107.470
           1207         107.470
           1208         107.470
           1209         107.470
           1210         107.470
           1211         107.470
           1212         107.470
           1213         107.470
           1214         107.470
           1215         107.470
           1216         107.470
           1217         107.470
           1218         107.470
           1219         108.447
           1220         108.447
           1221         108.447
           1222         108.447
           1223         108.447
           1224         108.447
           1225         108.447
           1226         108.447
           1227         108.447
           1228         108.447
           1229         108.447
           1230         108.447
           1231         108.447
           1232         108.447
           1233         108.447
           1234         108.447
           1235         108.447
           1236         108.447
           1237         108.447
           1238         108.447
           1239         108.447
           1240         109.424
           1241         109.424
           1242         109.424
           1243         109.424
           1244         109.424
           1245         109.424
           1246         109.424
           1247         109.424
           1248         109.424
           1249         109.424
           1250         109.424
           1251         109.424
           1252         109.424
           1253         109.424
           1254         109.424
           1255         109.424
           1256         109.424
           1257         109.424
           1258         109.424
           1259         109.424
           1260         109.424
           1261         110.401
           1262         110.401
           1263         110.401
           1264         110.401
           1265         110.401
           1266         110.401
           1267         110.401
           1268         110.401
           1269         110.401
           1270         110.401
           1271         110.401
           1272         110.401
           1273         110.401
           1274         110.401
           1275         110.401
           1276         110.401
           1277         110.401
           1278         110.401
           1279         110.401
           1280         110.401
           1281         110.401
           1282         110.401
           1283         110.401
           1284         110.401
           1285         110.401
           1286         110.401
           1287         110.401
           1288         110.401
           1289         110.401
           1290         110.401
           1291         110.401
           1292         110.401
           1293         110.401
           1294         110.401
           1295         110.401
           1296         110.401
           1297         110.401
           1298         110.401
           1299         110.401
           1300         110.401
           1301         110.401
           1302         110.401
           1303         110.401
           1304         110.401
           1305         110.401
           1306         110.401
           1307         110.401
           1308         110.401
           1309         110.401
           1310         110.401
           1311         110.401
           1312         110.401
           1313         110.401
           1314         110.401
           1315         110.401
           1316         110.401
           1317         110.401
           1318         110.401
           1319         110.401
           1320         110.401
           1321         110.401
           1322         110.401
           1323         110.401
           1324         110.401
           1325         110.401
           1326         110.401
           1327         110.401
           1328         110.401
           1329         110.401
           1330         110.401
           1331         110.401
           1332         110.401
           1333         110.401
           1334         110.401
           1335         110.401
           1336         110.401
           1337         110.401
           1338         110.401
           1339         110.401
           1340         110.401
           1341         110.401
           1342         110.401
           1343         111.378
           1344         111.378
           1345         111.378
           1346         111.378
           1347         111.378
           1348         111.378
           1349         111.378
           1350         111.378
           1351         111.378
           1352         111.378
           1353         111.378
           1354         111.378
           1355         111.378
           1356         111.378
           1357         111.378
           1358         111.378
           1359         111.378
           1360         111.378
           1361         111.378
           1362         111.378
           1363         112.355
           1364         112.355
           1365         112.355
           1366         112.355
           1367         112.355
           1368         112.355
           1369         112.355
           1370         112.355
           1371         112.355
           1372         112.355
           1373         112.355
           1374         112.355
           1375         112.355
           1376         112.355
           1377         112.355
           1378         112.355
           1379         112.355
           1380         112.355
           1381         112.355
           1382         112.355
           1383         112.355
           1384         112.355
           1385         112.355
           1386         112.355
           1387         112.355
           1388         112.355
           1389         111.378
           1390         111.378
           1391         111.378
           1392         111.378
           1393         111.378
           1394         111.378
           1395         111.378
           1396         111.378
           1397         111.378
           1398         111.378
           1399         111.378
           1400         111.378
           1401         111.378
           1402         111.378
           1403         110.401
           1404         110.401
           1405         110.401
           1406         110.401
           1407         110.401
           1408         110.401
           1409         110.401
           1410         110.401
           1411         110.401
           1412         110.401
           1413         110.401
           1414         110.401
           1415         110.401
           1416         110.401
           1417         110.401
           1418         110.401
           1419         110.401
           1420         110.401
           1421         110.401
           1422         110.401
           1423         110.401
           1424         110.401
           1425         110.401
           1426         110.401
           1427         110.401
           1428         110.401
           1429         110.401
           1430         110.401
           1431         110.401
           1432         110.401
           1433         110.401
           1434         110.401
           1435         110.401
           1436         110.401
           1437         110.401
           1438         110.401
           1439         110.401
           1440         110.401
           1441         110.401
           1442         110.401
           1443         110.401
           1444         110.401
           1445         110.401
           1446         110.401
           1447         110.401
           1448         110.401
           1449         109.424
           1450         109.424
           1451         109.424
           1452         109.424
           1453         109.424
           1454         109.424
           1455         109.424
           1456         109.424
           1457         109.424
           1458         109.424
           1459         109.424
           1460         109.424
           1461         109.424
           1462         109.424
           1463         109.424
           1464         109.424
           1465         109.424
           1466         108.447
           1467         108.447
           1468         108.447
           1469         108.447
           1470         108.447
           1471         108.447
           1472         107.470
           1473         107.470
           1474         107.470
           1475         107.470
           1476         107.470
           1477         107.470
           1478         106.493
           1479         106.493
           1480         106.493
           1481         106.493
           1482         106.493
           1483         106.493
           1484         105.516
           1485         105.516
           1486         105.516
           1487         105.516
           1488         105.516
           1489         105.516
           1490         104.539
           1491         104.539
           1492         104.539
           1493         104.539
           1494         104.539
           1495         104.539
           1496         104.539
           1497         103.562
           1498         103.562
           1499         103.562
           1500         103.562
           1501         103.562
           1502         103.562
           1503         102.585
           1504         102.585
           1505         102.585
           1506         102.585
           1507         102.585
           1508         102.585
           1509         102.585
           1510         101.608
           1511         101.608
           1512         101.608
           1513         101.608
           1514         101.608
           1515         101.608
           1516         101.608
           1517         100.631
           1518         100.631
           1519         100.631
           1520         100.631
           1521         101.608
           1522         101.608
           1523         101.608
           1524         101.608
           1525         101.608
           1526         101.608
           1527         101.608
           1528         101.608
           1529         102.585
           1530         102.585
           1531         102.585
           1532         102.585
           1533         102.585
           1534         102.585
           1535         102.585
           1536         102.585
           1537         103.562
           1538         103.562
           1539         103.562
           1540         103.562
           1541         103.562
           1542         103.562
           1543         103.562
           1544         103.562
           1545         103.562
           1546         103.562
           1547         103.562
           1548         103.562
           1549         104.539
           1550         104.539
           1551         104.539
           1552         104.539
           1553         104.539
           1554         104.539
           1555         104.539
           1556         104.539
           1557         104.539
           1558         104.539
           1559         104.539
           1560         104.539
           1561         104.539
           1562         104.539
           1563         104.539
           1564         104.539
           1565         104.539
           1566         104.539
           1567         104.539
           1568         104.539
           1569         104.539
           1570         104.539
           1571         104.539
           1572         104.539
           1573         104.539
           1574         104.539
           1575         104.539
           1576         104.539
           1577         104.539
           1578         104.539
           1579         104.539
           1580         104.539
           1581         104.539
           1582         104.539
           1583         104.539
           1584         104.539
           1585         104.539
           1586         104.539
           1587         104.539
           1588         104.539
           1589         104.539
           1590         104.539
           1591         104.539
           1592         104.539
           1593         104.539
           1594         104.539
           1595         104.539
           1596         104.539
           1597         104.539
           1598         104.539
           1599         104.539
           1600         104.539
           1601         104.539
           1602         104.539
           1603         104.539
           1604         104.539
           1605         104.539
           1606         104.539
           1607         104.539
           1608         104.539
           1609         104.539
           1610         104.539
           1611         104.539
           1612         104.539
           1613         104.539
           1614         104.539
           1615         104.539
           1616         104.539
           1617         104.539
           1618         104.539
           1619         103.562
           1620         103.562
           1621         103.562
           1622         103.562
           1623         103.562
           1624         103.562
           1625         103.562
