TRACENO
              1         178.791
              2         178.791
              3         178.791
              4         178.791
              5         178.791
              6         178.791
              7         178.791
              8         179.768
              9         179.768
             10         179.768
             11         179.768
             12         179.768
             13         179.768
             14         179.768
             15         179.768
             16         179.768
             17         179.768
             18         179.768
             19         179.768
             20         179.768
             21         179.768
             22         179.768
             23         179.768
             24         179.768
             25         179.768
             26         179.768
             27         179.768
             28         179.768
             29         179.768
             30         179.768
             31         179.768
             32         179.768
             33         179.768
             34         179.768
             35         179.768
             36         179.768
             37         179.768
             38         179.768
             39         179.768
             40         179.768
             41         179.768
             42         179.768
             43         179.768
             44         179.768
             45         179.768
             46         179.768
             47         179.768
             48         179.768
             49         179.768
             50         179.768
             51         179.768
             52         179.768
             53         179.768
             54         179.768
             55         179.768
             56         179.768
             57         179.768
             58         179.768
             59         179.768
             60         179.768
             61         179.768
             62         179.768
             63         179.768
             64         179.768
             65         179.768
             66         179.768
             67         180.745
             68         180.745
             69         180.745
             70         180.745
             71         180.745
             72         180.745
             73         180.745
             74         180.745
             75         180.745
             76         180.745
             77         180.745
             78         180.745
             79         180.745
             80         180.745
             81         180.745
             82         180.745
             83         180.745
             84         180.745
             85         180.745
             86         180.745
             87         180.745
             88         180.745
             89         180.745
             90         180.745
             91         180.745
             92         180.745
             93         180.745
             94         180.745
             95         180.745
             96         180.745
             97         180.745
             98         180.745
             99         180.745
            100         180.745
            101         180.745
            102         180.745
            103         180.745
            104         180.745
            105         180.745
            106         180.745
            107         180.745
            108         180.745
            109         180.745
            110         180.745
            111         180.745
            112         180.745
            113         180.745
            114         180.745
            115         180.745
            116         180.745
            117         180.745
            118         180.745
            119         180.745
            120         180.745
            121         180.745
            122         180.745
            123         180.745
            124         180.745
            125         180.745
            126         180.745
            127         181.722
            128         181.722
            129         181.722
            130         181.722
            131         181.722
            132         181.722
            133         181.722
            134         181.722
            135         181.722
            136         181.722
            137         181.722
            138         181.722
            139         181.722
            140         181.722
            141         181.722
            142         181.722
            143         181.722
            144         181.722
            145         181.722
            146         181.722
            147         181.722
            148         181.722
            149         181.722
            150         181.722
            151         181.722
            152         181.722
            153         181.722
            154         181.722
            155         181.722
            156         181.722
            157         181.722
            158         181.722
            159         181.722
            160         181.722
            161         181.722
            162         181.722
            163         181.722
            164         181.722
            165         181.722
            166         181.722
            167         181.722
            168         181.722
            169         181.722
            170         181.722
            171         181.722
            172         181.722
            173         181.722
            174         181.722
            175         181.722
            176         181.722
            177         181.722
            178         181.722
            179         181.722
            180         181.722
            181         181.722
            182         181.722
            183         181.722
            184         181.722
            185         181.722
            186         181.722
            187         181.722
            188         181.722
            189         181.722
            190         181.722
            191         181.722
            192         181.722
            193         181.722
            194         181.722
            195         181.722
            196         181.722
            197         181.722
            198         181.722
            199         181.722
            200         181.722
            201         181.722
            202         181.722
            203         181.722
            204         181.722
            205         181.722
            206         181.722
            207         181.722
            208         181.722
            209         181.722
            210         181.722
            211         181.722
            212         181.722
            213         181.722
            214         181.722
            215         181.722
            216         181.722
            217         181.722
            218         181.722
            219         181.722
            220         181.722
            221         181.722
            222         181.722
            223         181.722
            224         181.722
            225         181.722
            226         181.722
            227         181.722
            228         181.722
            229         181.722
            230         181.722
            231         181.722
            232         181.722
            233         181.722
            234         181.722
            235         180.745
            236         180.745
            237         180.745
            238         180.745
            239         180.745
            240         180.745
            241         180.745
            242         180.745
            243         180.745
            244         180.745
            245         180.745
            246         180.745
            247         180.745
            248         180.745
            249         180.745
            250         180.745
            251         180.745
            252         180.745
            253         180.745
            254         180.745
            255         180.745
            256         180.745
            257         180.745
            258         180.745
            259         180.745
            260         180.745
            261         180.745
            262         180.745
            263         180.745
            264         180.745
            265         180.745
            266         180.745
            267         180.745
            268         180.745
            269         180.745
            270         180.745
            271         180.745
            272         180.745
            273         180.745
            274         180.745
            275         180.745
            276         180.745
            277         180.745
            278         180.745
            279         180.745
            280         180.745
            281         180.745
            282         180.745
            283         180.745
            284         180.745
            285         180.745
            286         180.745
            287         180.745
            288         180.745
            289         180.745
            290         180.745
            291         180.745
            292         180.745
            293         180.745
            294         180.745
            295         179.768
            296         179.768
            297         179.768
            298         179.768
            299         179.768
            300         179.768
            301         179.768
            302         179.768
            303         179.768
            304         179.768
            305         179.768
            306         179.768
            307         179.768
            308         179.768
            309         179.768
            310         179.768
            311         179.768
            312         179.768
            313         179.768
            314         179.768
            315         179.768
            316         179.768
            317         179.768
            318         179.768
            319         179.768
            320         179.768
            321         179.768
            322         179.768
            323         179.768
            324         179.768
            325         179.768
            326         179.768
            327         179.768
            328         179.768
            329         179.768
            330         179.768
            331         178.791
            332         178.791
            333         178.791
            334         178.791
            335         178.791
            336         178.791
            337         178.791
            338         178.791
            339         178.791
            340         178.791
            341         178.791
            342         178.791
            343         178.791
            344         178.791
            345         178.791
            346         178.791
            347         178.791
            348         178.791
            349         178.791
            350         178.791
            351         178.791
            352         178.791
            353         178.791
            354         178.791
            355         177.814
            356         177.814
            357         177.814
            358         177.814
            359         177.814
            360         177.814
            361         177.814
            362         177.814
            363         177.814
            364         177.814
            365         177.814
            366         177.814
            367         177.814
            368         177.814
            369         177.814
            370         177.814
            371         177.814
            372         177.814
            373         177.814
            374         177.814
            375         177.814
            376         177.814
            377         177.814
            378         177.814
            379         176.837
            380         176.837
            381         176.837
            382         176.837
            383         176.837
            384         176.837
            385         176.837
            386         176.837
            387         176.837
            388         176.837
            389         176.837
            390         176.837
            391         176.837
            392         176.837
            393         176.837
            394         176.837
            395         176.837
            396         176.837
            397         176.837
            398         176.837
            399         176.837
            400         176.837
            401         175.860
            402         175.860
            403         175.860
            404         175.860
            405         175.860
            406         175.860
            407         175.860
            408         175.860
            409         175.860
            410         175.860
            411         175.860
            412         175.860
            413         175.860
            414         175.860
            415         175.860
            416         175.860
            417         175.860
            418         175.860
            419         175.860
            420         175.860
            421         175.860
            422         175.860
            423         175.860
            424         175.860
            425         175.860
            426         175.860
            427         175.860
            428         175.860
            429         175.860
            430         175.860
            431         175.860
            432         175.860
            433         175.860
            434         175.860
            435         174.883
            436         174.883
            437         174.883
            438         174.883
            439         174.883
            440         174.883
            441         174.883
            442         174.883
            443         174.883
            444         174.883
            445         174.883
            446         174.883
            447         174.883
            448         174.883
            449         174.883
            450         174.883
            451         174.883
            452         174.883
            453         174.883
            454         174.883
            455         174.883
            456         174.883
            457         174.883
            458         174.883
            459         174.883
            460         174.883
            461         174.883
            462         174.883
            463         174.883
            464         174.883
            465         174.883
            466         174.883
            467         174.883
            468         174.883
            469         174.883
            470         174.883
            471         174.883
            472         174.883
            473         174.883
            474         174.883
            475         173.906
            476         173.906
            477         173.906
            478         173.906
            479         173.906
            480         173.906
            481         173.906
            482         173.906
            483         173.906
            484         173.906
            485         173.906
            486         173.906
            487         173.906
            488         173.906
            489         173.906
            490         173.906
            491         173.906
            492         173.906
            493         173.906
            494         173.906
            495         173.906
            496         173.906
            497         173.906
            498         173.906
            499         173.906
            500         173.906
            501         173.906
            502         173.906
            503         173.906
            504         173.906
            505         173.906
            506         173.906
            507         173.906
            508         173.906
            509         173.906
            510         173.906
            511         173.906
            512         173.906
            513         173.906
            514         173.906
            515         173.906
            516         173.906
            517         173.906
            518         173.906
            557         172.929
            558         172.929
            559         172.929
            560         172.929
            561         172.929
            562         172.929
            563         172.929
            564         172.929
            565         172.929
            566         172.929
            567         172.929
            568         172.929
            569         172.929
            570         172.929
            571         172.929
            572         172.929
            573         172.929
            574         172.929
            575         172.929
            576         172.929
            577         172.929
            578         172.929
            579         172.929
            580         172.929
            581         172.929
            582         172.929
            583         172.929
            584         172.929
            585         172.929
            586         172.929
            587         172.929
            588         172.929
            589         172.929
            590         172.929
            591         172.929
            592         172.929
            593         172.929
            594         172.929
            595         172.929
            596         172.929
            597         172.929
            598         172.929
            599         172.929
            600         172.929
            601         172.929
            602         172.929
            603         172.929
            604         172.929
            605         172.929
            606         172.929
            607         172.929
            608         172.929
            609         172.929
            610         172.929
            611         172.929
            612         172.929
            613         172.929
            614         172.929
            615         172.929
            616         172.929
            617         172.929
            618         172.929
            619         172.929
            620         172.929
            621         172.929
            622         172.929
            623         172.929
            624         172.929
            625         172.929
            626         172.929
            627         172.929
            628         172.929
            629         172.929
            630         172.929
            631         172.929
            632         172.929
            633         172.929
            634         172.929
            635         172.929
            636         172.929
            637         172.929
            638         172.929
            639         172.929
            640         172.929
            641         172.929
            642         172.929
            643         172.929
            644         172.929
            645         172.929
            646         172.929
            647         172.929
            648         172.929
            649         172.929
            650         172.929
            651         172.929
            652         172.929
            653         172.929
            654         172.929
            655         172.929
            656         172.929
            657         172.929
            658         172.929
            659         172.929
            660         172.929
            661         172.929
            662         172.929
            663         172.929
            664         172.929
            665         172.929
            666         172.929
            667         172.929
            668         171.952
            669         171.952
            670         171.952
            671         171.952
            672         171.952
            673         171.952
            674         171.952
            675         171.952
            676         171.952
            677         171.952
            678         171.952
            679         171.952
            680         171.952
            681         171.952
            682         171.952
            683         171.952
            684         171.952
            685         171.952
            686         171.952
            687         171.952
            688         171.952
            689         171.952
            690         171.952
            691         170.975
            692         170.975
            693         170.975
            694         170.975
            695         170.975
            696         170.975
            697         170.975
            698         170.975
            699         170.975
            700         170.975
            701         170.975
            702         170.975
            703         170.975
            704         170.975
            705         170.975
            706         170.975
            707         170.975
            708         170.975
            709         170.975
            710         170.975
            711         170.975
            712         170.975
            713         170.975
            714         170.975
            715         169.998
            716         169.998
            717         169.998
            718         169.998
            719         169.998
            720         169.998
            721         169.998
            722         169.998
            723         169.998
            724         169.998
            725         169.998
            726         169.998
            727         169.998
            728         169.998
            729         169.998
            730         169.998
            731         169.998
            732         169.998
            733         169.998
            734         169.998
            735         169.998
            736         169.998
            737         169.998
            738         169.998
            739         169.998
            740         169.998
            741         169.998
            742         169.998
            743         169.998
            744         169.998
            745         169.998
            746         169.998
            747         169.998
            748         169.998
            749         169.998
            750         169.998
            751         169.998
            752         169.998
            753         169.998
            754         169.998
            755         169.998
            756         169.998
            757         169.998
            758         169.998
            759         169.998
            760         169.998
            761         169.998
            762         169.998
            763         169.998
            764         169.998
            765         169.998
            766         169.998
            767         169.998
            768         169.998
            769         169.998
            770         169.998
            771         169.021
            772         169.021
            773         169.021
            774         169.021
            775         169.021
            776         169.021
            777         169.021
            778         169.021
            779         169.021
            780         169.021
            781         169.021
            782         169.021
            783         169.021
            784         169.021
            785         169.021
            786         169.021
            787         169.021
            788         169.021
            789         169.021
            790         169.021
            791         169.021
            792         169.021
            793         169.021
            794         169.021
            795         169.021
            796         169.021
            797         169.021
            798         169.021
            799         169.021
            800         169.021
            801         169.021
            802         169.021
            803         169.021
            804         169.021
            805         169.021
            806         169.021
            807         169.021
            808         169.021
            809         169.021
            810         169.021
            811         169.021
            812         169.021
            813         169.021
            814         169.021
            815         169.021
            816         169.021
            817         169.021
            818         169.021
            819         169.021
            820         169.021
            821         169.021
            822         169.021
            823         169.021
            824         169.021
            825         169.021
            826         169.021
            827         169.021
            828         169.021
            829         169.021
            830         169.021
            831         169.021
            832         169.021
            833         169.021
            834         169.021
            835         169.021
            836         169.021
            837         169.021
            838         169.021
            839         169.021
            840         169.021
            841         169.021
            842         169.021
            843         169.021
            844         169.021
            845         169.021
            846         169.021
            847         169.021
            848         169.021
            849         169.021
            850         169.021
            851         169.021
            852         169.021
            853         169.021
            854         169.021
            855         169.021
            856         169.021
            857         169.021
            858         169.021
            859         169.021
            860         169.021
            861         169.021
            862         169.021
            863         169.021
            864         169.021
            865         169.021
            866         169.021
            867         169.021
            868         169.021
            869         169.021
            870         169.021
            871         169.021
            872         169.021
            873         169.021
            874         169.021
            875         169.021
            876         169.021
            877         169.021
            878         169.021
            879         169.021
            880         169.021
            881         169.021
            882         169.021
            883         169.021
            884         169.021
            885         169.021
            886         169.021
            887         169.021
            888         169.021
            889         169.021
            890         169.021
            891         169.021
            892         169.021
            893         169.021
            894         169.021
            895         169.021
            896         169.021
            897         169.021
            898         169.021
            899         169.021
            900         169.021
            901         169.021
            902         169.021
            903         169.021
            904         169.021
            905         169.021
            906         169.021
            907         169.021
            908         169.021
            909         169.021
            910         169.021
            911         169.021
            912         169.021
            913         169.021
            914         169.021
            915         169.021
            916         169.021
            917         169.021
            918         169.021
            919         169.021
            920         169.021
            921         169.021
            922         169.021
            923         169.021
            924         169.021
            925         169.021
            926         169.021
            927         169.021
            928         169.021
            929         169.021
            930         169.021
            931         169.021
            932         169.021
            933         169.021
            934         169.021
            935         169.021
            936         169.021
            937         169.021
            938         169.021
            939         169.021
            940         169.021
            941         169.021
            942         169.021
            943         169.021
            944         169.021
            945         169.021
            946         169.021
            947         169.021
            948         169.021
            949         169.021
            950         169.021
            951         169.021
            952         169.021
            953         169.021
            954         169.021
            955         169.021
            956         169.021
            957         169.021
            958         169.021
            959         169.021
            960         169.021
            961         169.021
            962         169.021
            963         169.021
            964         169.021
            965         169.021
            966         169.021
            967         169.021
            968         169.021
            969         169.021
            970         169.021
            971         169.021
            972         169.021
            973         169.021
            974         169.021
            975         169.021
            976         169.021
            977         169.021
            978         169.021
            979         169.021
            980         169.021
            981         169.021
            982         169.021
            983         169.021
            984         169.021
            985         169.021
            986         169.021
            987         169.021
            988         169.021
            989         169.021
            990         169.021
            991         168.044
            992         168.044
            993         168.044
            994         168.044
            995         168.044
            996         168.044
            997         168.044
            998         168.044
            999         168.044
           1000         168.044
           1001         168.044
           1002         168.044
           1003         168.044
           1004         168.044
           1005         168.044
           1006         168.044
           1007         168.044
           1008         168.044
           1009         168.044
           1010         168.044
           1011         168.044
           1012         168.044
           1013         168.044
           1014         168.044
           1015         168.044
           1016         168.044
           1017         168.044
           1018         168.044
           1019         168.044
           1020         168.044
           1021         168.044
           1022         169.021
           1023         169.021
           1024         169.021
           1025         169.021
           1026         169.021
           1027         169.021
           1028         169.021
           1029         169.021
           1030         169.021
           1031         169.021
           1032         169.021
           1033         169.021
           1034         169.021
           1035         169.021
           1036         169.021
           1037         169.021
           1038         169.021
           1039         169.021
           1040         169.021
           1041         169.021
           1042         169.021
           1043         169.021
           1044         169.021
           1045         169.021
           1046         169.021
           1047         169.021
           1048         169.021
           1049         169.021
           1050         169.021
           1051         169.021
           1052         169.021
           1053         169.021
           1054         169.021
           1055         169.021
           1056         169.021
           1057         169.021
           1058         169.021
           1059         169.021
           1060         169.021
           1061         169.021
           1062         169.021
           1063         169.021
           1064         169.021
           1065         169.021
           1066         169.021
           1067         169.021
           1068         169.021
           1069         169.021
           1070         169.021
           1071         169.021
           1072         169.021
           1073         169.998
           1074         169.998
           1075         169.998
           1076         169.998
           1077         169.998
           1078         169.998
           1079         169.998
           1080         169.998
           1081         169.998
           1082         169.998
           1083         169.998
           1084         169.998
           1085         169.998
           1086         169.998
           1087         169.998
           1088         169.998
           1089         169.998
           1090         169.998
           1091         169.998
           1092         169.998
           1093         169.998
           1094         169.998
           1095         169.998
           1096         169.998
           1097         169.998
           1098         169.998
           1099         169.998
           1100         169.998
           1101         169.998
           1102         169.998
           1103         169.998
           1104         169.998
           1105         169.998
           1106         170.975
           1107         170.975
           1108         170.975
           1109         170.975
           1110         170.975
           1111         170.975
           1112         170.975
           1113         170.975
           1114         170.975
           1115         170.975
           1116         170.975
           1117         170.975
           1118         170.975
           1119         170.975
           1120         170.975
           1121         170.975
           1122         170.975
           1123         170.975
           1124         170.975
           1125         170.975
           1126         170.975
           1127         170.975
           1128         170.975
           1129         170.975
           1130         170.975
           1131         170.975
           1132         170.975
           1133         170.975
           1134         171.952
           1135         171.952
           1136         171.952
           1137         171.952
           1138         171.952
           1139         171.952
           1140         171.952
           1141         171.952
           1142         171.952
           1143         171.952
           1144         171.952
           1145         171.952
           1146         171.952
           1147         171.952
           1148         171.952
           1149         171.952
           1150         171.952
           1151         171.952
           1152         171.952
           1153         171.952
           1154         171.952
           1155         171.952
           1156         171.952
           1157         171.952
           1158         171.952
           1159         171.952
           1160         171.952
           1161         171.952
           1162         171.952
           1163         171.952
           1164         171.952
           1165         171.952
           1166         171.952
           1167         171.952
           1168         171.952
           1169         171.952
           1170         171.952
           1171         171.952
           1172         171.952
           1173         171.952
           1174         171.952
           1175         171.952
           1176         171.952
           1177         172.929
           1178         172.929
           1179         172.929
           1180         172.929
           1181         172.929
           1182         172.929
           1183         172.929
           1184         172.929
           1185         172.929
           1186         172.929
           1187         172.929
           1188         172.929
           1189         172.929
           1190         172.929
           1191         172.929
           1192         172.929
           1193         172.929
           1194         172.929
           1195         172.929
           1196         172.929
           1197         172.929
           1198         172.929
           1199         172.929
           1200         172.929
           1201         172.929
           1202         172.929
           1203         172.929
           1204         172.929
           1205         172.929
           1206         172.929
           1207         172.929
           1208         172.929
           1209         172.929
           1210         172.929
           1211         172.929
           1212         172.929
           1213         172.929
           1214         172.929
           1215         172.929
           1216         172.929
           1217         172.929
           1218         172.929
           1219         173.906
           1220         173.906
           1221         173.906
           1222         173.906
           1223         173.906
           1224         173.906
           1225         173.906
           1226         173.906
           1227         173.906
           1228         173.906
           1229         173.906
           1230         173.906
           1231         173.906
           1232         173.906
           1233         173.906
           1234         173.906
           1235         173.906
           1236         173.906
           1237         173.906
           1238         173.906
           1239         173.906
           1240         173.906
           1241         173.906
           1242         173.906
           1243         173.906
           1244         173.906
           1245         173.906
           1246         173.906
           1247         173.906
           1248         173.906
           1249         173.906
           1250         173.906
           1251         173.906
           1252         173.906
           1253         173.906
           1254         173.906
           1255         173.906
           1256         173.906
           1257         174.883
           1258         174.883
           1259         174.883
           1260         174.883
           1261         174.883
           1262         174.883
           1263         174.883
           1264         174.883
           1265         174.883
           1266         174.883
           1267         174.883
           1268         174.883
           1269         174.883
           1270         174.883
           1271         174.883
           1272         174.883
           1273         174.883
           1274         174.883
           1275         174.883
           1276         174.883
           1277         175.860
           1278         175.860
           1279         175.860
           1280         175.860
           1281         175.860
           1282         175.860
           1283         175.860
           1284         175.860
           1285         175.860
           1286         175.860
           1287         175.860
           1288         175.860
           1289         175.860
           1290         175.860
           1291         175.860
           1292         175.860
           1293         175.860
           1294         175.860
           1295         175.860
           1296         176.837
           1297         176.837
           1298         176.837
           1299         176.837
           1300         176.837
           1301         176.837
           1302         176.837
           1303         176.837
           1304         176.837
           1305         176.837
           1306         176.837
           1307         176.837
           1308         176.837
           1309         176.837
           1310         176.837
           1311         176.837
           1312         176.837
           1313         176.837
           1314         176.837
           1315         176.837
           1316         176.837
           1317         176.837
           1318         177.814
           1319         177.814
           1320         177.814
           1321         177.814
           1322         177.814
           1323         177.814
           1324         177.814
           1325         177.814
           1326         177.814
           1327         177.814
           1328         177.814
           1329         177.814
           1330         177.814
           1331         177.814
           1332         177.814
           1333         177.814
           1334         177.814
           1335         177.814
           1336         177.814
           1337         177.814
           1338         177.814
           1339         178.791
           1340         178.791
           1341         178.791
           1342         178.791
           1343         178.791
           1344         178.791
           1345         178.791
           1346         178.791
           1347         178.791
           1348         178.791
           1349         178.791
           1350         178.791
           1351         178.791
           1352         179.768
           1353         179.768
           1354         179.768
           1355         179.768
           1356         179.768
           1357         179.768
           1358         179.768
           1359         179.768
           1360         179.768
           1361         179.768
           1362         179.768
           1363         179.768
           1364         179.768
           1365         180.745
           1366         180.745
           1367         180.745
           1368         180.745
           1369         180.745
           1370         180.745
           1371         180.745
           1372         180.745
           1373         180.745
           1374         180.745
           1375         180.745
           1376         180.745
           1377         180.745
           1378         181.722
           1379         181.722
           1380         181.722
           1381         181.722
           1382         181.722
           1383         181.722
           1384         181.722
           1385         181.722
           1386         181.722
           1387         181.722
           1388         181.722
           1389         181.722
           1390         181.722
           1391         181.722
           1392         181.722
           1393         181.722
           1394         182.699
           1395         182.699
           1396         182.699
           1397         182.699
           1398         182.699
           1399         182.699
           1400         182.699
           1401         182.699
           1402         182.699
           1403         182.699
           1404         182.699
           1405         182.699
           1406         182.699
           1407         182.699
           1408         182.699
           1409         182.699
           1410         182.699
           1411         182.699
           1412         182.699
           1413         183.676
           1414         183.676
           1415         183.676
           1416         183.676
           1417         183.676
           1418         183.676
           1419         183.676
           1420         183.676
           1421         183.676
           1422         183.676
           1423         183.676
           1424         183.676
           1425         183.676
           1426         183.676
           1427         183.676
           1428         183.676
           1429         184.653
           1430         184.653
           1431         184.653
           1432         184.653
           1433         184.653
           1434         184.653
           1435         184.653
           1436         184.653
           1437         184.653
           1438         184.653
           1439         184.653
           1440         185.630
           1441         185.630
           1442         185.630
           1443         185.630
           1444         185.630
           1445         185.630
           1446         185.630
           1447         185.630
           1448         185.630
           1449         185.630
           1450         185.630
           1451         185.630
           1452         186.607
           1453         186.607
           1454         186.607
           1455         186.607
           1456         186.607
           1457         186.607
           1458         186.607
           1459         186.607
           1460         186.607
           1461         186.607
           1462         186.607
           1463         186.607
           1464         186.607
           1465         187.584
           1466         187.584
           1467         187.584
           1468         187.584
           1469         187.584
           1470         187.584
           1471         187.584
           1472         187.584
           1473         187.584
           1474         187.584
           1475         187.584
           1476         187.584
           1477         187.584
           1478         187.584
           1479         187.584
           1480         187.584
           1481         187.584
           1482         187.584
           1483         188.561
           1484         188.561
           1485         188.561
           1486         188.561
           1487         188.561
           1488         188.561
           1489         188.561
           1490         188.561
           1491         188.561
           1492         188.561
           1493         188.561
           1494         188.561
           1495         188.561
           1496         188.561
           1497         188.561
           1498         188.561
           1499         188.561
           1500         188.561
           1501         189.538
           1502         189.538
           1503         189.538
           1504         189.538
           1505         189.538
           1506         189.538
           1507         189.538
           1508         189.538
           1509         189.538
           1510         189.538
           1511         189.538
           1512         189.538
           1513         189.538
           1514         189.538
           1515         189.538
           1516         189.538
           1517         189.538
           1518         189.538
           1519         189.538
           1520         189.538
           1521         190.515
           1522         190.515
           1523         190.515
           1524         190.515
           1525         190.515
           1526         190.515
           1527         190.515
           1528         190.515
           1529         190.515
           1530         190.515
           1531         190.515
           1532         190.515
           1533         190.515
           1534         190.515
           1535         190.515
           1536         190.515
           1537         190.515
           1538         190.515
           1539         190.515
           1540         191.492
           1541         191.492
           1542         191.492
           1543         191.492
           1544         191.492
           1545         191.492
           1546         191.492
           1547         191.492
           1548         191.492
           1549         191.492
           1550         191.492
           1551         191.492
           1552         191.492
           1553         191.492
           1554         191.492
           1555         191.492
           1556         191.492
           1557         191.492
           1558         191.492
           1559         192.469
           1560         192.469
           1561         192.469
           1562         192.469
           1563         192.469
           1564         192.469
           1565         192.469
           1566         192.469
           1567         192.469
           1568         192.469
           1569         192.469
           1570         192.469
           1571         192.469
           1572         192.469
           1573         192.469
           1574         192.469
           1575         192.469
           1576         192.469
           1577         192.469
           1578         192.469
           1579         193.446
           1580         193.446
           1581         193.446
           1582         193.446
           1583         193.446
           1584         193.446
           1585         193.446
           1586         193.446
           1587         193.446
           1588         193.446
           1589         193.446
           1590         193.446
           1591         193.446
           1592         193.446
           1593         193.446
           1594         193.446
           1595         193.446
           1596         193.446
           1597         193.446
           1598         193.446
           1599         193.446
           1600         194.423
           1601         194.423
           1602         194.423
           1603         194.423
           1604         194.423
           1605         194.423
           1606         194.423
           1607         194.423
           1608         194.423
           1609         194.423
           1610         194.423
           1611         194.423
           1612         194.423
           1613         194.423
           1614         194.423
           1615         194.423
           1616         194.423
           1617         194.423
           1618         194.423
           1619         194.423
           1620         194.423
           1621         194.423
           1622         194.423
           1623         195.400
           1624         195.400
           1625         195.400
           1626         195.400
           1627         195.400
           1628         195.400
           1629         195.400
           1630         195.400
           1631         195.400
           1632         195.400
           1633         195.400
           1634         195.400
           1635         195.400
           1636         195.400
           1637         195.400
           1638         195.400
           1639         195.400
           1640         195.400
           1641         195.400
           1642         195.400
           1643         196.377
           1644         196.377
           1645         196.377
           1646         196.377
           1647         196.377
           1648         196.377
           1649         196.377
           1650         196.377
           1651         196.377
           1652         196.377
           1653         196.377
           1654         196.377
           1655         196.377
           1656         196.377
           1657         196.377
           1658         196.377
           1659         196.377
           1660         196.377
           1661         197.354
           1662         197.354
           1663         197.354
           1664         197.354
           1665         197.354
           1666         197.354
           1667         197.354
           1668         197.354
           1669         197.354
           1670         197.354
           1671         197.354
           1672         197.354
           1673         197.354
           1674         197.354
           1675         197.354
           1676         197.354
           1677         197.354
           1678         197.354
           1679         197.354
           1680         198.331
           1681         198.331
           1682         198.331
           1683         198.331
           1684         198.331
           1685         198.331
           1686         198.331
           1687         198.331
           1688         198.331
           1689         198.331
           1690         198.331
           1691         198.331
           1692         198.331
           1693         198.331
           1694         198.331
           1695         198.331
           1696         198.331
           1697         198.331
           1698         198.331
           1699         198.331
           1700         198.331
           1701         199.308
           1702         199.308
           1703         199.308
           1704         199.308
           1705         199.308
           1706         199.308
           1707         199.308
           1708         199.308
           1709         199.308
           1710         199.308
           1711         199.308
           1712         199.308
           1713         199.308
           1714         200.285
           1715         200.285
           1716         200.285
           1717         200.285
           1718         200.285
           1719         200.285
           1720         200.285
           1721         200.285
           1722         200.285
           1723         200.285
           1724         200.285
           1725         200.285
           1726         201.262
           1727         201.262
           1728         201.262
           1729         201.262
           1730         201.262
           1731         201.262
           1732         201.262
           1733         201.262
           1734         201.262
           1735         201.262
           1736         201.262
           1737         201.262
           1738         202.239
           1739         202.239
           1740         202.239
           1741         202.239
           1742         202.239
           1743         202.239
           1744         202.239
           1745         202.239
           1746         202.239
           1747         202.239
           1748         202.239
           1749         202.239
           1750         202.239
           1751         202.239
           1752         202.239
           1753         202.239
           1754         202.239
           1755         202.239
           1756         202.239
           1757         202.239
           1758         203.216
           1759         203.216
           1760         203.216
           1761         203.216
           1762         203.216
           1763         203.216
           1764         203.216
           1765         203.216
           1766         203.216
           1767         203.216
           1768         203.216
           1769         203.216
           1770         203.216
           1771         203.216
           1772         203.216
           1773         203.216
           1774         204.193
           1775         204.193
           1776         204.193
           1777         204.193
           1778         204.193
           1779         204.193
           1780         204.193
           1781         204.193
           1782         204.193
           1783         204.193
           1784         204.193
           1785         204.193
           1786         205.170
           1787         205.170
           1788         205.170
           1789         205.170
           1790         205.170
           1791         205.170
           1792         205.170
           1793         205.170
           1794         205.170
           1795         205.170
           1796         205.170
           1797         205.170
           1798         206.147
           1799         206.147
           1800         206.147
           1801         206.147
           1802         206.147
           1803         206.147
           1804         206.147
           1805         206.147
           1806         206.147
           1807         206.147
           1808         206.147
           1809         206.147
           1810         207.124
           1811         207.124
           1812         207.124
           1813         207.124
           1814         207.124
           1815         207.124
           1816         207.124
           1817         207.124
           1818         208.101
           1819         208.101
           1820         208.101
           1821         208.101
           1822         208.101
           1823         208.101
           1824         208.101
           1825         208.101
           1826         208.101
           1827         209.078
           1828         209.078
           1829         209.078
           1830         209.078
           1831         209.078
           1832         209.078
           1833         209.078
           1834         209.078
           1835         209.078
           1836         209.078
           1837         209.078
           1838         209.078
           1839         210.055
           1840         210.055
           1841         210.055
           1842         210.055
           1843         210.055
           1844         210.055
           1845         210.055
           1846         210.055
           1847         210.055
           1848         210.055
           1849         210.055
           1850         210.055
           1851         210.055
           1852         210.055
           1853         211.032
           1854         211.032
           1855         211.032
           1856         211.032
           1857         211.032
           1858         211.032
           1859         211.032
           1860         211.032
           1861         211.032
           1862         211.032
           1863         211.032
           1864         211.032
           1865         211.032
           1866         211.032
           1867         211.032
           1868         211.032
           1869         211.032
           1870         211.032
           1871         211.032
           1872         211.032
           1873         212.009
           1874         212.009
           1875         212.009
           1876         212.009
           1877         212.009
           1878         212.009
           1879         212.009
           1880         212.009
           1881         212.009
           1882         212.009
           1883         212.009
           1884         212.009
           1885         212.009
           1886         212.009
           1887         212.009
           1888         212.009
           1889         212.009
           1890         212.009
           1891         212.009
           1892         212.986
           1893         212.986
           1894         212.986
           1895         212.986
           1896         212.986
           1897         212.986
           1898         212.986
           1899         212.986
           1900         213.963
           1901         213.963
           1902         213.963
           1903         213.963
           1904         213.963
           1905         213.963
           1906         213.963
           1907         213.963
           1908         213.963
           1909         213.963
           1910         214.940
           1911         214.940
           1912         214.940
           1913         214.940
           1914         214.940
           1915         214.940
           1916         214.940
           1917         214.940
           1918         214.940
           1919         214.940
           1920         215.917
           1921         215.917
           1922         215.917
           1923         215.917
           1924         215.917
           1925         215.917
           1926         215.917
           1927         215.917
           1928         215.917
           1929         215.917
           1930         216.894
           1931         216.894
           1932         216.894
           1933         216.894
           1934         216.894
           1935         216.894
           1936         216.894
           1937         216.894
           1938         216.894
           1939         217.871
           1940         217.871
           1941         217.871
           1942         217.871
           1943         217.871
           1944         217.871
           1945         217.871
           1946         217.871
           1947         217.871
           1948         217.871
           1949         217.871
           1950         217.871
           1951         217.871
           1952         217.871
           1953         217.871
           1954         217.871
           1955         217.871
           1956         217.871
           1957         217.871
           1960         217.871
           1961         218.848
           1962         218.848
           1963         218.848
           1964         218.848
           1965         218.848
           1966         218.848
           1967         218.848
           1968         218.848
           1969         218.848
           1970         218.848
           1971         218.848
           1972         218.848
           1973         218.848
           1974         218.848
           1975         218.848
           1976         218.848
           1977         218.848
           1978         218.848
           1979         218.848
           1980         218.848
           1981         218.848
           1982         218.848
           1983         218.848
           1984         219.825
           1985         219.825
           1986         219.825
           1987         219.825
           1988         219.825
           1989         219.825
           1990         219.825
           1991         219.825
           1992         219.825
           1993         219.825
           1994         219.825
           1995         219.825
           1996         220.802
           1997         220.802
           1998         220.802
           1999         220.802
           2000         220.802
           2001         220.802
           2002         220.802
           2003         220.802
           2004         220.802
           2005         220.802
           2006         220.802
           2007         220.802
           2008         221.779
           2009         221.779
           2010         221.779
           2011         221.779
           2012         221.779
           2013         221.779
           2014         221.779
           2015         221.779
           2016         221.779
           2017         221.779
           2018         221.779
           2019         221.779
           2020         221.779
           2021         221.779
           2022         221.779
           2023         221.779
           2024         221.779
           2025         221.779
           2026         222.756
           2027         222.756
           2028         222.756
           2029         222.756
           2030         222.756
           2031         222.756
           2032         222.756
           2033         222.756
           2034         222.756
           2035         222.756
           2036         222.756
           2037         222.756
           2038         222.756
           2039         222.756
           2040         222.756
           2041         222.756
           2042         222.756
           2043         222.756
           2044         222.756
           2045         222.756
           2046         222.756
           2047         222.756
           2048         222.756
           2049         222.756
           2050         222.756
           2051         222.756
           2052         222.756
           2053         223.733
           2054         223.733
           2055         223.733
           2056         223.733
           2057         223.733
           2058         223.733
           2059         223.733
           2060         223.733
           2061         223.733
           2062         223.733
           2063         223.733
           2064         223.733
           2065         223.733
           2066         223.733
           2067         223.733
           2068         223.733
           2069         223.733
           2070         223.733
           2071         223.733
           2072         223.733
           2073         223.733
           2074         223.733
           2075         223.733
           2076         223.733
           2077         223.733
           2078         223.733
           2079         223.733
           2080         223.733
           2081         223.733
           2082         223.733
           2083         223.733
           2084         223.733
           2085         223.733
           2086         223.733
           2087         223.733
           2088         223.733
           2089         223.733
           2090         223.733
           2091         223.733
           2092         223.733
           2093         223.733
           2094         223.733
           2095         223.733
           2096         223.733
           2097         223.733
           2098         223.733
           2099         223.733
           2100         223.733
           2101         223.733
           2102         223.733
           2103         223.733
           2104         223.733
           2105         223.733
           2106         223.733
           2107         223.733
           2108         223.733
           2109         223.733
           2110         223.733
           2111         223.733
           2112         223.733
           2113         223.733
           2114         223.733
           2115         223.733
           2116         223.733
           2117         223.733
           2118         223.733
           2119         223.733
           2120         223.733
           2121         223.733
           2122         223.733
           2123         223.733
           2124         223.733
           2125         223.733
           2126         223.733
           2127         223.733
           2128         223.733
           2129         223.733
           2130         223.733
           2131         223.733
           2132         223.733
           2133         223.733
           2134         223.733
           2135         223.733
           2136         223.733
           2137         223.733
           2138         223.733
           2139         223.733
           2140         223.733
           2141         223.733
           2142         223.733
           2143         223.733
           2144         223.733
           2145         223.733
           2146         223.733
           2147         223.733
           2148         223.733
           2149         223.733
           2150         222.756
           2151         222.756
           2152         222.756
           2153         222.756
           2154         222.756
           2155         222.756
           2156         222.756
           2157         222.756
           2158         222.756
           2159         222.756
           2160         222.756
           2161         222.756
           2162         222.756
           2163         222.756
           2164         222.756
           2165         222.756
           2166         222.756
           2167         222.756
           2168         222.756
           2169         222.756
           2170         222.756
           2171         222.756
           2172         222.756
           2173         221.779
           2174         221.779
           2175         221.779
           2176         221.779
           2177         221.779
           2178         221.779
           2179         221.779
           2180         221.779
           2181         221.779
           2182         221.779
           2183         221.779
           2184         221.779
           2185         221.779
           2186         221.779
           2187         221.779
           2188         221.779
           2189         221.779
           2190         221.779
           2191         221.779
           2192         220.802
           2193         220.802
           2194         220.802
           2195         220.802
           2196         220.802
           2197         220.802
           2198         220.802
           2199         220.802
           2200         220.802
           2201         220.802
           2202         220.802
           2203         220.802
           2204         220.802
           2205         220.802
           2206         220.802
           2207         220.802
           2208         220.802
           2209         220.802
           2210         220.802
           2211         220.802
           2212         220.802
           2213         219.825
           2214         219.825
           2215         219.825
           2216         219.825
           2217         219.825
           2218         219.825
           2219         219.825
           2220         219.825
           2221         219.825
           2222         219.825
           2223         219.825
           2224         219.825
           2225         219.825
           2226         219.825
           2227         219.825
           2228         219.825
           2229         219.825
           2230         219.825
           2231         219.825
           2232         219.825
           2233         218.848
           2234         218.848
           2235         218.848
           2236         218.848
           2237         218.848
           2238         218.848
           2239         218.848
           2240         218.848
           2241         218.848
           2242         218.848
           2243         218.848
           2244         218.848
           2245         218.848
           2246         218.848
           2247         217.871
           2248         217.871
           2249         217.871
           2250         217.871
           2251         217.871
           2252         217.871
           2253         217.871
           2254         217.871
           2255         217.871
           2256         217.871
           2257         217.871
           2258         217.871
           2259         217.871
           2260         217.871
           2261         217.871
           2262         217.871
           2263         217.871
           2264         217.871
           2265         217.871
           2266         217.871
           2267         217.871
           2268         217.871
           2269         217.871
           2270         216.894
           2271         216.894
           2272         216.894
           2273         216.894
           2274         216.894
           2275         216.894
           2276         216.894
           2277         216.894
           2278         216.894
           2279         216.894
           2280         216.894
           2281         216.894
           2282         216.894
           2283         216.894
           2284         216.894
           2285         216.894
           2286         216.894
           2287         216.894
           2288         216.894
           2289         216.894
           2290         216.894
           2291         216.894
           2292         215.917
           2293         215.917
           2294         215.917
           2295         215.917
           2296         215.917
           2297         215.917
           2298         215.917
           2299         215.917
           2300         215.917
           2301         215.917
           2302         215.917
           2303         215.917
           2304         215.917
           2305         215.917
           2306         215.917
           2307         215.917
           2308         215.917
           2309         215.917
           2310         215.917
           2311         215.917
           2312         215.917
           2313         215.917
           2314         215.917
           2315         215.917
           2316         215.917
           2317         215.917
           2318         215.917
           2319         215.917
           2320         215.917
           2321         215.917
           2322         215.917
           2323         215.917
           2324         215.917
           2325         215.917
           2326         215.917
           2327         215.917
           2328         214.940
           2329         214.940
           2330         214.940
           2331         214.940
           2332         214.940
           2333         214.940
           2334         214.940
           2335         214.940
           2336         214.940
           2337         214.940
           2338         214.940
           2339         214.940
           2340         214.940
           2341         214.940
           2342         214.940
           2343         214.940
           2344         214.940
           2345         214.940
           2346         214.940
           2347         214.940
           2348         214.940
           2349         213.963
           2350         213.963
           2351         213.963
           2352         213.963
           2353         213.963
           2354         213.963
           2355         213.963
           2356         213.963
           2357         213.963
           2358         213.963
           2359         213.963
           2360         213.963
           2361         213.963
           2362         213.963
           2363         213.963
           2364         213.963
           2365         213.963
           2366         213.963
           2367         213.963
           2368         213.963
           2369         213.963
           2370         213.963
           2371         213.963
           2372         213.963
           2373         213.963
           2374         213.963
           2375         213.963
           2376         213.963
           2377         212.986
           2378         212.986
           2379         212.986
           2380         212.986
           2381         212.986
           2382         212.986
           2383         212.986
           2384         212.986
           2385         212.986
           2386         212.986
           2387         212.986
           2388         212.986
           2389         212.986
           2390         212.986
           2391         212.986
           2392         212.986
           2393         212.986
           2394         212.986
           2395         212.986
           2396         212.986
           2397         212.986
           2398         212.986
           2399         212.986
           2400         212.986
           2401         212.986
           2402         212.986
           2403         212.986
           2404         212.986
           2405         212.986
           2406         212.986
           2407         212.986
           2408         212.986
           2409         212.986
           2410         212.986
           2460         212.009
           2461         212.009
           2462         212.009
           2463         212.009
           2464         212.009
           2465         212.009
           2466         212.009
           2467         212.009
           2468         212.009
           2469         212.009
           2470         212.009
           2471         212.009
           2472         212.009
           2473         212.009
           2474         212.009
           2475         212.009
           2476         212.009
           2477         212.009
           2478         212.009
           2479         212.009
           2480         212.009
           2481         212.009
           2482         212.009
           2483         212.009
           2484         212.009
           2485         212.009
           2486         212.009
           2487         212.009
           2488         212.009
           2489         212.009
           2490         212.009
           2491         212.009
           2492         212.009
           2493         212.009
           2494         212.009
           2495         212.009
           2496         212.009
           2497         212.009
           2498         212.009
           2499         212.009
           2500         212.009
           2501         212.009
           2502         211.032
           2503         211.032
           2504         211.032
           2505         211.032
           2506         211.032
           2507         211.032
           2508         211.032
           2509         211.032
           2510         211.032
           2511         211.032
           2512         211.032
           2513         211.032
           2514         211.032
           2515         211.032
           2516         211.032
           2517         210.055
           2518         210.055
           2519         210.055
           2520         210.055
           2521         210.055
           2522         210.055
           2523         210.055
           2524         210.055
           2525         210.055
           2526         210.055
           2527         210.055
           2528         210.055
           2529         210.055
           2530         210.055
           2531         210.055
           2532         210.055
           2533         210.055
           2534         210.055
           2535         210.055
           2536         210.055
           2537         210.055
           2538         210.055
           2539         210.055
           2540         210.055
           2541         210.055
           2542         210.055
           2543         210.055
           2544         210.055
           2545         210.055
           2546         210.055
           2547         210.055
           2548         210.055
           2549         210.055
           2550         210.055
           2551         210.055
           2552         210.055
           2553         209.078
           2554         209.078
           2555         209.078
           2556         209.078
           2557         209.078
           2558         209.078
           2559         209.078
           2560         209.078
           2561         209.078
           2562         209.078
           2563         209.078
           2564         209.078
           2565         209.078
           2566         209.078
           2567         209.078
           2568         209.078
           2569         209.078
           2570         209.078
           2571         209.078
           2572         209.078
           2573         209.078
           2574         209.078
           2575         209.078
           2576         209.078
           2577         209.078
           2578         209.078
           2579         209.078
           2580         209.078
           2581         209.078
           2582         209.078
           2583         209.078
           2584         209.078
           2585         209.078
           2586         209.078
           2587         209.078
           2588         209.078
           2589         209.078
           2590         209.078
           2591         209.078
           2592         209.078
           2593         209.078
           2594         209.078
           2595         208.101
           2596         208.101
           2597         208.101
           2598         208.101
           2599         208.101
           2600         208.101
           2601         208.101
           2602         208.101
           2603         208.101
           2604         208.101
           2605         208.101
           2606         208.101
           2607         208.101
           2608         208.101
           2609         208.101
           2610         208.101
           2611         208.101
           2612         209.078
           2613         209.078
           2614         209.078
           2615         209.078
           2616         209.078
           2617         209.078
           2618         209.078
           2619         209.078
           2620         209.078
           2621         209.078
           2622         209.078
           2623         209.078
           2624         209.078
           2625         209.078
           2626         209.078
           2627         209.078
           2628         209.078
           2629         209.078
           2630         209.078
           2631         209.078
           2632         209.078
           2633         209.078
           2634         209.078
           2635         209.078
           2636         209.078
           2637         209.078
           2638         209.078
           2639         209.078
           2640         209.078
           2641         209.078
           2642         209.078
           2643         209.078
           2644         209.078
           2645         209.078
           2646         209.078
           2647         209.078
           2648         209.078
           2649         209.078
           2650         209.078
           2651         209.078
           2652         209.078
           2653         209.078
           2654         209.078
           2655         209.078
           2656         209.078
           2657         209.078
           2658         209.078
           2659         209.078
           2660         209.078
           2661         209.078
           2662         209.078
           2663         209.078
           2664         209.078
           2665         209.078
           2666         209.078
           2667         209.078
           2668         209.078
           2669         210.055
           2670         210.055
           2671         210.055
           2672         210.055
           2673         210.055
           2674         210.055
           2675         210.055
           2676         210.055
           2677         210.055
           2678         210.055
           2679         210.055
           2680         210.055
           2681         210.055
           2682         210.055
           2683         210.055
           2684         211.032
           2685         211.032
           2686         211.032
           2687         211.032
           2688         211.032
           2689         211.032
           2690         211.032
           2691         211.032
           2692         211.032
           2693         211.032
           2694         211.032
           2695         211.032
           2696         211.032
           2697         211.032
           2698         211.032
           2699         211.032
           2700         211.032
           2701         211.032
           2702         211.032
           2703         212.009
           2704         212.009
           2705         212.009
           2706         212.009
           2707         212.009
           2708         212.009
           2709         212.009
           2710         212.009
           2711         212.009
           2712         212.009
           2713         212.009
           2714         212.009
           2715         212.009
           2716         212.009
           2717         212.009
           2718         212.009
           2719         212.009
           2720         212.009
           2721         212.009
           2722         212.009
           2723         212.009
           2724         212.009
           2725         212.009
           2726         212.009
           2727         212.009
           2728         212.009
           2729         212.009
           2730         212.009
           2731         212.009
           2732         212.009
           2733         212.009
           2734         212.009
           2735         212.009
           2736         212.009
           2737         212.009
           2738         212.009
           2739         212.009
           2740         212.009
           2741         211.032
           2742         211.032
           2743         211.032
           2744         211.032
           2745         210.055
           2746         210.055
           2747         210.055
           2748         210.055
           2749         210.055
           2750         210.055
           2751         210.055
           2752         210.055
           2753         210.055
           2754         210.055
           2755         210.055
           2756         210.055
           2757         210.055
           2758         210.055
           2759         210.055
           2760         210.055
           2761         210.055
           2762         210.055
           2763         210.055
           2764         210.055
           2765         210.055
           2766         210.055
           2767         210.055
           2768         210.055
           2769         210.055
           2770         210.055
           2771         210.055
           2772         210.055
           2773         210.055
           2774         210.055
           2775         210.055
           2776         210.055
           2777         210.055
           2778         210.055
           2779         210.055
           2780         210.055
           2781         210.055
           2782         210.055
           2783         210.055
           2784         211.032
           2785         211.032
           2786         211.032
           2787         211.032
           2788         211.032
           2789         211.032
           2790         212.009
           2791         212.009
           2792         212.009
           2793         212.009
           2794         212.009
           2795         212.009
           2796         212.009
           2797         212.009
           2798         212.009
           2799         212.009
           2800         212.009
           2801         212.009
           2802         212.009
           2803         212.009
           2804         212.009
           2805         212.009
           2806         212.009
           2807         212.009
           2808         212.986
           2809         212.986
           2810         212.986
           2811         212.986
           2812         212.986
           2813         212.986
           2814         212.986
           2815         212.986
           2816         212.986
           2817         212.986
           2818         212.986
           2819         212.986
           2820         212.986
           2821         212.986
           2822         212.986
           2823         212.986
           2824         212.986
           2825         212.986
           2826         212.986
           2827         212.986
           2828         212.986
           2829         212.986
           2830         212.986
           2831         212.986
           2832         212.986
           2833         212.986
           2834         212.986
           2835         212.986
           2836         212.986
           2837         213.963
           2838         213.963
           2839         213.963
           2840         213.963
           2841         213.963
           2842         214.940
           2843         214.940
           2844         214.940
           2845         214.940
           2846         214.940
           2847         214.940
           2848         213.963
           2849         213.963
           2850         213.963
           2851         213.963
           2852         213.963
           2853         213.963
           2854         212.986
           2855         212.986
           2856         212.986
           2857         212.986
           2858         212.986
           2859         212.986
           2860         212.986
           2861         212.986
           2862         212.986
           2863         212.986
           2864         212.009
           2865         211.032
