TRACENO
              1         132.872
              2         132.872
              3         132.872
              4         132.872
              5         132.872
              6         131.895
              7         131.895
              8         131.895
              9         131.895
             10         131.895
             11         131.895
             12         131.895
             13         131.895
             14         132.872
             15         132.872
             16         132.872
             17         132.872
             18         132.872
             19         132.872
             20         132.872
             21         132.872
             22         132.872
             23         132.872
             24         133.849
             25         133.849
             26         133.849
             27         133.849
             28         133.849
             29         133.849
             30         133.849
             31         132.872
             32         132.872
             33         132.872
             34         132.872
             35         132.872
             36         132.872
             37         132.872
             38         132.872
             39         132.872
             40         132.872
             41         132.872
             42         132.872
             43         132.872
             44         132.872
             45         132.872
             46         132.872
             47         132.872
             48         132.872
             49         132.872
             50         132.872
             51         132.872
             52         132.872
             53         132.872
             54         132.872
             55         131.895
             56         132.872
             57         132.872
             58         132.872
             59         132.872
             60         132.872
             61         132.872
             62         132.872
             63         132.872
             64         132.872
             65         132.872
             66         132.872
             67         132.872
             68         132.872
             69         132.872
             70         132.872
             71         132.872
             72         132.872
             73         132.872
             74         132.872
             75         132.872
             76         132.872
             77         132.872
             78         132.872
             79         132.872
             80         132.872
             81         132.872
             82         132.872
             83         132.872
             84         132.872
             85         132.872
             86         132.872
             87         132.872
             88         132.872
             89         132.872
             90         132.872
             91         132.872
             92         132.872
             93         132.872
             94         132.872
             95         132.872
             96         132.872
             97         133.849
             98         133.849
             99         133.849
            100         133.849
            101         133.849
            102         133.849
            103         133.849
            104         133.849
            105         133.849
            106         133.849
            107         133.849
            108         133.849
            109         133.849
            110         133.849
            111         133.849
            112         133.849
            113         133.849
            114         133.849
            115         133.849
            116         133.849
            117         133.849
            118         133.849
            119         133.849
            120         133.849
            121         133.849
            122         133.849
            123         133.849
            124         133.849
            125         133.849
            126         133.849
            127         134.826
            128         134.826
            129         134.826
            130         134.826
            131         134.826
            132         134.826
            133         134.826
            134         134.826
            135         134.826
            136         134.826
            137         134.826
            138         134.826
            139         134.826
            140         134.826
            141         135.803
            142         135.803
            143         135.803
            144         135.803
            145         135.803
            146         135.803
            147         135.803
            148         135.803
            149         135.803
            150         135.803
            151         136.780
            152         136.780
            153         136.780
            154         136.780
            155         136.780
            156         136.780
            157         136.780
            158         136.780
            159         136.780
            160         137.757
            161         137.757
            162         137.757
            163         137.757
            164         137.757
            165         137.757
            166         137.757
            167         137.757
            168         137.757
            169         137.757
            170         137.757
            171         137.757
            172         137.757
            173         137.757
            174         137.757
            175         138.734
            176         138.734
            177         138.734
            178         138.734
            179         138.734
            180         138.734
            181         138.734
            182         138.734
            183         138.734
            184         138.734
            185         138.734
            186         138.734
            187         139.711
            188         139.711
            189         139.711
            190         139.711
            191         139.711
            192         139.711
            193         140.688
            194         140.688
            195         140.688
            196         140.688
            197         140.688
            198         141.665
            199         141.665
            200         141.665
            201         141.665
            202         141.665
            203         141.665
            204         142.642
            205         142.642
            206         142.642
            207         142.642
            208         142.642
            209         142.642
            210         142.642
            211         142.642
            212         142.642
            213         142.642
            214         142.642
            215         142.642
            216         143.619
            217         143.619
            218         143.619
            219         143.619
            220         143.619
            221         143.619
            222         143.619
            223         143.619
            224         143.619
            225         143.619
            226         143.619
            227         143.619
            228         143.619
            229         143.619
            230         144.596
            231         144.596
            232         144.596
            233         144.596
            234         144.596
            235         144.596
            236         144.596
            237         144.596
            238         144.596
            239         144.596
            240         144.596
            241         144.596
            242         144.596
            243         144.596
            244         144.596
            245         144.596
            246         144.596
            247         144.596
            248         144.596
            249         145.573
            250         145.573
            251         145.573
            252         145.573
            253         145.573
            254         145.573
            255         145.573
            256         145.573
            257         145.573
            258         145.573
            259         145.573
            260         145.573
            261         145.573
            262         145.573
            263         145.573
            264         145.573
            265         145.573
            266         145.573
            267         145.573
            268         145.573
            269         145.573
            270         145.573
            271         145.573
            272         145.573
            273         145.573
            274         145.573
            275         145.573
            276         144.596
            277         144.596
            278         144.596
            279         144.596
            280         144.596
            281         144.596
            282         144.596
            283         144.596
            284         144.596
            285         144.596
            286         144.596
            287         144.596
            288         144.596
            289         144.596
            290         144.596
            291         144.596
            292         144.596
            293         144.596
            294         144.596
            295         144.596
            296         144.596
            297         144.596
            298         144.596
            299         144.596
            300         144.596
            301         144.596
            302         144.596
            303         144.596
            304         144.596
            305         144.596
            306         144.596
            307         144.596
            308         144.596
            309         144.596
            310         144.596
            311         144.596
            312         144.596
            313         144.596
            314         144.596
            315         144.596
            316         144.596
            317         144.596
            318         144.596
            319         144.596
            320         144.596
            321         144.596
            322         144.596
            323         144.596
            324         144.596
            325         144.596
            326         144.596
            327         144.596
            328         144.596
            329         144.596
            330         144.596
            331         144.596
            332         144.596
            333         144.596
            334         144.596
            335         144.596
            336         144.596
            337         144.596
            338         144.596
            339         144.596
            340         144.596
            341         144.596
            342         144.596
            343         144.596
            344         144.596
            345         144.596
            346         145.573
            347         145.573
            348         145.573
            349         145.573
            350         144.596
            351         144.596
            352         144.596
            353         144.596
            354         144.596
            355         144.596
            356         144.596
            357         144.596
            358         144.596
            359         143.619
            360         143.619
            361         143.619
            362         143.619
            363         143.619
            364         143.619
            365         143.619
            366         143.619
            367         142.642
            368         142.642
            369         142.642
            370         142.642
            371         142.642
            372         142.642
            373         142.642
            374         142.642
            375         142.642
            376         142.642
            377         142.642
            378         142.642
            379         142.642
            380         142.642
            381         142.642
            382         142.642
            383         142.642
            384         142.642
            385         142.642
            386         142.642
            387         142.642
            388         142.642
            389         142.642
            390         142.642
            391         142.642
            392         142.642
            393         142.642
            394         142.642
            395         142.642
            396         142.642
            397         142.642
            398         142.642
            399         142.642
            400         142.642
            401         142.642
            402         142.642
            403         142.642
            404         142.642
            405         142.642
            406         142.642
            407         142.642
            408         142.642
            409         142.642
            410         142.642
            411         142.642
            412         142.642
            413         142.642
            414         142.642
            415         142.642
            416         143.619
            417         143.619
            418         143.619
            419         143.619
            420         143.619
            421         143.619
            422         143.619
            423         143.619
            424         143.619
            425         143.619
            426         143.619
            427         143.619
            428         143.619
            429         143.619
            430         143.619
            431         143.619
            432         143.619
            433         143.619
            434         143.619
            435         143.619
            436         143.619
            437         143.619
            438         143.619
            439         143.619
            440         143.619
            441         143.619
            442         143.619
            443         143.619
            444         143.619
            445         143.619
            446         143.619
            447         143.619
            448         143.619
            449         143.619
            450         143.619
            451         144.596
            452         144.596
            453         144.596
            454         144.596
            455         144.596
            456         144.596
            457         144.596
            458         144.596
            459         144.596
            460         144.596
            461         145.573
            462         145.573
            463         145.573
            464         145.573
            465         145.573
            466         145.573
            467         145.573
            468         145.573
            469         145.573
            470         145.573
            471         146.550
            472         146.550
            473         146.550
            474         146.550
            475         146.550
            476         146.550
            477         146.550
            478         146.550
            479         146.550
            480         146.550
            481         147.527
            482         147.527
            483         147.527
            484         147.527
            485         147.527
            486         147.527
            487         147.527
            488         147.527
            489         147.527
            490         147.527
            491         147.527
            492         147.527
            493         147.527
            494         147.527
            495         147.527
            496         147.527
            497         147.527
            498         147.527
            499         147.527
            500         147.527
            501         147.527
            502         147.527
            503         147.527
            504         147.527
            505         147.527
            506         147.527
            507         146.550
            508         146.550
            509         146.550
            510         146.550
            511         146.550
            512         146.550
            513         146.550
            514         146.550
            515         146.550
            516         146.550
            517         146.550
            518         146.550
            519         146.550
            520         146.550
            521         146.550
            522         146.550
            523         146.550
            524         146.550
            525         146.550
            526         146.550
            527         146.550
            528         146.550
            529         146.550
            530         146.550
            531         146.550
            532         146.550
            533         146.550
            534         146.550
            535         146.550
            536         146.550
            537         146.550
            538         146.550
            539         146.550
            540         147.527
            541         147.527
            542         147.527
            543         147.527
            544         147.527
            545         147.527
            546         147.527
            547         147.527
            548         147.527
            549         147.527
            550         148.504
            551         148.504
            552         148.504
            553         148.504
            554         148.504
            555         148.504
            556         148.504
            557         148.504
            558         148.504
            559         148.504
            560         148.504
            561         148.504
            562         148.504
            563         148.504
            564         148.504
            565         148.504
            566         148.504
            567         149.481
            568         149.481
            569         149.481
            570         149.481
            571         149.481
            572         149.481
            573         149.481
            574         149.481
            575         149.481
            576         148.504
            577         148.504
            578         148.504
            579         148.504
            580         148.504
            581         148.504
            582         148.504
            583         148.504
            584         148.504
            585         148.504
            586         148.504
            587         148.504
            588         148.504
            589         148.504
            590         148.504
            591         148.504
            592         148.504
            593         148.504
            594         148.504
            595         148.504
            596         148.504
            597         148.504
            598         148.504
            599         148.504
            600         148.504
            601         148.504
            602         148.504
            603         148.504
            604         148.504
            605         148.504
            606         148.504
            607         148.504
            608         147.527
            609         147.527
            610         147.527
            611         147.527
            612         147.527
            613         147.527
            614         147.527
            615         147.527
            616         147.527
            617         147.527
            618         147.527
            619         147.527
            620         147.527
            621         147.527
            622         147.527
            623         147.527
            624         147.527
            625         147.527
            626         147.527
            627         147.527
            628         147.527
            629         147.527
            630         147.527
            631         147.527
            632         147.527
            633         147.527
            634         147.527
            635         147.527
            636         147.527
            637         147.527
            638         147.527
            639         147.527
            640         147.527
            641         147.527
            642         147.527
            643         147.527
            644         147.527
            645         147.527
            646         147.527
            647         147.527
            648         147.527
            649         147.527
            650         147.527
            651         147.527
            652         147.527
            653         147.527
            654         147.527
            655         147.527
            656         147.527
            657         147.527
            658         147.527
            659         147.527
            660         147.527
            661         147.527
            662         147.527
            663         147.527
            664         147.527
            665         148.504
            666         148.504
            667         148.504
            668         148.504
            669         148.504
            670         149.481
            671         149.481
            672         149.481
            673         149.481
            674         149.481
            675         150.458
            676         150.458
            677         150.458
            678         150.458
            679         150.458
            680         150.458
            681         149.481
            682         149.481
            683         149.481
            684         149.481
            685         149.481
            686         148.504
            687         148.504
            688         148.504
            689         148.504
            690         148.504
            691         147.527
            692         147.527
            693         147.527
            694         147.527
            695         147.527
            696         147.527
            697         147.527
            698         147.527
            699         147.527
            700         147.527
            701         147.527
            702         147.527
            703         147.527
            704         147.527
            705         147.527
            706         147.527
            707         146.550
            708         146.550
            709         146.550
            710         146.550
            711         146.550
            712         146.550
            713         146.550
            714         146.550
            715         146.550
            716         146.550
            717         146.550
            718         146.550
            719         146.550
            720         145.573
            721         145.573
            722         145.573
            723         145.573
            724         145.573
            725         145.573
            726         145.573
            727         145.573
            728         145.573
            729         145.573
            730         145.573
            731         145.573
            732         145.573
            733         144.596
            734         144.596
