TRACENO
              2         145.573
              3         145.573
              4         145.573
              5         145.573
              6         145.573
              7         145.573
              8         145.573
              9         145.573
             10         145.573
             11         145.573
             12         145.573
             13         145.573
             14         145.573
             15         145.573
             16         145.573
             17         144.596
             18         144.596
             19         144.596
             20         144.596
             21         144.596
             22         144.596
             23         144.596
             24         144.596
             25         144.596
             26         144.596
             27         144.596
             28         144.596
             29         144.596
             30         144.596
             31         144.596
             32         144.596
             33         144.596
             34         144.596
             35         144.596
             36         144.596
             37         144.596
             38         143.619
             39         143.619
             40         143.619
             41         143.619
             42         143.619
             43         143.619
             44         143.619
             45         143.619
             46         143.619
             47         143.619
             48         143.619
             49         143.619
             50         143.619
             51         143.619
             52         143.619
             53         143.619
             54         143.619
             55         143.619
             56         143.619
             57         143.619
             58         143.619
             59         143.619
             60         143.619
             61         143.619
             62         143.619
             63         143.619
             64         143.619
             65         143.619
             66         143.619
             67         143.619
             68         143.619
             69         143.619
             70         142.642
             71         142.642
             72         142.642
             73         142.642
             74         142.642
             75         142.642
             76         142.642
             77         142.642
             78         142.642
             79         142.642
             80         142.642
             81         142.642
             82         142.642
             83         141.665
             84         141.665
             85         141.665
             86         141.665
             87         141.665
             88         141.665
             89         141.665
             90         141.665
             91         141.665
             92         141.665
             93         142.642
             94         142.642
             95         142.642
             96         143.619
             97         143.619
             98         143.619
             99         142.642
            100         142.642
            101         142.642
            102         142.642
            103         142.642
            104         142.642
            105         142.642
            106         142.642
            107         142.642
            108         142.642
            109         142.642
            110         142.642
            111         142.642
            112         142.642
            113         142.642
            114         141.665
            115         141.665
            116         141.665
            117         141.665
            118         141.665
            119         141.665
            120         141.665
            121         141.665
            122         141.665
            123         141.665
            124         141.665
            125         141.665
            126         141.665
            127         141.665
            128         141.665
            129         140.688
            130         140.688
            131         140.688
            132         140.688
            133         140.688
            134         140.688
            135         140.688
            136         140.688
            137         140.688
            138         140.688
            139         139.711
            140         139.711
            141         139.711
            142         139.711
            143         139.711
            144         139.711
            145         139.711
            146         139.711
            147         138.734
            148         138.734
            149         138.734
            150         138.734
            151         138.734
            152         138.734
            153         138.734
            154         138.734
            155         138.734
            156         137.757
            157         137.757
            158         137.757
            159         137.757
            160         137.757
            161         137.757
            162         137.757
            163         137.757
            164         137.757
            165         137.757
            166         137.757
            167         137.757
            168         136.780
            169         136.780
            170         136.780
            171         136.780
            172         136.780
            173         136.780
            174         136.780
            175         136.780
            176         136.780
            177         136.780
            178         136.780
            179         136.780
            180         136.780
            181         136.780
            182         136.780
            183         136.780
            184         136.780
            185         136.780
            186         135.803
            187         135.803
            188         135.803
            189         135.803
            190         135.803
            191         135.803
            192         135.803
            193         135.803
            194         135.803
            195         135.803
            196         135.803
            197         135.803
            198         135.803
            199         135.803
            200         135.803
            201         135.803
            202         135.803
            203         134.826
            204         134.826
            205         134.826
            206         134.826
            207         134.826
            208         134.826
            209         134.826
            210         134.826
            211         134.826
            212         134.826
            213         134.826
            214         134.826
            215         134.826
            216         134.826
            217         134.826
            218         133.849
            219         133.849
            220         133.849
            221         133.849
            222         133.849
            223         133.849
            224         133.849
            225         133.849
            226         133.849
            227         133.849
            228         133.849
            229         133.849
            230         133.849
            231         133.849
            232         133.849
            233         133.849
            234         132.872
            235         132.872
            236         132.872
            237         132.872
            238         132.872
            239         132.872
            240         132.872
            241         132.872
            242         132.872
            243         132.872
            244         132.872
            245         132.872
            246         132.872
            247         132.872
            248         132.872
            249         132.872
            250         132.872
            251         132.872
            252         132.872
            253         132.872
            254         132.872
            255         132.872
            256         132.872
            257         132.872
            258         132.872
            259         132.872
            260         132.872
            261         132.872
            262         132.872
            263         132.872
            264         132.872
            265         132.872
            266         132.872
            267         132.872
            268         131.895
            269         131.895
            270         131.895
            271         131.895
            272         131.895
            273         131.895
            274         131.895
            275         131.895
            276         130.918
            277         130.918
            278         130.918
            279         130.918
            280         130.918
            281         130.918
            282         130.918
            283         129.941
            284         129.941
            285         129.941
            286         129.941
            287         129.941
            288         129.941
            289         129.941
            290         129.941
            291         128.964
            292         128.964
            293         128.964
            294         128.964
            295         128.964
            296         128.964
            297         128.964
            298         128.964
            299         127.987
            300         127.987
            301         127.987
            302         127.987
            303         127.987
            304         127.987
            305         127.987
            306         127.987
            307         127.010
            308         127.010
            309         127.010
            310         127.010
            311         127.010
            312         127.010
            313         127.010
            314         126.033
            315         126.033
            316         126.033
            317         126.033
            318         126.033
            319         126.033
            320         126.033
            321         126.033
            322         125.056
            323         125.056
            324         125.056
            325         125.056
            326         125.056
            327         125.056
            328         125.056
            329         125.056
            330         124.079
            331         124.079
            332         124.079
            333         124.079
            334         124.079
            335         124.079
            336         124.079
            337         123.102
            338         123.102
            339         123.102
            340         123.102
            341         123.102
            342         123.102
            343         123.102
            344         123.102
            345         122.125
            346         122.125
            347         122.125
            348         122.125
            349         122.125
            350         122.125
            351         121.148
            352         121.148
            353         121.148
            354         121.148
            355         120.171
            356         120.171
            357         120.171
            358         120.171
            359         120.171
            360         119.194
            361         119.194
            362         119.194
            363         119.194
            364         118.217
            365         118.217
            366         118.217
            367         118.217
            368         118.217
            369         117.240
            370         117.240
            371         117.240
            372         117.240
            373         116.263
            374         116.263
            375         116.263
            376         116.263
            377         117.240
            378         117.240
            379         117.240
            380         117.240
            381         117.240
            382         117.240
            383         117.240
            384         117.240
            385         117.240
            386         117.240
            387         116.263
            388         116.263
            389         116.263
            390         116.263
            391         115.286
            392         115.286
            393         115.286
            394         115.286
            395         114.309
            396         114.309
            397         114.309
            398         114.309
            399         114.309
            400         114.309
            401         113.332
            402         113.332
            403         113.332
            404         113.332
            405         113.332
            406         113.332
            407         113.332
            408         112.355
            409         112.355
            410         112.355
            411         112.355
            412         112.355
            413         112.355
            414         112.355
            415         112.355
            416         112.355
            417         112.355
            418         112.355
            419         112.355
            420         111.378
            421         111.378
            422         111.378
            423         111.378
            424         110.401
            425         110.401
            426         110.401
            427         110.401
            428         109.424
            429         109.424
            430         109.424
            431         109.424
            432         108.447
            433         108.447
            434         108.447
            435         108.447
            436         108.447
            437         108.447
            438         108.447
            439         108.447
            440         107.470
            441         107.470
            442         107.470
            443         107.470
            444         107.470
            445         107.470
            446         107.470
            447         106.493
            448         106.493
            449         106.493
            450         106.493
            451         106.493
            452         106.493
            453         105.516
            454         105.516
            455         106.493
            456         106.493
            457         106.493
            458         106.493
            459         106.493
            460         106.493
            461         106.493
            462         106.493
            463         106.493
            464         105.516
            465         105.516
            466         105.516
            467         104.539
            468         104.539
            469         103.562
            470         103.562
            471         103.562
            472         103.562
            473         102.585
            474         102.585
            475         102.585
            476         102.585
            477         101.608
            478         101.608
            479         101.608
            480         101.608
            481         101.608
            482         100.631
            483         100.631
            484         100.631
            485         100.631
            486          99.654
            487          99.654
            488          99.654
            489          99.654
            490          98.677
            491          98.677
            492          98.677
            493          98.677
            494          98.677
            495          97.700
            496          97.700
            497          97.700
            498          97.700
            499          96.723
            500          96.723
            501          96.723
            502          96.723
            503          95.746
            504          95.746
            505          95.746
            506          94.769
            507          94.769
            508          94.769
            509          93.792
            510          93.792
            511          92.815
            512          92.815
            513          91.838
            514          91.838
            515          91.838
            516          90.861
            517          90.861
            518          90.861
            519          89.884
            520          89.884
            521          89.884
            522          89.884
            523          89.884
            524          89.884
            525          89.884
            526          89.884
            527          89.884
            528          89.884
            529          89.884
            530          89.884
            531          89.884
            532          89.884
            533          88.907
            534          88.907
            535          88.907
            536          87.930
            537          87.930
            538          87.930
            539          87.930
            540          86.953
            541          86.953
            542          86.953
            543          86.953
            544          86.953
            545          86.953
            546          85.976
            547          85.976
            548          85.976
            549          85.976
            550          85.976
            551          84.999
            552          84.999
            553          84.999
            554          84.022
            555          84.022
            556          84.022
            557          83.045
            558          83.045
            559          83.045
            560          82.068
            561          82.068
            562          82.068
            563          82.068
            564          81.091
            565          81.091
            566          81.091
            567          81.091
            568          81.091
            569          81.091
            570          81.091
            571          81.091
            572          81.091
            573          81.091
            574          81.091
            575          81.091
            576          81.091
            577          81.091
            578          81.091
            579          81.091
            580          81.091
            581          81.091
            582          81.091
            583          81.091
            584          81.091
            585          81.091
            586          81.091
            587          81.091
            588          81.091
            589          81.091
            590          81.091
            591          81.091
            592          81.091
            593          81.091
            594          81.091
            595          81.091
            596          81.091
            597          81.091
            598          81.091
            599          81.091
            600          81.091
            601          80.114
            602          80.114
            603          79.137
            604          79.137
            605          78.160
            606          78.160
            607          78.160
            608          77.183
            609          77.183
            610          76.206
            611          76.206
            612          76.206
            613          76.206
            614          76.206
            615          75.229
            616          75.229
            617          75.229
            618          75.229
            619          74.252
            620          74.252
            621          74.252
            622          74.252
            623          74.252
            624          74.252
            625          74.252
            626          74.252
            627          74.252
            628          74.252
            629          74.252
            630          74.252
            631          74.252
            632          74.252
            633          74.252
            634          74.252
            635          74.252
            636          74.252
            637          74.252
            638          74.252
            639          74.252
            640          74.252
            641          74.252
            642          74.252
            643          74.252
            644          74.252
            645          74.252
            646          74.252
            647          74.252
            648          74.252
            649          73.275
            650          73.275
            651          73.275
            652          73.275
            653          73.275
            654          73.275
            655          73.275
            656          73.275
            657          73.275
            658          73.275
            659          73.275
            660          73.275
            661          73.275
            662          73.275
            663          73.275
            664          73.275
            665          73.275
            666          73.275
            667          73.275
            668          73.275
            669          73.275
            670          73.275
            671          73.275
            672          73.275
            673          73.275
            674          73.275
            675          73.275
            676          73.275
            677          73.275
            678          73.275
            679          73.275
            680          73.275
            681          73.275
            682          73.275
            683          73.275
            684          73.275
            685          73.275
            686          73.275
            687          73.275
            688          73.275
            689          73.275
            690          73.275
            691          73.275
            692          73.275
            693          74.252
            694          74.252
            695          74.252
            696          74.252
            697          74.252
