TRACENO
              1         212.986
              2         212.986
              3         212.986
              4         212.986
              5         212.986
              6         212.986
              7         212.986
              8         212.986
              9         212.986
             10         212.986
             11         212.986
             12         212.986
             13         212.986
             14         212.986
             15         212.986
             16         212.986
             17         212.986
             18         212.986
             19         212.986
             20         212.986
             21         212.986
             22         212.986
             23         212.986
             24         212.986
             25         212.986
             26         212.986
             27         212.986
             28         212.986
             29         212.986
             30         212.986
             31         212.986
             32         212.986
             33         212.986
             34         212.986
             35         212.986
             36         212.986
             37         213.963
             38         213.963
             39         213.963
             40         213.963
             41         213.963
             42         213.963
             43         213.963
             44         213.963
             45         213.963
             46         212.986
             47         212.986
             48         212.986
             49         212.986
             50         212.986
             51         212.986
             52         212.986
             53         212.986
             54         212.986
             55         212.986
             56         212.986
             57         212.986
             58         212.986
             59         212.986
             60         212.986
             61         212.986
             62         212.986
             63         212.986
             64         212.986
             65         212.986
             66         212.986
             67         212.986
             68         212.986
             69         212.986
             70         212.986
             71         212.986
             72         212.986
             73         212.986
             74         212.986
             75         212.986
             76         212.986
             77         212.986
             78         212.009
             79         212.009
             80         212.009
             81         212.009
             82         212.009
             83         212.986
             84         212.986
             85         212.986
             86         212.986
             87         212.986
             88         212.986
             89         212.986
             90         212.986
             91         212.986
             92         212.986
             93         213.963
             94         213.963
             95         213.963
             96         213.963
             97         213.963
             98         213.963
             99         213.963
            100         213.963
            101         213.963
            102         212.986
            103         213.963
            104         213.963
            105         213.963
            106         213.963
            107         213.963
            108         213.963
            109         213.963
            110         213.963
            111         213.963
            112         213.963
            113         213.963
            114         213.963
            115         213.963
            116         212.986
            117         212.986
            118         212.986
            119         212.986
            120         212.986
            121         212.986
            122         212.986
            123         212.986
            124         212.009
            125         212.009
            126         212.009
            127         211.032
            128         211.032
            129         211.032
            130         211.032
            131         211.032
            132         211.032
            133         211.032
            134         211.032
            135         211.032
            136         211.032
            137         211.032
            138         211.032
            139         211.032
            140         211.032
            141         211.032
            142         211.032
            143         211.032
            144         211.032
            145         211.032
            146         211.032
            147         211.032
            148         211.032
            149         211.032
            150         211.032
            151         211.032
            152         210.055
            153         210.055
            154         210.055
            155         210.055
            156         210.055
            157         210.055
            158         210.055
            159         210.055
            160         209.078
            161         209.078
            162         209.078
            163         209.078
            164         209.078
            165         208.101
            166         208.101
            167         208.101
            168         208.101
            169         207.124
            170         207.124
            171         208.101
            172         208.101
            173         209.078
            174         210.055
            175         211.032
            176         211.032
            177         211.032
            178         212.009
            179         212.009
            180         212.009
            181         212.009
            182         212.009
            183         212.986
            184         212.986
            185         212.986
            186         212.986
            187         212.986
            188         212.986
            189         212.986
            190         213.963
            191         213.963
            192         213.963
            193         213.963
            194         214.940
            195         214.940
            196         215.917
            197         215.917
            198         216.894
            199         216.894
            200         217.871
            201         217.871
            202         216.894
            203         216.894
            204         215.917
            205         215.917
            206         215.917
            207         216.894
            208         215.917
            209         215.917
            210         215.917
            211         215.917
            212         215.917
            213         215.917
            214         215.917
            215         215.917
            216         215.917
            217         214.940
            218         214.940
            219         214.940
            220         214.940
            221         214.940
            222         214.940
            223         214.940
            224         214.940
            225         214.940
            226         214.940
            227         214.940
            228         214.940
            229         215.917
            230         215.917
            231         215.917
            232         215.917
            233         215.917
            234         215.917
            235         215.917
            236         215.917
            237         215.917
            238         216.894
            239         216.894
            240         216.894
            241         216.894
            242         216.894
            243         216.894
            244         216.894
            245         216.894
            246         216.894
            247         216.894
            248         216.894
            249         217.871
            250         217.871
            251         217.871
            252         217.871
            253         217.871
            254         217.871
            255         217.871
            256         217.871
            257         217.871
            258         217.871
            259         217.871
            260         217.871
            261         217.871
            262         217.871
            263         217.871
            264         217.871
            265         217.871
            266         218.848
            267         218.848
            268         218.848
            269         218.848
            270         218.848
            271         218.848
            272         218.848
            273         218.848
            274         218.848
            275         218.848
            276         218.848
            277         218.848
            278         218.848
