TRACENO
              5          85.976
              6          85.976
              7          85.976
              8          85.976
              9          85.976
             10          85.976
             11          85.976
             12          85.976
             13          84.999
             14          85.976
             15          85.976
             16          85.976
             17          85.976
             18          85.976
             19          85.976
             20          85.976
             21          85.976
             22          85.976
             23          85.976
             24          85.976
             25          85.976
             26          85.976
             27          85.976
             28          85.976
             29          85.976
             30          85.976
             31          85.976
             32          85.976
             33          85.976
             34          85.976
             35          85.976
             36          85.976
             37          85.976
             38          85.976
             39          85.976
             40          85.976
             41          85.976
             42          85.976
             43          85.976
             44          85.976
             45          85.976
             46          85.976
             47          85.976
             48          85.976
             49          85.976
             50          85.976
             51          85.976
             52          85.976
             53          85.976
             54          85.976
             55          85.976
             56          85.976
             57          85.976
             58          85.976
             59          85.976
             60          85.976
             61          85.976
             62          85.976
             63          84.999
             64          84.999
             65          84.999
             66          84.999
             67          84.999
             68          84.999
             69          84.999
             70          84.999
             71          84.999
             72          84.999
             73          84.999
             74          84.999
             75          84.999
             76          84.999
             77          84.999
             78          84.999
             79          84.999
             80          84.999
             81          84.999
             82          84.999
             83          84.999
             84          84.999
             85          84.999
             86          84.999
             87          84.999
             88          84.999
             89          84.999
             90          84.999
             91          84.999
             92          84.999
             93          84.999
             94          84.999
             95          84.022
             96          84.022
             97          84.022
             98          84.022
             99          84.022
            100          84.022
            101          84.022
            102          84.022
            103          84.022
            104          84.022
            105          84.022
            106          83.045
            107          83.045
            108          83.045
            109          83.045
            110          83.045
            111          83.045
            112          83.045
            113          83.045
            114          83.045
            115          83.045
            116          82.068
            117          82.068
            118          82.068
            119          82.068
            120          82.068
            121          82.068
            122          82.068
            123          82.068
            124          82.068
            125          81.091
            126          81.091
            127          81.091
            128          81.091
            129          81.091
            130          81.091
            131          81.091
            132          81.091
            133          81.091
            134          80.114
            135          80.114
            136          80.114
            137          80.114
            138          80.114
            139          80.114
            140          80.114
            141          80.114
            142          80.114
            143          80.114
            144          80.114
            145          80.114
            146          80.114
            147          80.114
            148          80.114
            149          80.114
            150          80.114
            151          80.114
            152          80.114
            153          80.114
            154          80.114
            155          80.114
            156          80.114
            157          80.114
            158          80.114
            159          80.114
            160          80.114
            161          80.114
            162          80.114
            163          80.114
            164          80.114
            165          80.114
            166          80.114
            167          80.114
            168          80.114
            169          80.114
            170          80.114
            171          80.114
            172          80.114
            173          80.114
            174          80.114
            175          80.114
            176          80.114
            177          80.114
            178          80.114
            179          80.114
            180          80.114
            181          80.114
            182          79.137
            183          79.137
            184          79.137
            185          79.137
            186          79.137
            187          79.137
            188          79.137
            189          78.160
            190          78.160
            191          78.160
            192          78.160
            193          78.160
            194          77.183
            195          77.183
            196          77.183
            197          77.183
            198          77.183
            199          77.183
            200          77.183
            201          77.183
            202          77.183
            203          77.183
            204          76.206
            205          76.206
            206          76.206
            207          76.206
            208          76.206
            209          76.206
            210          76.206
            211          76.206
            212          76.206
            213          75.229
            214          75.229
            215          75.229
            216          75.229
            217          75.229
            218          75.229
            219          75.229
            220          75.229
            221          75.229
            222          75.229
            223          75.229
            224          74.252
            225          74.252
            226          74.252
            227          74.252
            228          74.252
            229          74.252
            230          74.252
            231          74.252
            232          74.252
            233          74.252
            234          74.252
            235          74.252
            236          73.275
            237          73.275
            238          73.275
            239          73.275
            240          73.275
            241          73.275
            242          73.275
            243          73.275
            244          73.275
            245          73.275
            246          73.275
            247          73.275
            248          73.275
            249          73.275
            250          72.298
            251          72.298
            252          72.298
            253          72.298
            254          72.298
            255          72.298
            256          72.298
            257          72.298
            258          72.298
            259          72.298
            260          72.298
            261          72.298
            262          72.298
            263          72.298
            264          72.298
            265          71.321
            266          71.321
            267          71.321
            268          71.321
            269          71.321
            270          71.321
            271          71.321
            272          71.321
            273          71.321
            274          71.321
            275          70.344
            276          70.344
            277          70.344
            278          70.344
            279          70.344
            280          70.344
            281          70.344
            282          70.344
            283          70.344
            284          69.367
            285          69.367
            286          69.367
            287          69.367
            288          69.367
            289          69.367
            290          69.367
            291          69.367
            292          69.367
            293          68.390
            294          68.390
            295          68.390
            296          68.390
            297          68.390
            298          68.390
            299          68.390
            300          68.390
            301          67.413
            302          67.413
            303          67.413
            304          67.413
            305          67.413
            306          67.413
            307          67.413
            308          67.413
            309          66.436
            310          66.436
            311          66.436
            312          66.436
            313          66.436
            314          66.436
            315          66.436
            316          66.436
            317          65.459
            318          65.459
            319          65.459
            320          65.459
            321          65.459
            322          65.459
            323          65.459
            324          64.482
            325          64.482
            326          64.482
            327          64.482
            328          64.482
            329          64.482
            330          64.482
            331          64.482
            332          64.482
            333          64.482
            334          63.505
            335          63.505
            336          63.505
            337          63.505
            338          63.505
            339          63.505
            340          63.505
            341          63.505
            342          63.505
            343          63.505
            344          63.505
            345          63.505
            346          62.528
            347          62.528
            348          62.528
            349          62.528
            350          62.528
            351          62.528
            352          62.528
            353          62.528
            354          62.528
            355          62.528
            356          61.551
            357          61.551
            358          61.551
            359          61.551
            360          61.551
            361          61.551
            362          61.551
            363          61.551
            364          61.551
            365          60.574
            366          60.574
            367          60.574
            368          60.574
            369          60.574
            370          60.574
            371          60.574
            372          59.597
            373          59.597
            374          59.597
            375          59.597
            376          59.597
            377          59.597
            378          59.597
            379          59.597
            380          59.597
            381          59.597
            382          59.597
            383          59.597
            384          59.597
            385          59.597
            386          59.597
            387          59.597
            388          59.597
            389          59.597
            390          59.597
            391          59.597
            392          59.597
            393          59.597
            394          59.597
            395          59.597
            396          59.597
            397          59.597
            398          59.597
            399          58.620
            400          58.620
            401          58.620
            402          58.620
            403          58.620
            404          57.643
            405          57.643
            406          57.643
            407          57.643
            408          57.643
            409          57.643
            410          56.666
            411          56.666
            412          56.666
            413          56.666
            414          56.666
            415          55.689
            416          55.689
            417          55.689
            418          55.689
            419          55.689
            420          55.689
            421          54.712
            422          54.712
            423          54.712
            424          54.712
            425          54.712
            426          54.712
            427          54.712
            428          54.712
            429          54.712
            430          53.735
            431          53.735
            432          53.735
            433          53.735
            434          53.735
            435          53.735
            436          53.735
            437          53.735
            438          53.735
            439          53.735
            440          53.735
            441          53.735
            442          52.758
            443          52.758
            444          52.758
            445          52.758
            446          52.758
            447          52.758
            448          52.758
            449          52.758
            450          52.758
            451          52.758
            452          52.758
            453          52.758
            454          52.758
            455          52.758
            456          52.758
            457          52.758
            458          52.758
            459          52.758
            460          51.781
            461          51.781
            462          51.781
            463          51.781
            464          51.781
            465          51.781
            466          51.781
            467          51.781
            468          51.781
            469          51.781
            470          51.781
            471          51.781
            472          51.781
            473          51.781
            474          51.781
            475          51.781
            476          51.781
            477          51.781
            478          50.804
            479          50.804
            480          50.804
            481          50.804
            482          50.804
            483          49.827
            484          49.827
            485          49.827
            486          48.850
            487          48.850
            488          48.850
            489          48.850
            490          48.850
            491          47.873
            492          47.873
            493          47.873
            494          47.873
            495          47.873
            496          47.873
            497          46.896
            498          46.896
            499          46.896
            500          46.896
            501          46.896
            502          46.896
            503          45.919
            504          45.919
            505          45.919
            506          45.919
            507          45.919
            508          45.919
            509          44.942
            510          44.942
            511          44.942
            512          44.942
            513          44.942
            514          43.965
            515          43.965
            516          43.965
            517          43.965
            518          43.965
            519          42.988
            520          42.988
            521          42.988
            522          42.988
            523          42.988
            524          42.011
            525          42.011
            526          42.011
            527          42.011
            528          42.011
            529          41.034
            530          41.034
            531          41.034
            532          41.034
            533          41.034
            534          40.057
            535          40.057
            536          40.057
            537          40.057
            538          40.057
            539          40.057
            540          40.057
            541          40.057
            542          40.057
            543          40.057
            544          40.057
            545          40.057
            546          40.057
            547          40.057
            548          40.057
            549          40.057
            550          40.057
            551          40.057
            552          40.057
            553          40.057
            554          40.057
            555          40.057
            556          40.057
            557          40.057
            558          40.057
            559          40.057
            560          40.057
            561          40.057
            562          40.057
            563          40.057
            564          40.057
            565          40.057
            566          40.057
            567          39.080
            568          39.080
            569          39.080
            570          39.080
            571          39.080
            572          39.080
            573          39.080
            574          38.103
            575          38.103
            576          38.103
            577          38.103
            578          38.103
            579          38.103
            580          38.103
            581          38.103
            582          38.103
            583          38.103
            584          38.103
            585          38.103
            586          38.103
            587          37.126
            588          37.126
            589          37.126
            590          37.126
            591          37.126
            592          36.149
            593          36.149
            594          36.149
            595          36.149
            596          36.149
            597          36.149
            598          36.149
            599          36.149
            600          36.149
            601          36.149
            602          36.149
            603          37.126
            604          37.126
            605          37.126
            606          37.126
            607          37.126
            608          37.126
            609          37.126
            610          37.126
            611          37.126
            612          37.126
            613          37.126
            614          37.126
            615          37.126
            616          37.126
            617          37.126
            618          37.126
            619          37.126
            620          37.126
            621          37.126
            622          37.126
            623          37.126
            624          37.126
            625          37.126
            626          37.126
            627          37.126
            628          37.126
            629          37.126
            630          37.126
            631          37.126
            632          37.126
            633          37.126
            634          37.126
            635          37.126
            636          37.126
            637          37.126
            638          36.149
            639          36.149
            640          35.172
            641          35.172
            642          35.172
            643          36.149
            644          36.149
            645          36.149
            646          36.149
            647          36.149
            648          36.149
            649          36.149
            650          36.149
            651          36.149
            652          36.149
            653          36.149
            654          36.149
            655          36.149
            656          36.149
            657          36.149
            658          36.149
            659          36.149
            660          35.172
            661          35.172
            662          35.172
            663          35.172
            664          35.172
            665          34.195
            666          34.195
            667          34.195
            668          34.195
            669          34.195
            670          34.195
            671          34.195
            672          34.195
            673          34.195
            674          33.218
            675          33.218
            676          33.218
            677          33.218
            678          33.218
            679          33.218
            680          33.218
            681          33.218
            682          33.218
            683          33.218
            684          33.218
            685          33.218
            686          33.218
            687          33.218
            688          33.218
            689          33.218
            690          33.218
            691          33.218
            692          33.218
            693          33.218
            694          33.218
            695          33.218
            696          33.218
            697          33.218
            698          33.218
            699          40.057
            700          47.873
