TRACENO
              1         169.998
              2         169.998
              3         169.998
              4         169.998
              5         169.998
              6         169.998
              7         169.998
              8         169.998
              9         169.998
             10         169.998
             11         169.998
             12         169.998
             13         169.998
             14         169.998
             15         169.998
             16         169.998
             17         169.998
             18         169.998
             19         169.021
             20         169.021
             21         169.021
             22         169.021
             23         169.021
             24         169.021
             25         169.021
             26         169.021
             27         169.021
             28         169.021
             29         169.021
             30         169.021
             31         169.021
             32         169.021
             33         169.021
             34         169.021
             35         169.021
             36         169.021
             37         169.021
             38         169.021
             39         169.021
             40         169.021
             41         169.021
             42         169.021
             43         169.021
             44         169.021
             45         169.021
             46         169.021
             47         169.021
             48         169.021
             49         169.021
             50         169.021
             51         169.021
             52         169.021
             53         169.021
             54         169.021
             55         169.021
             56         169.021
             57         169.021
             58         169.021
             59         169.021
             60         169.021
             61         169.021
             62         169.021
             63         169.021
             64         169.021
             65         169.021
             66         169.021
             67         169.021
             68         169.021
             69         169.021
             70         169.021
             71         169.021
             72         169.021
             73         169.021
             74         169.021
             75         169.021
             76         169.021
             77         169.021
             78         169.021
             79         169.021
             80         169.021
             81         169.021
             82         169.021
             83         169.998
             84         169.998
             85         169.998
             86         169.998
             87         169.998
             88         169.998
             89         169.998
             90         169.998
             91         169.998
             92         169.998
             93         169.998
             94         169.998
             95         169.998
             96         169.998
             97         169.998
             98         169.998
             99         169.998
            100         169.998
            101         169.998
            102         169.998
            103         170.975
            104         170.975
            105         170.975
            106         170.975
            107         170.975
            108         170.975
            109         170.975
            110         170.975
            111         170.975
            112         170.975
            113         170.975
            114         170.975
            115         170.975
            116         170.975
            117         169.998
            118         169.998
            119         169.998
            120         169.998
            121         169.998
            122         169.998
            123         169.998
            124         169.998
            125         169.998
            126         169.998
            127         169.998
            128         169.998
            129         169.998
            130         169.998
            131         169.998
            132         169.998
            133         169.998
            134         169.998
            135         169.998
            136         169.998
            137         169.998
            138         169.998
            139         169.998
            140         169.998
            141         169.998
            142         169.998
            143         169.998
            144         169.998
            145         169.998
            146         169.998
            147         169.998
            148         169.998
            149         169.998
            150         169.998
            151         169.998
            152         169.998
            153         169.998
            154         169.998
            155         169.998
            156         169.998
            157         169.998
            158         169.998
            159         169.998
            160         169.998
            161         169.998
            162         169.998
            163         169.998
            164         169.998
            165         169.998
            166         169.998
            167         169.998
            168         169.998
            169         169.998
            170         169.998
            171         169.998
            172         169.998
            173         169.998
            174         169.998
            175         169.998
            176         169.998
            177         169.998
            178         169.998
            179         169.998
            180         169.998
            181         169.998
            182         169.998
            183         169.998
            184         169.998
            185         169.998
            186         169.998
            187         169.998
            188         169.998
            189         169.998
            190         169.998
            191         169.998
            192         169.998
            193         169.998
            194         169.998
            195         169.998
            196         169.998
            197         169.998
            198         169.998
            199         169.998
            200         169.998
            201         169.998
            202         169.998
            203         169.998
            204         169.998
            205         169.998
            206         169.998
            207         169.998
            208         169.998
            209         169.998
            210         169.998
            211         169.998
            212         169.998
            213         169.998
            214         169.998
            215         169.998
            216         169.998
            217         169.998
            218         169.998
            219         169.998
            220         169.998
            221         169.998
            222         169.998
            223         169.998
            224         169.998
            225         169.998
            226         169.998
            227         169.998
            228         169.998
            229         169.998
            230         169.998
            231         169.998
            232         169.998
            233         169.998
            234         169.998
            235         169.998
            236         169.998
            237         169.998
            238         169.998
            239         169.998
            240         169.998
            241         169.998
            242         169.998
            243         169.998
            244         169.998
            245         169.998
            246         169.998
            247         169.998
            248         169.998
            249         169.998
            250         169.998
            251         169.998
            252         169.998
            253         169.998
            254         169.998
            255         170.975
            256         170.975
            257         170.975
            258         170.975
            259         170.975
            260         170.975
            261         170.975
            262         170.975
            263         170.975
            264         170.975
            265         170.975
            266         170.975
            267         170.975
            268         170.975
            269         170.975
            270         170.975
            271         170.975
            272         170.975
            273         170.975
            274         170.975
            275         170.975
            276         170.975
            277         170.975
            278         170.975
            279         170.975
            280         170.975
            281         170.975
            282         170.975
            283         170.975
            284         170.975
            285         170.975
            286         170.975
            287         170.975
            288         170.975
            289         170.975
            290         170.975
            291         170.975
            292         170.975
            293         170.975
            294         170.975
            295         170.975
            296         170.975
            297         170.975
            298         170.975
            299         170.975
            300         170.975
            301         170.975
            302         170.975
            303         170.975
            304         170.975
            305         170.975
            306         170.975
            307         170.975
            308         170.975
            309         170.975
            310         170.975
            311         170.975
            312         170.975
            313         170.975
            314         170.975
            315         170.975
            316         170.975
            317         170.975
            318         170.975
            319         170.975
            320         170.975
            321         170.975
            322         170.975
            323         170.975
            324         170.975
            325         170.975
            326         170.975
            327         170.975
            328         170.975
            329         170.975
            330         170.975
            331         170.975
            332         170.975
            333         170.975
            334         169.998
            335         169.998
            336         169.998
            337         169.998
            338         169.998
            339         169.998
            340         169.998
            341         169.998
            342         169.998
            343         169.998
            344         169.021
            345         169.021
            346         169.021
            347         169.021
            348         169.021
            349         169.021
            350         169.021
            351         169.021
            352         169.021
            353         168.044
            354         168.044
            355         169.021
            356         169.021
            357         169.021
            358         169.021
            359         169.021
            360         169.021
            361         169.021
            362         169.021
            363         169.021
            364         169.021
            365         169.021
            366         169.021
            367         169.021
            368         169.021
            369         169.021
            370         169.021
            371         169.021
            372         169.021
            373         169.021
            374         169.021
            375         169.021
            376         169.021
            377         169.021
            378         169.021
            379         169.021
            380         169.021
            381         169.021
            382         169.021
            383         169.021
            384         169.021
            385         169.021
            386         169.021
            387         169.021
            388         169.021
            389         169.021
            390         169.021
            391         169.021
            392         169.021
            393         169.021
            394         169.021
            395         169.021
            396         169.021
            397         169.021
            398         169.021
            399         169.021
            400         169.021
            401         169.021
            402         169.021
            403         169.021
            404         169.021
            405         169.021
            406         169.021
            407         169.021
            408         169.021
            409         169.021
            410         169.021
            411         169.021
            412         169.021
            413         169.021
            414         169.021
            415         169.021
            416         169.021
            417         169.021
            418         169.021
            419         169.021
            420         169.021
            421         169.021
            422         169.021
            423         169.021
            424         169.021
            425         169.021
            426         169.021
            427         168.044
            428         168.044
            429         168.044
            430         168.044
            431         168.044
            432         168.044
            433         168.044
            434         168.044
            435         168.044
            436         168.044
            437         168.044
            438         168.044
            439         168.044
            440         168.044
            441         168.044
            442         168.044
            443         168.044
            444         168.044
            445         168.044
            446         168.044
            447         168.044
            448         168.044
            449         168.044
            450         168.044
            451         168.044
            452         168.044
            453         168.044
            454         168.044
            455         168.044
            456         168.044
            457         168.044
            458         168.044
            459         168.044
            460         168.044
            461         168.044
            462         168.044
            463         168.044
            464         168.044
            465         168.044
            466         168.044
            467         168.044
            468         168.044
            469         168.044
            470         168.044
            471         168.044
            472         168.044
            473         168.044
            474         168.044
            475         168.044
            476         168.044
            477         168.044
            478         168.044
            479         168.044
            480         168.044
            481         168.044
            482         168.044
            483         168.044
            484         168.044
            485         168.044
            486         168.044
            487         168.044
            488         168.044
            489         168.044
            490         168.044
            491         168.044
            492         168.044
            493         168.044
            494         168.044
            495         168.044
            496         168.044
            497         168.044
            498         168.044
            499         168.044
            500         168.044
            501         168.044
            502         168.044
            503         168.044
            504         168.044
            505         168.044
            506         168.044
            507         168.044
            508         168.044
            509         168.044
            510         168.044
            511         168.044
            512         168.044
            513         168.044
            514         168.044
            515         168.044
            516         168.044
            517         168.044
            518         168.044
            519         168.044
            520         168.044
            521         168.044
            522         168.044
            523         168.044
            524         168.044
            525         168.044
            526         168.044
            527         168.044
            528         168.044
            529         168.044
            530         168.044
            531         168.044
            532         168.044
            533         168.044
            534         168.044
            535         168.044
            536         168.044
            537         168.044
            538         168.044
            539         168.044
            540         168.044
            541         168.044
            542         168.044
            543         168.044
            544         168.044
            545         168.044
            546         168.044
            547         168.044
            548         168.044
            549         168.044
            550         168.044
            551         168.044
            552         168.044
            553         168.044
            554         168.044
            555         168.044
            556         168.044
            557         168.044
            558         168.044
            559         168.044
            560         167.067
            561         167.067
            562         167.067
            563         167.067
            564         167.067
            565         167.067
            566         167.067
            567         167.067
            568         167.067
            569         167.067
            570         167.067
            571         167.067
            572         167.067
            573         167.067
            574         167.067
            575         167.067
            576         167.067
            577         167.067
            578         167.067
            579         167.067
            580         167.067
            581         167.067
            582         167.067
            583         167.067
            584         167.067
            585         167.067
            586         167.067
            587         167.067
            588         167.067
            589         167.067
            590         167.067
            591         167.067
            592         167.067
            593         167.067
            594         167.067
            595         167.067
            596         167.067
            597         167.067
            598         167.067
            599         167.067
            600         167.067
            601         167.067
            602         167.067
            603         167.067
            604         167.067
            605         167.067
            606         167.067
            607         167.067
            608         167.067
            609         167.067
            610         167.067
            611         167.067
            612         167.067
            613         167.067
            614         167.067
            615         167.067
            616         167.067
            617         167.067
            618         167.067
            619         167.067
            620         167.067
            621         167.067
            622         167.067
            623         167.067
            624         167.067
            625         167.067
            626         167.067
            627         167.067
            628         167.067
            629         167.067
            630         167.067
            631         167.067
            632         167.067
            633         167.067
            634         167.067
            635         167.067
            636         167.067
            637         167.067
            638         167.067
            639         167.067
            640         167.067
            641         167.067
            642         167.067
            643         167.067
            644         167.067
            645         167.067
            646         167.067
            647         167.067
            648         167.067
            649         167.067
            650         168.044
            651         168.044
            652         168.044
            653         168.044
            654         168.044
            655         168.044
            656         168.044
            657         168.044
            658         168.044
            659         168.044
            660         168.044
            661         168.044
            662         168.044
            663         168.044
            664         168.044
            665         168.044
            666         168.044
            667         168.044
            668         168.044
            669         168.044
            670         168.044
            671         167.067
            672         167.067
            673         167.067
            674         167.067
            675         167.067
            676         167.067
            677         167.067
            678         167.067
            679         167.067
            680         167.067
            681         167.067
            682         167.067
            683         167.067
            684         167.067
            685         167.067
            686         167.067
            687         167.067
            688         167.067
            689         167.067
            690         167.067
            691         167.067
            692         167.067
            693         167.067
            694         167.067
            695         167.067
            696         167.067
            697         167.067
            698         167.067
            699         167.067
            700         167.067
            701         167.067
            702         167.067
            703         167.067
            704         167.067
            705         167.067
            706         167.067
            707         167.067
            708         167.067
            709         167.067
            710         167.067
            711         167.067
            712         167.067
            713         167.067
            714         167.067
            715         167.067
            716         167.067
            717         167.067
            718         167.067
            719         167.067
            720         167.067
            721         167.067
            722         167.067
            723         167.067
            724         167.067
            725         167.067
            726         167.067
            727         167.067
            728         167.067
            729         167.067
            730         167.067
            731         167.067
            732         167.067
            733         167.067
            734         167.067
            735         167.067
            736         167.067
            737         167.067
            738         167.067
            739         167.067
            740         167.067
            741         167.067
            742         167.067
            743         167.067
            744         167.067
            745         167.067
            746         167.067
            747         167.067
            748         167.067
            749         167.067
            750         167.067
            751         167.067
            752         167.067
            753         167.067
            754         167.067
            755         167.067
            756         167.067
            757         167.067
            758         167.067
            759         167.067
            760         167.067
            761         167.067
            762         167.067
            763         167.067
            764         167.067
            765         167.067
            766         167.067
            767         167.067
            768         167.067
            769         167.067
            770         166.090
            771         166.090
            772         166.090
            773         166.090
            774         166.090
            775         166.090
            776         166.090
            777         166.090
            778         166.090
            779         166.090
            780         166.090
            781         166.090
            782         166.090
            783         166.090
            784         166.090
            785         166.090
            786         166.090
            787         166.090
            788         166.090
            789         166.090
            790         166.090
            791         166.090
            792         166.090
            793         166.090
            794         166.090
            795         166.090
            796         166.090
            797         166.090
            798         166.090
            799         166.090
            800         166.090
            801         166.090
            802         167.067
            803         167.067
            804         167.067
            805         167.067
            806         167.067
            807         167.067
            808         167.067
            809         167.067
            810         167.067
            811         167.067
            812         167.067
            813         167.067
            814         167.067
            815         167.067
            816         167.067
            817         167.067
            818         167.067
            819         167.067
            820         167.067
            821         167.067
            822         167.067
            823         167.067
            824         167.067
            825         167.067
            826         167.067
            827         167.067
            828         167.067
            829         167.067
            830         167.067
            831         167.067
            832         167.067
            833         167.067
            834         166.090
            835         166.090
            836         166.090
            837         166.090
            838         166.090
            839         166.090
            840         166.090
            841         166.090
            842         166.090
            843         166.090
            844         166.090
            845         166.090
            846         166.090
            847         166.090
            848         166.090
            849         166.090
            850         166.090
            851         166.090
            852         166.090
            853         166.090
            854         166.090
            855         166.090
            856         166.090
            857         166.090
            858         166.090
            859         166.090
            860         166.090
            861         166.090
            862         166.090
            863         166.090
            864         166.090
            865         166.090
            866         166.090
            867         166.090
            868         166.090
            869         166.090
            870         166.090
            871         166.090
            872         166.090
            873         166.090
            874         166.090
            875         166.090
            876         166.090
            877         166.090
            878         166.090
            879         166.090
            880         166.090
            881         166.090
            882         166.090
            883         166.090
            884         166.090
            885         166.090
            886         166.090
            887         166.090
            888         166.090
            889         166.090
            890         166.090
            891         166.090
            892         166.090
            893         166.090
            894         166.090
            895         166.090
            896         166.090
            897         166.090
            898         166.090
            899         166.090
            900         166.090
            901         166.090
            902         165.113
            903         165.113
            904         165.113
            905         165.113
            906         165.113
            907         165.113
            908         165.113
            909         165.113
            910         165.113
            911         165.113
            912         165.113
            913         165.113
            914         165.113
            915         165.113
            916         165.113
            917         165.113
            918         165.113
            919         165.113
            920         165.113
            921         165.113
            922         165.113
            923         165.113
            924         165.113
            925         165.113
            926         165.113
            927         165.113
            928         165.113
            929         165.113
            930         165.113
            931         165.113
            932         165.113
            933         165.113
            934         165.113
            935         165.113
            936         165.113
            937         165.113
            938         165.113
            939         165.113
            940         165.113
            941         165.113
            942         165.113
            943         165.113
            944         165.113
            945         165.113
            946         165.113
            947         165.113
            948         165.113
            949         165.113
            950         165.113
            951         165.113
            952         165.113
            953         165.113
            954         165.113
            955         165.113
            956         165.113
            957         165.113
            958         165.113
            959         165.113
            960         165.113
            961         165.113
            962         165.113
            963         165.113
            964         165.113
            965         165.113
            966         165.113
            967         165.113
            968         165.113
            969         165.113
            970         165.113
            971         165.113
            972         165.113
            973         165.113
            974         165.113
            975         165.113
            976         165.113
            977         165.113
            978         165.113
            979         165.113
            980         164.136
            981         164.136
            982         164.136
            983         164.136
            984         164.136
            985         164.136
            986         164.136
            987         164.136
            988         164.136
            989         164.136
            990         164.136
            991         164.136
            992         164.136
            993         164.136
            994         164.136
            995         164.136
            996         164.136
            997         164.136
            998         164.136
            999         164.136
           1000         164.136
           1001         164.136
           1002         164.136
           1003         164.136
           1004         164.136
           1005         164.136
           1006         164.136
           1007         164.136
           1008         164.136
           1009         164.136
           1010         164.136
           1011         164.136
           1012         164.136
           1013         164.136
           1014         164.136
           1015         164.136
           1016         164.136
           1017         163.159
           1018         163.159
           1019         163.159
           1020         163.159
           1021         163.159
           1022         162.182
           1023         162.182
           1024         162.182
           1025         162.182
           1026         161.205
           1027         161.205
           1028         162.182
           1029         162.182
           1030         162.182
           1031         162.182
           1032         162.182
           1033         162.182
           1034         162.182
           1035         162.182
           1036         162.182
           1037         162.182
           1038         162.182
           1039         162.182
           1040         162.182
           1041         162.182
           1042         162.182
           1043         162.182
           1044         162.182
           1045         162.182
           1046         162.182
           1047         162.182
           1048         162.182
           1049         162.182
           1050         162.182
           1051         162.182
           1052         162.182
           1053         162.182
           1054         162.182
           1055         162.182
           1056         162.182
           1057         162.182
           1058         162.182
           1059         162.182
           1060         162.182
           1061         162.182
           1062         162.182
           1063         162.182
           1064         162.182
           1065         162.182
           1066         162.182
           1067         162.182
           1068         162.182
           1069         162.182
           1070         162.182
           1071         162.182
           1072         162.182
           1073         162.182
           1074         162.182
           1075         162.182
           1076         162.182
           1077         162.182
           1078         162.182
           1079         162.182
           1080         162.182
           1081         162.182
           1082         162.182
           1083         162.182
           1084         162.182
           1085         162.182
           1086         162.182
           1087         162.182
           1088         162.182
           1089         162.182
           1090         162.182
           1091         162.182
           1092         162.182
           1093         162.182
           1094         162.182
           1095         162.182
           1096         162.182
           1097         162.182
           1098         162.182
           1099         162.182
           1100         162.182
           1101         162.182
           1102         162.182
           1103         162.182
           1104         162.182
           1105         162.182
           1106         162.182
           1107         162.182
           1108         162.182
           1109         162.182
           1110         162.182
           1111         162.182
           1112         162.182
           1113         162.182
           1114         162.182
           1115         162.182
           1116         162.182
           1117         162.182
           1118         162.182
           1119         162.182
           1120         162.182
           1121         162.182
           1122         162.182
           1123         162.182
           1124         162.182
           1125         162.182
           1126         162.182
           1127         162.182
           1128         162.182
           1129         162.182
           1130         162.182
           1131         162.182
           1132         162.182
           1133         162.182
           1134         162.182
           1135         162.182
           1136         162.182
           1137         162.182
           1138         162.182
           1139         162.182
           1140         162.182
           1141         162.182
           1142         162.182
           1143         162.182
           1144         162.182
           1145         162.182
           1146         162.182
           1147         162.182
           1148         162.182
           1149         162.182
           1150         162.182
           1151         162.182
           1152         162.182
           1153         162.182
           1154         162.182
           1155         162.182
           1156         162.182
           1157         162.182
           1158         162.182
           1159         162.182
           1160         162.182
           1161         162.182
           1162         162.182
           1163         162.182
           1164         162.182
           1165         162.182
           1166         162.182
           1167         162.182
           1168         162.182
           1169         162.182
           1170         162.182
           1171         162.182
           1172         162.182
           1173         162.182
           1174         162.182
           1175         162.182
           1176         162.182
           1177         162.182
           1178         162.182
           1179         162.182
           1180         162.182
           1181         162.182
           1182         162.182
           1183         162.182
           1184         162.182
           1185         162.182
           1186         162.182
           1187         162.182
           1188         162.182
           1189         162.182
           1190         162.182
           1191         162.182
           1192         162.182
           1193         162.182
           1194         162.182
           1195         162.182
           1196         162.182
           1197         162.182
           1198         162.182
           1199         162.182
           1200         162.182
           1201         162.182
           1202         162.182
           1203         162.182
           1204         162.182
           1205         162.182
           1206         162.182
           1207         162.182
           1208         162.182
           1209         162.182
           1210         162.182
           1211         162.182
           1212         162.182
           1213         162.182
           1214         162.182
           1215         162.182
           1216         162.182
           1217         162.182
           1218         162.182
           1219         162.182
           1220         162.182
           1221         162.182
           1222         162.182
           1223         162.182
           1224         162.182
           1225         162.182
           1226         162.182
           1227         162.182
           1228         162.182
           1229         162.182
           1230         162.182
           1231         162.182
           1232         162.182
           1233         162.182
           1234         162.182
           1235         162.182
           1236         162.182
           1237         162.182
           1238         162.182
           1239         162.182
           1240         162.182
           1241         162.182
           1242         162.182
           1243         162.182
           1244         162.182
           1245         162.182
           1246         162.182
           1247         162.182
           1248         162.182
           1249         162.182
           1250         162.182
           1251         162.182
           1252         162.182
           1253         162.182
           1254         162.182
           1255         162.182
           1256         162.182
           1257         162.182
           1258         162.182
           1259         162.182
           1260         162.182
           1261         162.182
           1262         162.182
           1263         162.182
           1264         162.182
           1265         162.182
           1266         162.182
           1267         162.182
           1268         162.182
           1269         162.182
           1270         162.182
           1271         162.182
           1272         162.182
           1273         162.182
           1274         162.182
           1275         162.182
           1276         162.182
           1277         162.182
           1278         162.182
           1279         162.182
           1280         162.182
           1281         162.182
           1282         162.182
           1283         162.182
           1284         162.182
           1285         162.182
           1286         162.182
           1287         162.182
           1288         162.182
           1289         162.182
           1290         162.182
           1291         162.182
           1292         162.182
           1293         162.182
           1294         162.182
           1295         162.182
           1296         162.182
           1297         162.182
           1298         162.182
           1299         162.182
           1300         162.182
           1301         162.182
           1302         162.182
           1303         162.182
           1304         162.182
           1305         162.182
           1306         162.182
           1307         162.182
           1308         162.182
           1309         162.182
           1310         162.182
           1311         162.182
           1312         162.182
           1313         162.182
           1314         162.182
           1315         162.182
           1316         162.182
           1317         162.182
           1318         162.182
           1319         162.182
           1320         162.182
           1321         162.182
           1322         162.182
           1323         162.182
           1324         162.182
           1325         162.182
           1326         162.182
           1327         162.182
           1328         162.182
           1329         162.182
           1330         162.182
           1331         162.182
           1332         162.182
           1333         162.182
           1334         162.182
           1335         162.182
           1336         162.182
           1337         162.182
           1338         162.182
           1339         162.182
           1340         162.182
           1341         162.182
           1342         162.182
           1343         162.182
           1344         162.182
           1345         162.182
           1346         162.182
           1347         162.182
           1348         162.182
           1349         162.182
           1350         162.182
           1351         162.182
           1352         162.182
           1353         162.182
           1354         162.182
           1355         162.182
           1356         162.182
           1357         162.182
           1358         162.182
           1359         162.182
           1360         162.182
           1361         162.182
           1362         162.182
           1363         162.182
           1364         162.182
           1365         162.182
           1366         162.182
           1367         162.182
           1368         162.182
           1369         162.182
           1370         162.182
           1371         162.182
           1372         162.182
           1373         162.182
           1374         162.182
           1375         162.182
           1376         162.182
           1377         162.182
           1378         162.182
           1379         162.182
           1380         162.182
           1381         162.182
           1382         162.182
           1383         162.182
           1384         162.182
           1385         162.182
           1386         162.182
           1387         162.182
           1388         162.182
           1389         162.182
           1390         162.182
           1391         162.182
           1392         162.182
           1393         162.182
           1394         162.182
           1395         162.182
           1396         162.182
           1397         162.182
           1398         162.182
           1399         162.182
           1400         162.182
           1401         162.182
           1402         162.182
           1403         162.182
           1404         162.182
           1405         162.182
           1406         162.182
           1407         162.182
           1408         162.182
           1409         162.182
           1410         162.182
           1411         162.182
           1412         162.182
           1413         162.182
           1414         162.182
           1415         162.182
           1416         162.182
           1417         162.182
           1418         162.182
           1419         162.182
           1420         162.182
           1421         162.182
           1422         162.182
           1423         162.182
           1424         162.182
           1425         162.182
           1426         162.182
           1427         162.182
           1428         162.182
           1429         162.182
           1430         162.182
           1431         162.182
           1432         162.182
           1433         162.182
           1434         162.182
           1435         162.182
           1436         162.182
           1437         162.182
           1438         162.182
           1439         162.182
           1440         162.182
           1441         162.182
           1442         162.182
           1443         162.182
           1444         162.182
           1445         162.182
           1446         162.182
           1447         162.182
           1448         162.182
           1449         162.182
           1450         162.182
           1451         161.205
           1452         161.205
           1453         161.205
           1454         161.205
           1455         161.205
           1456         161.205
           1457         161.205
           1458         161.205
           1459         161.205
           1460         161.205
           1461         161.205
           1462         161.205
           1463         161.205
           1464         161.205
           1465         161.205
           1466         161.205
           1467         161.205
           1468         161.205
           1469         161.205
           1470         161.205
           1471         161.205
           1472         161.205
           1473         161.205
           1474         161.205
           1475         161.205
           1476         161.205
           1477         161.205
           1478         161.205
           1479         161.205
           1480         161.205
           1481         161.205
           1482         161.205
           1483         161.205
           1484         161.205
           1485         161.205
           1486         161.205
           1487         161.205
           1488         161.205
           1489         161.205
           1490         161.205
           1491         161.205
           1492         161.205
           1493         161.205
           1494         161.205
           1495         161.205
           1496         161.205
           1497         161.205
           1498         160.228
           1499         160.228
           1500         160.228
           1501         160.228
           1502         160.228
           1503         160.228
           1504         160.228
           1505         160.228
           1506         160.228
           1507         160.228
           1508         160.228
           1509         160.228
           1510         160.228
           1511         160.228
           1512         160.228
           1513         160.228
           1514         160.228
           1515         160.228
           1516         160.228
           1517         160.228
           1518         160.228
           1519         160.228
           1520         160.228
           1521         160.228
           1522         160.228
           1523         160.228
           1524         160.228
           1525         160.228
           1526         160.228
           1527         160.228
           1528         160.228
           1529         160.228
           1530         160.228
           1531         160.228
           1532         160.228
           1533         160.228
           1534         160.228
           1535         160.228
           1536         160.228
           1537         160.228
           1538         160.228
           1539         160.228
           1540         160.228
           1541         160.228
           1542         160.228
           1543         160.228
           1544         160.228
           1545         160.228
           1546         160.228
           1547         160.228
           1548         160.228
           1549         160.228
           1550         160.228
           1551         160.228
           1552         160.228
           1553         160.228
           1554         160.228
           1555         160.228
           1556         160.228
           1557         160.228
           1558         159.251
           1559         159.251
           1560         159.251
           1561         159.251
           1562         159.251
           1563         159.251
           1564         159.251
           1565         159.251
           1566         159.251
           1567         159.251
           1568         159.251
           1569         159.251
           1570         159.251
           1571         159.251
           1572         159.251
           1573         159.251
           1574         159.251
           1575         159.251
           1576         159.251
           1577         159.251
           1578         159.251
           1579         159.251
           1580         159.251
           1581         159.251
           1582         159.251
           1583         158.274
           1584         158.274
           1585         158.274
           1586         158.274
           1587         158.274
           1588         158.274
           1589         158.274
           1590         158.274
           1591         158.274
           1592         158.274
           1593         158.274
           1594         158.274
           1595         158.274
           1596         158.274
           1597         158.274
           1598         158.274
           1599         158.274
           1600         158.274
           1601         158.274
           1602         158.274
           1603         158.274
           1604         158.274
           1605         158.274
           1606         158.274
           1607         158.274
           1608         158.274
           1609         158.274
           1610         158.274
           1611         158.274
           1612         158.274
           1613         158.274
           1614         158.274
           1615         158.274
           1616         158.274
           1617         158.274
           1618         158.274
           1619         158.274
           1620         158.274
           1621         158.274
           1622         158.274
           1623         158.274
           1624         158.274
           1625         158.274
           1626         158.274
           1627         158.274
           1628         159.251
           1629         159.251
           1630         159.251
           1631         159.251
           1632         159.251
           1633         159.251
           1634         159.251
           1635         159.251
           1636         158.274
           1637         158.274
           1638         158.274
           1639         158.274
           1640         158.274
           1641         158.274
           1642         158.274
           1643         158.274
           1644         158.274
           1645         158.274
           1646         158.274
           1647         158.274
           1648         158.274
           1649         158.274
           1650         158.274
           1651         158.274
           1652         158.274
           1653         158.274
           1654         157.297
           1655         157.297
           1656         157.297
           1657         157.297
           1658         157.297
           1659         157.297
           1660         157.297
           1661         157.297
           1662         157.297
           1663         157.297
           1664         157.297
           1665         157.297
           1666         157.297
           1667         157.297
           1668         157.297
           1669         157.297
           1670         157.297
           1671         157.297
           1672         157.297
           1673         157.297
           1674         157.297
           1675         157.297
           1676         157.297
           1677         157.297
           1678         157.297
           1679         157.297
           1680         157.297
           1681         157.297
           1682         157.297
           1683         157.297
           1684         157.297
           1685         157.297
           1686         157.297
           1687         157.297
           1688         157.297
           1689         157.297
           1690         157.297
           1691         157.297
           1692         157.297
           1693         157.297
           1694         157.297
           1695         157.297
           1696         156.320
           1697         156.320
           1698         156.320
           1699         156.320
           1700         156.320
           1701         156.320
           1702         156.320
           1703         156.320
           1704         156.320
           1705         156.320
           1706         156.320
           1707         156.320
           1708         156.320
           1709         156.320
           1710         156.320
           1711         156.320
           1712         156.320
           1713         156.320
           1714         156.320
           1715         156.320
           1716         156.320
           1717         156.320
           1718         156.320
           1719         156.320
           1720         156.320
           1721         156.320
           1722         156.320
           1723         156.320
           1724         156.320
           1725         156.320
           1726         156.320
           1727         156.320
           1728         156.320
           1729         156.320
           1730         156.320
           1731         156.320
           1732         156.320
           1733         156.320
           1734         156.320
           1735         156.320
           1736         156.320
           1737         156.320
           1738         156.320
           1739         156.320
           1740         156.320
           1741         155.343
           1742         155.343
           1743         155.343
           1744         155.343
           1745         155.343
           1746         155.343
           1747         155.343
           1748         155.343
           1749         155.343
           1750         155.343
           1751         155.343
           1752         155.343
           1753         155.343
           1754         155.343
           1755         155.343
           1756         155.343
           1757         155.343
           1758         155.343
           1759         155.343
           1760         155.343
           1761         155.343
           1762         155.343
           1763         155.343
           1764         155.343
           1765         155.343
           1766         155.343
           1767         155.343
           1768         155.343
           1769         155.343
           1770         155.343
           1771         155.343
           1772         155.343
           1773         155.343
           1774         155.343
           1775         155.343
           1776         155.343
           1777         155.343
           1778         155.343
           1779         155.343
           1780         155.343
           1781         155.343
           1782         155.343
           1783         155.343
           1784         155.343
           1785         155.343
           1786         155.343
           1787         155.343
           1788         155.343
           1789         155.343
           1790         155.343
           1791         154.366
           1792         154.366
           1793         154.366
           1794         154.366
           1795         154.366
           1796         154.366
           1797         154.366
           1798         154.366
           1799         154.366
           1800         154.366
           1801         154.366
           1802         154.366
           1803         154.366
           1804         154.366
           1805         154.366
           1806         154.366
           1807         154.366
           1808         154.366
           1809         154.366
           1810         154.366
           1811         154.366
           1812         154.366
           1813         154.366
           1814         154.366
           1815         154.366
           1816         154.366
           1817         154.366
           1818         154.366
           1819         154.366
           1820         154.366
           1821         154.366
           1822         154.366
           1823         154.366
           1824         154.366
           1825         154.366
           1826         154.366
           1827         154.366
           1828         154.366
           1829         154.366
           1830         154.366
           1831         154.366
           1832         154.366
           1833         154.366
           1834         154.366
           1835         154.366
           1836         154.366
           1837         154.366
           1838         154.366
           1839         154.366
           1840         154.366
           1841         154.366
           1842         154.366
           1843         154.366
           1844         154.366
           1845         154.366
           1846         154.366
           1847         154.366
           1848         154.366
           1849         154.366
           1850         154.366
           1851         154.366
           1852         154.366
           1853         154.366
           1854         154.366
           1855         154.366
           1856         154.366
           1857         154.366
           1858         153.389
           1859         153.389
           1860         153.389
           1861         153.389
           1862         153.389
           1863         153.389
           1864         153.389
           1865         153.389
           1866         153.389
           1867         153.389
           1868         153.389
           1869         153.389
           1870         153.389
           1871         153.389
           1872         153.389
           1873         153.389
           1874         153.389
           1875         153.389
           1876         153.389
           1877         154.366
           1878         154.366
           1879         154.366
           1880         155.343
           1881         155.343
           1882         155.343
           1883         155.343
           1884         155.343
           1885         155.343
           1886         155.343
           1887         155.343
           1888         155.343
           1889         155.343
           1890         154.366
           1891         154.366
           1892         154.366
           1893         154.366
           1894         154.366
           1895         154.366
           1896         154.366
           1897         154.366
           1898         154.366
           1899         154.366
           1900         154.366
           1901         153.389
           1902         153.389
           1903         153.389
           1904         153.389
           1905         153.389
           1906         153.389
           1907         153.389
           1908         153.389
           1909         153.389
           1910         153.389
           1911         153.389
           1912         153.389
           1913         153.389
           1914         153.389
           1915         153.389
           1916         153.389
           1917         153.389
           1918         153.389
           1919         153.389
           1920         153.389
           1921         153.389
           1922         153.389
           1923         153.389
           1924         153.389
           1925         153.389
           1926         153.389
           1927         153.389
           1928         153.389
           1929         153.389
           1930         153.389
           1931         153.389
           1932         153.389
           1933         153.389
           1934         153.389
           1935         153.389
           1936         153.389
           1937         153.389
           1938         153.389
           1939         153.389
           1940         153.389
           1941         153.389
           1942         153.389
           1943         153.389
           1944         153.389
           1945         153.389
           1946         153.389
           1947         153.389
           1948         153.389
           1949         153.389
           1950         153.389
           1951         153.389
           1952         153.389
           1953         153.389
           1954         153.389
           1955         153.389
           1956         153.389
           1957         153.389
           1958         153.389
           1959         153.389
           1960         153.389
           1961         153.389
           1962         153.389
           1963         153.389
           1964         153.389
           1965         153.389
           1966         153.389
           1967         153.389
           1968         153.389
           1969         153.389
           1970         152.412
           1971         152.412
           1972         152.412
           1973         152.412
           1974         152.412
           1975         152.412
           1976         152.412
           1977         152.412
           1978         152.412
           1979         152.412
           1980         152.412
           1981         152.412
           1982         152.412
           1983         152.412
           1984         152.412
           1985         152.412
           1986         152.412
           1987         152.412
           1988         151.435
           1989         151.435
           1990         151.435
           1991         151.435
           1992         151.435
           1993         151.435
           1994         151.435
           1995         151.435
           1996         151.435
           1997         151.435
           1998         151.435
           1999         151.435
           2000         151.435
           2001         151.435
           2002         151.435
           2003         151.435
           2004         151.435
           2005         151.435
           2006         151.435
           2007         151.435
           2008         151.435
           2009         151.435
           2010         151.435
           2011         151.435
           2012         151.435
           2013         151.435
           2014         151.435
           2015         151.435
           2016         150.458
           2017         150.458
           2018         150.458
           2019         150.458
           2020         150.458
           2021         150.458
           2022         150.458
           2023         150.458
           2024         150.458
           2025         150.458
           2026         150.458
           2027         150.458
           2028         150.458
           2029         150.458
           2030         150.458
           2031         150.458
           2032         150.458
           2033         150.458
           2034         150.458
           2035         150.458
           2036         150.458
           2037         150.458
           2038         150.458
           2039         150.458
           2040         150.458
           2041         150.458
           2042         150.458
           2043         149.481
           2044         149.481
           2045         149.481
           2046         149.481
           2047         149.481
           2048         149.481
           2049         149.481
           2050         149.481
           2051         149.481
           2052         149.481
           2053         149.481
           2054         149.481
           2055         149.481
           2056         149.481
           2057         149.481
           2058         149.481
           2059         149.481
           2060         149.481
           2061         149.481
           2062         149.481
           2063         148.504
           2064         148.504
           2065         148.504
           2066         148.504
           2067         148.504
           2068         148.504
           2069         148.504
           2070         148.504
           2071         148.504
           2072         148.504
           2073         148.504
           2074         148.504
           2075         148.504
           2076         148.504
           2077         148.504
           2078         148.504
           2079         147.527
           2080         147.527
           2081         147.527
           2082         147.527
           2083         147.527
           2084         147.527
           2085         147.527
           2086         147.527
           2087         147.527
           2088         147.527
           2089         147.527
           2090         147.527
           2091         147.527
           2092         147.527
           2093         147.527
           2094         146.550
           2095         146.550
           2096         146.550
           2097         146.550
           2098         146.550
           2099         146.550
           2100         146.550
           2101         146.550
           2102         146.550
           2103         146.550
           2104         146.550
           2105         146.550
           2106         145.573
           2107         145.573
           2108         145.573
           2109         145.573
           2110         145.573
           2111         145.573
           2112         145.573
           2113         145.573
           2114         145.573
           2115         145.573
           2116         145.573
           2117         145.573
           2118         144.596
           2119         144.596
           2120         144.596
           2121         144.596
           2122         144.596
           2123         144.596
           2124         144.596
           2125         144.596
           2126         144.596
           2127         144.596
           2128         144.596
           2129         143.619
           2130         143.619
           2131         143.619
           2132         143.619
           2133         143.619
           2134         143.619
           2135         143.619
           2136         143.619
           2137         143.619
           2138         143.619
           2139         143.619
           2140         143.619
           2141         142.642
           2142         142.642
           2143         142.642
           2144         142.642
           2145         142.642
           2146         142.642
           2147         142.642
           2148         142.642
           2149         142.642
           2150         142.642
           2151         142.642
           2152         141.665
           2153         141.665
           2154         141.665
           2155         141.665
           2156         141.665
           2157         141.665
           2158         141.665
           2159         141.665
           2160         141.665
           2161         141.665
           2162         141.665
           2163         141.665
           2164         140.688
           2165         140.688
           2166         140.688
           2167         140.688
           2168         140.688
           2169         140.688
           2170         140.688
           2171         140.688
           2172         140.688
           2173         140.688
           2174         140.688
           2175         139.711
           2176         139.711
           2177         139.711
           2178         139.711
           2179         139.711
           2180         139.711
           2181         139.711
           2182         139.711
           2183         139.711
           2184         138.734
           2185         138.734
           2186         138.734
           2187         138.734
           2188         138.734
           2189         138.734
           2190         138.734
           2191         138.734
           2192         138.734
           2193         137.757
           2194         137.757
           2195         137.757
           2196         137.757
           2197         137.757
           2198         137.757
           2199         137.757
           2200         137.757
           2201         136.780
           2202         136.780
           2203         136.780
           2204         136.780
           2205         136.780
           2206         136.780
           2207         136.780
           2208         136.780
           2209         136.780
           2210         135.803
           2211         135.803
           2212         135.803
           2213         135.803
           2214         135.803
           2215         135.803
           2216         135.803
           2217         135.803
           2218         134.826
           2219         134.826
           2220         134.826
           2221         134.826
           2222         134.826
           2223         134.826
           2224         134.826
           2225         134.826
           2226         134.826
           2227         133.849
           2228         133.849
           2229         133.849
           2230         133.849
           2231         133.849
           2232         133.849
           2233         133.849
           2234         133.849
           2235         132.872
           2236         132.872
           2237         132.872
           2238         132.872
           2239         132.872
           2240         132.872
           2241         132.872
           2242         132.872
           2243         132.872
           2244         131.895
           2245         131.895
           2246         131.895
           2247         131.895
           2248         131.895
           2249         131.895
           2250         131.895
           2251         131.895
           2252         131.895
           2253         131.895
           2254         130.918
           2255         130.918
           2256         130.918
           2257         130.918
           2258         130.918
           2259         130.918
           2260         130.918
           2261         130.918
           2262         130.918
           2263         130.918
           2264         130.918
           2265         130.918
           2266         130.918
           2267         130.918
           2268         130.918
           2269         130.918
           2270         130.918
           2271         130.918
           2272         130.918
           2273         130.918
           2274         129.941
           2275         129.941
           2276         129.941
           2277         129.941
           2278         129.941
           2279         129.941
           2280         129.941
           2281         129.941
           2282         129.941
           2283         129.941
           2284         129.941
           2285         129.941
           2286         129.941
           2287         129.941
           2288         129.941
           2289         129.941
           2290         129.941
           2291         128.964
           2292         128.964
           2293         128.964
           2294         128.964
           2295         128.964
           2296         128.964
           2297         128.964
           2298         128.964
           2299         128.964
           2300         128.964
           2301         128.964
           2302         128.964
           2303         128.964
           2304         128.964
           2305         128.964
           2306         128.964
           2307         128.964
           2308         128.964
           2309         127.987
           2310         127.987
           2311         127.987
           2312         127.987
           2313         127.987
           2314         127.987
           2315         127.987
           2316         127.987
           2317         127.987
           2318         127.987
           2319         127.987
           2320         127.987
           2321         127.987
           2322         127.987
           2323         127.010
           2324         127.010
           2325         127.010
           2326         127.010
           2327         127.010
           2328         127.010
           2329         127.010
           2330         127.010
           2331         127.010
           2332         127.010
           2333         127.010
           2334         126.033
           2335         126.033
           2336         126.033
           2337         126.033
           2338         126.033
           2339         126.033
           2340         126.033
           2341         126.033
           2342         126.033
           2343         126.033
           2344         126.033
           2345         126.033
           2346         125.056
           2347         125.056
           2348         125.056
           2349         125.056
