TRACENO
              1         102.585
              2         101.608
              3         101.608
              4         101.608
              5         101.608
              6         101.608
              7         101.608
              8         101.608
              9         101.608
             10         101.608
             11         101.608
             12         101.608
             13         101.608
             14         101.608
             15         101.608
             16         101.608
             17         101.608
             18         101.608
             19         101.608
             20         101.608
             21         101.608
             22         101.608
             23         101.608
             24         101.608
             25         101.608
             26         101.608
             27         101.608
             28         101.608
             29         101.608
             30         101.608
             31         101.608
             32         101.608
             33         101.608
             34         101.608
             35         101.608
             36         101.608
             37         101.608
             38         101.608
             39         101.608
             40         101.608
             41         101.608
             42         102.585
             43         102.585
             44         102.585
             45         102.585
             46         102.585
             47         102.585
             48         102.585
             49         101.608
             50         101.608
             51         102.585
             52         102.585
             53         102.585
             54         102.585
             55         102.585
             56         102.585
             57         101.608
             58         101.608
             59         101.608
             60         101.608
             61         101.608
             62         101.608
             63         102.585
             64         102.585
             65         102.585
             66         102.585
             67         102.585
             68         103.562
             69         103.562
             70         103.562
             71         103.562
             72         103.562
             73         103.562
             74         103.562
             75         103.562
             76         103.562
             77         103.562
             78         103.562
             79         103.562
             80         103.562
             81         104.539
             82         104.539
             83         104.539
             84         104.539
             85         104.539
             86         104.539
             87         105.516
             88         105.516
             89         105.516
             90         105.516
             91         105.516
             92         105.516
             93         105.516
             94         105.516
             95         105.516
             96         105.516
             97         105.516
             98         106.493
             99         106.493
            100         106.493
            101         106.493
            102         106.493
            103         106.493
            104         106.493
            105         106.493
            106         106.493
            107         106.493
            108         106.493
            109         106.493
            110         106.493
            111         106.493
            112         106.493
            113         106.493
            114         106.493
            115         106.493
            116         106.493
            117         106.493
            118         106.493
            119         106.493
            120         106.493
            121         106.493
            122         106.493
            123         107.470
            124         107.470
            125         107.470
            126         107.470
            127         107.470
            128         107.470
            129         107.470
            130         107.470
            131         107.470
            132         107.470
            133         107.470
            134         107.470
            135         107.470
            136         107.470
            137         107.470
            138         107.470
            139         108.447
            140         108.447
            141         108.447
            142         108.447
            143         108.447
            144         108.447
            145         108.447
            146         108.447
            147         108.447
            148         108.447
            149         108.447
            150         108.447
            151         108.447
            152         109.424
            153         109.424
            154         108.447
            155         108.447
            156         108.447
            157         108.447
            158         107.470
            159         107.470
            160         107.470
            161         107.470
            162         107.470
            163         108.447
            164         108.447
            165         108.447
            166         109.424
            167         109.424
            168         109.424
            169         110.401
            170         110.401
            171         110.401
            172         110.401
            173         110.401
            174         110.401
            175         110.401
            176         110.401
            177         110.401
            178         110.401
            179         110.401
            180         110.401
            181         110.401
            182         110.401
            183         110.401
            184         110.401
            185         110.401
            186         110.401
            187         110.401
            188         110.401
            189         110.401
            190         110.401
            191         110.401
            192         110.401
            193         110.401
            194         110.401
            195         110.401
            196         110.401
            197         110.401
            198         110.401
            199         110.401
            200         110.401
            201         110.401
            202         110.401
            203         110.401
            204         110.401
            205         110.401
            206         110.401
            207         110.401
            208         110.401
            209         110.401
            210         111.378
            211         111.378
            212         111.378
            213         111.378
            214         111.378
            215         111.378
            216         111.378
            217         111.378
            218         111.378
            219         111.378
            220         111.378
            221         111.378
            222         112.355
            223         112.355
            224         112.355
            225         112.355
            226         112.355
            227         112.355
            228         112.355
            229         112.355
            230         112.355
            231         112.355
            232         112.355
            233         112.355
            234         112.355
            235         112.355
            236         112.355
            237         112.355
            238         112.355
            239         113.332
            240         113.332
            241         113.332
            242         113.332
            243         113.332
            244         113.332
            245         113.332
            246         113.332
            247         113.332
            248         113.332
            249         113.332
            250         113.332
            251         113.332
            252         113.332
            253         113.332
            254         113.332
            255         113.332
            256         113.332
            257         113.332
            258         113.332
            259         113.332
            260         113.332
            261         113.332
            262         113.332
            263         113.332
            264         113.332
            265         113.332
            266         113.332
            267         113.332
            268         113.332
            269         113.332
            270         113.332
            271         113.332
            272         113.332
            273         113.332
            274         113.332
            275         113.332
            276         113.332
            277         113.332
            278         113.332
            279         113.332
            280         113.332
            281         113.332
            282         113.332
            283         113.332
            284         113.332
            285         113.332
            286         113.332
            287         113.332
            288         113.332
            289         113.332
            290         113.332
            291         113.332
            292         113.332
            293         113.332
            294         113.332
            295         113.332
            296         113.332
            297         113.332
            298         113.332
            299         113.332
            300         113.332
            301         113.332
            302         113.332
            303         113.332
            304         113.332
            305         113.332
            306         114.309
            307         114.309
            308         114.309
            309         114.309
            310         114.309
            311         114.309
            312         114.309
            313         114.309
            314         114.309
            315         114.309
            316         114.309
            317         114.309
            318         114.309
            319         114.309
            320         114.309
            321         114.309
            322         114.309
            323         114.309
            324         114.309
            325         114.309
            326         114.309
            327         114.309
            328         114.309
            329         114.309
            330         114.309
            331         114.309
            332         114.309
            333         114.309
            334         114.309
            335         114.309
            336         114.309
            337         114.309
            338         114.309
            339         114.309
            340         114.309
            341         114.309
            342         114.309
            343         114.309
            344         114.309
            345         114.309
            346         114.309
            347         114.309
            348         114.309
            349         114.309
            350         114.309
            351         114.309
            352         114.309
            353         114.309
            354         114.309
            355         114.309
            356         114.309
            357         114.309
            358         114.309
            359         114.309
            360         114.309
            361         114.309
            362         114.309
            363         114.309
            364         114.309
            365         114.309
            366         114.309
            367         114.309
            368         114.309
            369         114.309
            370         114.309
            371         114.309
            372         114.309
            373         114.309
            374         115.286
            375         115.286
            376         115.286
            377         115.286
            378         114.309
            379         114.309
            380         114.309
            381         114.309
            382         114.309
