TRACENO
              1         124.079
              2         124.079
              3         124.079
              4         125.056
              5         125.056
              6         125.056
              7         125.056
              8         125.056
              9         125.056
             10         125.056
             11         125.056
             12         125.056
             13         125.056
             14         125.056
             15         125.056
             16         125.056
             17         125.056
             18         125.056
             19         125.056
             20         125.056
             21         125.056
             22         125.056
             23         125.056
             24         125.056
             25         125.056
             26         125.056
             27         125.056
             28         125.056
             29         125.056
             30         125.056
             31         125.056
             32         125.056
             33         125.056
             34         125.056
             35         125.056
             36         125.056
             37         125.056
             38         125.056
             39         125.056
             40         125.056
             41         125.056
             42         125.056
             43         125.056
             44         125.056
             45         125.056
             46         125.056
             47         125.056
             48         125.056
             49         125.056
             50         125.056
             51         125.056
             52         125.056
             53         125.056
             54         125.056
             55         125.056
             56         125.056
             57         125.056
             58         125.056
             59         125.056
             60         125.056
             61         125.056
             62         125.056
             63         125.056
             64         125.056
             65         125.056
             66         125.056
             67         125.056
             68         125.056
             69         125.056
             70         125.056
             71         125.056
             72         125.056
             73         125.056
             74         125.056
             75         125.056
             76         125.056
             77         125.056
             78         125.056
             79         125.056
             80         125.056
             81         125.056
             82         125.056
             83         125.056
             84         125.056
             85         125.056
             86         125.056
             87         125.056
             88         125.056
             89         125.056
             90         125.056
             91         125.056
             92         125.056
             93         125.056
             94         125.056
             95         125.056
             96         125.056
             97         125.056
             98         125.056
             99         125.056
            100         125.056
            101         125.056
            102         125.056
            103         125.056
            104         125.056
            105         125.056
            106         125.056
            107         125.056
            108         125.056
            109         125.056
            110         125.056
            111         126.033
            112         126.033
            113         126.033
            114         126.033
            115         126.033
            116         126.033
            117         126.033
            118         126.033
            119         126.033
            120         126.033
            121         126.033
            122         126.033
            123         126.033
            124         126.033
            125         126.033
            126         126.033
            127         126.033
            128         126.033
            129         126.033
            130         126.033
            131         126.033
            132         126.033
            133         126.033
            134         126.033
            135         126.033
            136         126.033
            137         126.033
            138         126.033
            139         126.033
            140         126.033
            141         126.033
            142         126.033
            143         126.033
            144         126.033
            145         126.033
            146         126.033
            147         127.010
            148         127.010
            149         127.010
            150         127.010
            151         127.010
            152         127.010
            153         127.010
            154         127.010
            155         127.010
            156         127.010
            157         127.010
            158         127.010
            159         127.010
            160         127.010
            161         127.010
            162         127.010
            163         127.010
            164         127.010
            165         127.010
            166         127.010
            167         127.010
            168         127.010
            169         127.010
            170         127.987
            171         127.987
            172         127.987
            173         127.987
            174         127.987
            175         127.987
            176         127.987
            177         127.987
            178         127.987
            179         127.987
            180         127.987
            181         127.987
            182         127.987
            183         127.987
            184         127.987
            185         127.987
            186         127.987
            187         127.987
            188         127.987
            189         127.987
            190         127.987
            191         127.987
            192         127.987
            193         128.964
            194         128.964
            195         128.964
            196         128.964
            197         128.964
            198         128.964
            199         128.964
            200         128.964
            201         128.964
            202         128.964
            203         128.964
            204         128.964
            205         128.964
            206         128.964
            207         128.964
            208         128.964
            209         128.964
            210         128.964
            211         128.964
            212         128.964
            213         128.964
            214         128.964
            215         128.964
            216         128.964
            217         129.941
            218         129.941
            219         129.941
            220         129.941
            221         129.941
            222         130.918
            223         130.918
            224         130.918
            225         130.918
            226         131.895
            227         131.895
            228         131.895
            229         131.895
            230         131.895
            231         131.895
            232         131.895
            233         131.895
            234         132.872
            235         132.872
            236         132.872
            237         132.872
            238         132.872
            239         132.872
            240         132.872
            241         132.872
            242         132.872
            243         132.872
            244         132.872
            245         132.872
            246         133.849
            247         133.849
            248         133.849
            249         133.849
            250         133.849
            251         133.849
            252         133.849
            253         133.849
            254         133.849
            255         133.849
            256         133.849
            257         133.849
            258         133.849
            259         134.826
            260         134.826
            261         134.826
            262         134.826
            263         134.826
            264         134.826
            265         134.826
            266         134.826
            267         134.826
            268         134.826
            269         134.826
            270         134.826
            271         134.826
            272         134.826
            273         134.826
            274         134.826
            275         135.803
            276         135.803
            277         135.803
            278         135.803
            279         135.803
            280         136.780
            281         136.780
            282         136.780
            283         136.780
            284         136.780
            285         136.780
            286         136.780
            287         136.780
            288         136.780
            289         136.780
            290         136.780
            291         136.780
            292         136.780
            293         136.780
            294         136.780
            295         136.780
            296         136.780
            297         136.780
            298         136.780
            299         136.780
            300         136.780
            301         136.780
            302         136.780
            303         136.780
            304         136.780
            305         136.780
            306         136.780
            307         136.780
            308         136.780
            309         136.780
            310         136.780
            311         136.780
            312         135.803
            313         135.803
            314         135.803
            315         135.803
            316         135.803
            317         135.803
            318         135.803
            319         135.803
            320         135.803
            321         135.803
            322         134.826
            323         134.826
            324         134.826
            325         134.826
            326         134.826
            327         134.826
            328         134.826
            329         134.826
            330         134.826
            331         134.826
            332         134.826
            333         134.826
            334         134.826
            335         134.826
            336         134.826
            337         134.826
            338         134.826
            339         134.826
            340         134.826
            341         134.826
            342         134.826
            343         134.826
            344         134.826
            345         134.826
            346         134.826
            347         134.826
            348         134.826
            349         134.826
            350         134.826
            351         134.826
            352         135.803
            353         135.803
            354         135.803
            355         135.803
            356         135.803
            357         135.803
            358         135.803
            359         135.803
            360         135.803
            361         135.803
            362         135.803
            363         135.803
            364         135.803
            365         135.803
            366         135.803
            367         135.803
            368         135.803
            369         135.803
            370         135.803
            371         135.803
            372         135.803
            373         135.803
            374         136.780
            375         136.780
            376         136.780
            377         136.780
            378         136.780
            379         136.780
            380         136.780
            381         136.780
            382         136.780
            383         136.780
            384         136.780
            385         136.780
            386         136.780
            387         136.780
            388         136.780
            389         136.780
            390         136.780
            391         136.780
            392         136.780
            393         136.780
            394         136.780
            395         136.780
            396         136.780
            397         136.780
            398         136.780
            399         136.780
            400         136.780
            401         136.780
            402         136.780
            403         136.780
            404         136.780
            405         136.780
            406         136.780
            407         136.780
            408         136.780
            409         136.780
            410         135.803
            411         135.803
            412         135.803
            413         135.803
            414         135.803
            415         135.803
            416         135.803
            417         135.803
            418         135.803
            419         135.803
            420         135.803
            421         135.803
            422         135.803
            423         135.803
            424         135.803
            425         135.803
            426         135.803
            427         135.803
            428         135.803
            429         135.803
            430         135.803
            431         135.803
            432         135.803
            433         135.803
            434         135.803
            435         135.803
            436         135.803
            437         135.803
            438         135.803
            439         134.826
            440         134.826
            441         134.826
            442         134.826
            443         134.826
            444         134.826
            445         134.826
            446         134.826
            447         134.826
            448         134.826
            449         134.826
            450         134.826
            451         134.826
            452         134.826
            453         134.826
            454         134.826
            455         134.826
            456         134.826
            457         134.826
            458         134.826
            459         134.826
            460         134.826
            461         134.826
            462         134.826
            463         134.826
            464         134.826
            465         134.826
            466         134.826
            467         134.826
            468         134.826
            469         134.826
            470         134.826
            471         134.826
            472         133.849
            473         133.849
            474         133.849
            475         133.849
            476         133.849
            477         133.849
            478         133.849
            479         133.849
            480         133.849
            481         133.849
            482         133.849
            483         133.849
            484         133.849
            485         133.849
            486         133.849
            487         133.849
            488         133.849
            489         133.849
            490         133.849
            491         133.849
            492         133.849
            493         133.849
            494         133.849
            495         133.849
            496         133.849
            497         133.849
            498         133.849
            499         133.849
            500         133.849
            501         133.849
            502         133.849
            503         133.849
            504         133.849
            505         133.849
            506         133.849
            507         133.849
            508         133.849
            509         133.849
            510         133.849
            511         133.849
            512         133.849
            513         133.849
            514         133.849
            515         133.849
            516         133.849
            517         133.849
            518         133.849
            557         133.849
            558         133.849
            559         133.849
            560         133.849
            561         133.849
            562         133.849
            563         133.849
            564         133.849
            565         133.849
            566         133.849
            567         133.849
            568         133.849
            569         133.849
            570         133.849
            571         132.872
            572         132.872
            573         132.872
            574         132.872
            575         132.872
            576         132.872
            577         132.872
            578         132.872
            579         132.872
            580         132.872
            581         132.872
            582         132.872
            583         132.872
            584         132.872
            585         132.872
            586         132.872
            587         132.872
            588         132.872
            589         132.872
            590         132.872
            591         132.872
            592         132.872
            593         132.872
            594         132.872
            595         131.895
            596         131.895
            597         131.895
            598         131.895
            599         131.895
            600         131.895
            601         131.895
            602         131.895
            603         131.895
            604         131.895
            605         131.895
            606         131.895
            607         131.895
            608         131.895
            609         131.895
            610         131.895
            611         131.895
            612         131.895
            613         131.895
            614         131.895
            615         131.895
            616         131.895
            617         131.895
            618         131.895
            619         131.895
            620         131.895
            621         131.895
            622         131.895
            623         131.895
            624         131.895
            625         131.895
            626         131.895
            627         131.895
            628         131.895
            629         131.895
            630         131.895
            631         131.895
            632         131.895
            633         131.895
            634         131.895
            635         131.895
            636         131.895
            637         131.895
            638         131.895
            639         131.895
            640         131.895
            641         131.895
            642         131.895
            643         131.895
            644         131.895
            645         131.895
            646         131.895
            647         131.895
            648         131.895
            649         131.895
            650         131.895
            651         131.895
            652         131.895
            653         131.895
            654         131.895
            655         131.895
            656         131.895
            657         131.895
            658         131.895
            659         131.895
            660         131.895
            661         131.895
            662         131.895
            663         131.895
            664         131.895
            665         131.895
            666         131.895
            667         131.895
            668         131.895
            669         131.895
            670         131.895
            671         131.895
            672         131.895
            673         131.895
            674         131.895
            675         131.895
            676         130.918
            677         130.918
            678         130.918
            679         130.918
            680         130.918
            681         130.918
            682         130.918
            683         130.918
            684         130.918
            685         130.918
            686         130.918
            687         130.918
            688         130.918
            689         130.918
            690         130.918
            691         130.918
            692         130.918
            693         130.918
            694         130.918
            695         130.918
            696         130.918
            697         130.918
            698         130.918
            699         130.918
            700         130.918
            701         130.918
            702         130.918
            703         130.918
            704         130.918
            705         130.918
            706         130.918
            707         130.918
            708         130.918
            709         130.918
            710         130.918
            711         130.918
            712         130.918
            713         130.918
            714         130.918
            715         130.918
            716         130.918
            717         130.918
            718         130.918
            719         130.918
            720         130.918
            721         129.941
            722         129.941
            723         129.941
            724         129.941
            725         129.941
            726         129.941
            727         129.941
            728         129.941
            729         129.941
            730         129.941
            731         129.941
            732         129.941
            733         129.941
            734         129.941
            735         129.941
            736         129.941
            737         129.941
            738         129.941
            739         129.941
            740         129.941
            741         129.941
            742         129.941
            743         129.941
            744         129.941
            745         129.941
            746         129.941
            747         129.941
            748         129.941
            749         129.941
            750         129.941
            751         129.941
            752         129.941
            753         129.941
            754         129.941
            755         129.941
            756         129.941
            757         128.964
            758         128.964
            759         128.964
            760         128.964
            761         128.964
            762         128.964
            763         128.964
            764         128.964
            765         128.964
            766         128.964
            767         128.964
            768         128.964
            769         128.964
            770         128.964
            771         128.964
            772         128.964
            773         128.964
            774         128.964
            775         128.964
            776         128.964
            777         128.964
            778         128.964
            779         128.964
            780         128.964
            781         128.964
            782         128.964
            783         128.964
            784         128.964
            785         128.964
            786         128.964
            787         128.964
            788         128.964
            789         128.964
            790         128.964
            791         128.964
            792         128.964
            793         128.964
            794         128.964
            795         127.987
            796         127.987
            797         127.987
            798         127.987
            799         127.987
            800         127.987
            801         127.987
            802         127.987
            803         127.987
            804         127.987
            805         127.987
            806         127.987
            807         127.987
            808         127.987
            809         127.987
            810         127.987
            811         127.987
            812         127.987
            813         127.987
            814         127.987
            815         127.987
            816         127.987
            817         127.987
            818         127.987
            819         127.987
            820         127.987
            821         127.987
            822         127.987
            823         127.987
            824         127.987
            825         127.987
            826         127.987
            827         127.987
            828         127.987
            829         127.987
            830         127.987
            831         127.987
            832         127.987
            833         127.987
            834         127.987
            835         127.010
            836         127.010
            837         127.010
            838         127.010
            839         127.010
            840         127.010
            841         127.010
            842         127.010
            843         127.010
            844         127.010
            845         127.010
            846         127.010
            847         127.010
            848         127.010
            849         127.010
            850         127.010
            851         127.010
            852         127.010
            853         127.010
            854         127.010
            855         127.010
            856         127.010
            857         127.010
            858         127.010
            859         127.010
            860         127.010
            861         127.010
            862         127.010
            863         127.010
            864         127.010
            865         127.010
            866         127.010
            867         127.010
            868         127.010
            869         127.010
            870         126.033
            871         126.033
            872         126.033
            873         126.033
            874         126.033
            875         126.033
            876         126.033
            877         126.033
            878         126.033
            879         126.033
            880         126.033
            881         126.033
            882         126.033
            883         126.033
            884         126.033
            885         126.033
            886         126.033
            887         126.033
            888         126.033
            889         126.033
            890         126.033
            891         126.033
            892         126.033
            893         126.033
            894         126.033
            895         126.033
            896         126.033
            897         126.033
            898         126.033
            899         126.033
            900         126.033
            901         126.033
            902         126.033
            903         126.033
            904         126.033
            905         126.033
            906         126.033
            907         126.033
            908         126.033
            909         126.033
            910         126.033
            911         126.033
            912         126.033
            913         126.033
            914         126.033
            915         126.033
            916         126.033
            917         126.033
            918         126.033
            919         126.033
            920         126.033
            921         126.033
            922         126.033
            923         126.033
            924         126.033
            925         126.033
            926         126.033
            927         126.033
            928         126.033
            929         126.033
            930         126.033
            931         126.033
            932         127.010
            933         127.010
            934         127.010
            935         127.010
            936         127.010
            937         127.010
            938         127.010
            939         127.010
            940         127.010
            941         127.010
            942         127.010
            943         127.010
            944         127.010
            945         127.010
            946         127.010
            947         127.010
            948         127.010
            949         127.010
            950         127.010
            951         127.010
            952         127.010
            953         127.010
            954         127.010
            955         127.010
            956         127.010
            957         127.010
            958         127.010
            959         127.010
            960         127.010
            961         127.010
            962         127.010
            963         127.010
            964         127.010
            965         127.010
            966         127.010
            967         127.010
            968         127.010
            969         127.010
            970         127.010
            971         127.010
            972         127.010
            973         127.010
            974         127.010
            975         127.010
            976         127.010
            977         127.010
            978         127.010
            979         127.010
            980         127.010
            981         127.010
            982         127.010
            983         127.010
            984         127.010
            985         127.010
            986         127.010
            987         127.010
            988         127.010
            989         127.010
            990         127.010
            991         127.010
            992         127.010
            993         127.010
            994         127.010
            995         127.010
            996         127.010
            997         127.010
            998         127.010
            999         127.010
           1000         127.010
           1001         127.010
           1002         127.010
           1003         127.010
           1004         127.010
           1005         127.010
           1006         127.010
           1007         127.010
           1008         127.010
           1009         127.010
           1010         127.010
           1011         127.010
           1012         127.010
           1013         127.010
           1014         127.010
           1015         127.010
           1016         127.010
           1017         127.010
           1018         127.010
           1019         127.010
           1020         127.010
           1021         127.010
           1022         127.010
           1023         127.010
           1024         127.010
           1025         127.010
           1026         127.010
           1027         127.010
           1028         127.010
           1029         127.010
           1030         127.010
           1031         127.010
           1032         127.010
           1033         127.010
           1034         127.010
           1035         127.010
           1036         127.010
           1037         127.010
           1038         127.010
           1039         127.010
           1040         127.010
           1041         127.010
           1042         127.010
           1043         127.010
           1044         127.010
           1045         127.010
           1046         127.010
           1047         127.010
           1048         127.010
           1049         127.010
           1050         127.010
           1051         127.010
           1052         127.010
           1053         127.010
           1054         127.010
           1055         127.010
           1056         127.010
           1057         127.010
           1058         127.010
           1059         127.010
           1060         127.010
           1061         127.010
           1062         127.010
           1063         127.010
           1064         127.010
           1065         127.010
           1066         127.987
           1067         127.987
           1068         127.987
           1069         127.987
           1070         127.987
           1071         127.987
           1072         127.987
           1073         127.987
           1074         127.987
           1075         127.987
           1076         127.987
           1077         127.987
           1078         127.987
           1079         127.987
           1080         127.987
           1081         127.987
           1082         127.987
           1083         127.987
           1084         127.987
           1085         127.987
           1086         127.987
           1087         127.987
           1088         127.987
           1089         127.987
           1090         127.987
           1091         127.987
           1092         127.987
           1093         127.987
           1094         127.987
           1095         127.987
           1096         127.987
           1097         127.987
           1098         127.987
           1099         127.987
           1100         127.987
           1101         127.987
           1102         127.987
           1103         127.987
           1104         127.987
           1105         127.987
           1106         127.987
           1107         127.987
           1108         127.987
           1109         127.987
           1110         127.987
           1111         127.987
           1112         127.987
           1113         127.987
           1114         127.987
           1115         127.987
           1116         127.987
           1117         127.987
           1118         127.987
           1119         127.987
           1120         127.987
           1121         128.964
           1122         128.964
           1123         128.964
           1124         128.964
           1125         128.964
           1126         128.964
           1127         128.964
           1128         128.964
           1129         128.964
           1130         128.964
           1131         128.964
           1132         128.964
           1133         129.941
           1134         129.941
           1135         129.941
           1136         129.941
           1137         129.941
           1138         129.941
           1139         129.941
           1140         129.941
           1141         129.941
           1142         129.941
           1143         129.941
           1144         129.941
           1145         129.941
           1146         129.941
           1147         129.941
           1148         129.941
           1149         129.941
           1150         129.941
           1151         129.941
           1152         129.941
           1153         129.941
           1154         129.941
           1155         129.941
           1156         129.941
           1157         128.964
           1158         128.964
           1159         128.964
           1160         128.964
           1161         128.964
           1162         128.964
           1163         128.964
           1164         128.964
           1165         128.964
           1166         128.964
           1167         128.964
           1168         128.964
           1169         128.964
           1170         128.964
           1171         128.964
           1172         128.964
           1173         128.964
           1174         128.964
           1175         128.964
           1176         128.964
           1177         128.964
           1178         128.964
           1179         128.964
           1180         128.964
           1181         128.964
           1182         128.964
           1183         128.964
           1184         128.964
           1185         128.964
           1186         128.964
           1187         128.964
           1188         128.964
           1189         128.964
           1190         128.964
           1191         128.964
           1192         128.964
           1193         128.964
           1194         128.964
           1195         128.964
           1196         128.964
           1197         128.964
           1198         128.964
           1199         128.964
           1200         128.964
           1201         128.964
           1202         128.964
           1203         128.964
           1204         128.964
           1205         128.964
           1206         128.964
           1207         128.964
           1208         128.964
           1209         128.964
           1210         128.964
           1211         128.964
           1212         129.941
           1213         129.941
           1214         129.941
           1215         129.941
           1216         129.941
           1217         129.941
           1218         129.941
           1219         129.941
           1220         129.941
           1221         129.941
           1222         129.941
           1223         129.941
           1224         129.941
           1225         129.941
           1226         129.941
           1227         129.941
           1228         129.941
           1229         129.941
           1230         129.941
           1231         129.941
           1232         129.941
           1233         129.941
           1234         129.941
           1235         129.941
           1236         129.941
           1237         129.941
           1238         130.918
           1239         130.918
           1240         130.918
           1241         130.918
           1242         130.918
           1243         130.918
           1244         130.918
           1245         130.918
           1246         130.918
           1247         130.918
           1248         130.918
           1249         130.918
           1250         130.918
           1251         130.918
           1252         130.918
           1253         130.918
           1254         130.918
           1255         131.895
           1256         131.895
           1257         131.895
           1258         131.895
           1259         131.895
           1260         131.895
           1261         131.895
           1262         131.895
           1263         131.895
           1264         131.895
           1265         131.895
           1266         131.895
           1267         131.895
           1268         131.895
           1269         131.895
           1270         131.895
           1271         131.895
           1272         132.872
           1273         132.872
           1274         132.872
           1275         132.872
           1276         132.872
           1277         132.872
           1278         132.872
           1279         132.872
           1280         132.872
           1281         132.872
           1282         132.872
           1283         132.872
           1284         132.872
           1285         132.872
           1286         132.872
           1287         132.872
           1288         132.872
           1289         132.872
           1290         132.872
           1291         132.872
           1292         132.872
           1293         132.872
           1294         132.872
           1295         132.872
           1296         132.872
           1297         132.872
           1298         132.872
           1299         132.872
           1300         132.872
           1301         132.872
           1302         132.872
           1303         132.872
           1304         132.872
           1305         133.849
           1306         133.849
           1307         133.849
           1308         133.849
           1309         133.849
           1310         133.849
           1311         133.849
           1312         133.849
           1313         133.849
           1314         133.849
           1315         133.849
           1316         133.849
           1317         133.849
           1318         133.849
           1319         133.849
           1320         133.849
           1321         133.849
           1322         133.849
           1323         133.849
           1324         133.849
           1325         133.849
           1326         133.849
           1327         133.849
           1328         133.849
           1329         133.849
           1330         133.849
           1331         133.849
           1332         134.826
           1333         134.826
           1334         134.826
           1335         134.826
           1336         134.826
           1337         134.826
           1338         134.826
           1339         134.826
           1340         134.826
           1341         134.826
           1342         134.826
           1343         134.826
           1344         134.826
           1345         134.826
           1346         134.826
           1347         134.826
           1348         134.826
           1349         134.826
           1350         134.826
           1351         134.826
           1352         135.803
           1353         135.803
           1354         135.803
           1355         135.803
           1356         135.803
           1357         135.803
           1358         135.803
           1359         135.803
           1360         135.803
           1361         135.803
           1362         135.803
           1363         135.803
           1364         135.803
           1365         135.803
           1366         136.780
           1367         136.780
           1368         136.780
           1369         136.780
           1370         136.780
           1371         136.780
           1372         136.780
           1373         136.780
           1374         136.780
           1375         136.780
           1376         136.780
           1377         137.757
           1378         137.757
           1379         137.757
           1380         137.757
           1381         137.757
           1382         137.757
           1383         137.757
           1384         137.757
           1385         137.757
           1386         137.757
           1387         137.757
           1388         137.757
           1389         138.734
           1390         138.734
           1391         138.734
           1392         138.734
           1393         138.734
           1394         138.734
           1395         138.734
           1396         138.734
           1397         138.734
           1398         138.734
           1399         138.734
           1400         138.734
           1401         139.711
           1402         139.711
           1403         139.711
           1404         139.711
           1405         139.711
           1406         139.711
           1407         139.711
           1408         139.711
           1409         139.711
           1410         139.711
           1411         139.711
           1412         140.688
           1413         140.688
           1414         140.688
           1415         140.688
           1416         140.688
           1417         140.688
           1418         140.688
           1419         140.688
           1420         140.688
           1421         141.665
           1422         141.665
           1423         141.665
           1424         141.665
           1425         141.665
           1426         141.665
           1427         141.665
           1428         141.665
           1429         141.665
           1430         141.665
           1431         142.642
           1432         142.642
           1433         142.642
           1434         142.642
           1435         142.642
           1436         142.642
           1437         142.642
           1438         142.642
           1439         142.642
           1440         142.642
           1441         143.619
           1442         143.619
           1443         143.619
           1444         143.619
           1445         143.619
           1446         143.619
           1447         143.619
           1448         143.619
           1449         143.619
           1450         143.619
           1451         143.619
           1452         143.619
           1453         143.619
           1454         143.619
           1455         143.619
           1456         143.619
           1457         143.619
           1458         143.619
           1459         143.619
           1460         143.619
           1461         143.619
           1462         143.619
           1463         143.619
           1464         143.619
           1465         143.619
           1466         143.619
           1467         143.619
           1468         143.619
           1469         143.619
           1470         143.619
           1471         143.619
           1472         143.619
           1473         143.619
           1474         143.619
           1475         143.619
           1476         143.619
           1477         143.619
           1478         143.619
           1479         143.619
           1480         143.619
           1481         143.619
           1482         143.619
           1483         143.619
           1484         143.619
           1485         143.619
           1486         143.619
           1487         143.619
           1488         143.619
           1489         143.619
           1490         143.619
           1491         143.619
           1492         143.619
           1493         143.619
           1494         143.619
           1495         143.619
           1496         143.619
           1497         143.619
           1498         143.619
           1499         143.619
           1500         143.619
           1501         143.619
           1502         144.596
           1503         144.596
           1504         144.596
           1505         144.596
           1506         144.596
           1507         144.596
           1508         144.596
           1509         144.596
           1510         144.596
           1511         144.596
           1512         144.596
           1513         144.596
           1514         144.596
           1515         144.596
           1516         144.596
           1517         144.596
           1518         144.596
           1519         144.596
           1520         144.596
           1521         144.596
           1522         144.596
           1523         144.596
           1524         144.596
           1525         144.596
           1526         144.596
           1527         144.596
           1528         144.596
           1529         144.596
           1530         145.573
           1531         145.573
           1532         145.573
           1533         145.573
           1534         145.573
           1535         145.573
           1536         145.573
           1537         145.573
           1538         145.573
           1539         145.573
           1540         146.550
           1541         146.550
           1542         146.550
           1543         146.550
           1544         146.550
           1545         146.550
           1546         146.550
           1547         146.550
           1548         146.550
           1549         146.550
           1550         147.527
           1551         147.527
           1552         147.527
           1553         147.527
           1554         147.527
           1555         147.527
           1556         147.527
           1557         147.527
           1558         147.527
           1559         147.527
           1560         147.527
           1561         147.527
           1562         147.527
           1563         147.527
           1564         147.527
           1565         147.527
           1566         148.504
           1567         148.504
           1568         148.504
           1569         148.504
           1570         148.504
           1571         148.504
           1572         148.504
           1573         148.504
           1574         148.504
           1575         148.504
           1576         148.504
           1577         148.504
           1578         148.504
           1579         148.504
           1580         148.504
           1581         148.504
           1582         148.504
           1583         148.504
           1584         148.504
           1585         148.504
           1586         148.504
           1587         148.504
           1588         149.481
           1589         149.481
           1590         149.481
           1591         149.481
           1592         149.481
           1593         149.481
           1594         149.481
           1595         149.481
           1596         149.481
           1597         149.481
           1598         149.481
           1599         149.481
           1600         149.481
           1601         149.481
           1602         149.481
           1603         149.481
           1604         149.481
           1605         149.481
           1606         150.458
           1607         150.458
           1608         150.458
           1609         150.458
           1610         150.458
           1611         150.458
           1612         150.458
           1613         150.458
           1614         150.458
           1615         150.458
           1616         150.458
           1617         150.458
           1618         150.458
           1619         150.458
           1620         150.458
           1621         151.435
           1622         151.435
           1623         151.435
           1624         151.435
           1625         151.435
           1626         151.435
           1627         151.435
           1628         151.435
           1629         151.435
           1630         151.435
           1631         151.435
           1632         151.435
           1633         151.435
           1634         151.435
           1635         151.435
           1636         151.435
           1637         152.412
           1638         152.412
           1639         152.412
           1640         152.412
           1641         152.412
           1642         152.412
           1643         152.412
           1644         152.412
           1645         152.412
           1646         152.412
           1647         152.412
           1648         152.412
           1649         152.412
           1650         152.412
           1651         152.412
           1652         152.412
           1653         152.412
           1654         152.412
           1655         153.389
           1656         153.389
           1657         153.389
           1658         153.389
           1659         153.389
           1660         153.389
           1661         153.389
           1662         153.389
           1663         153.389
           1664         153.389
           1665         153.389
           1666         153.389
           1667         153.389
           1668         153.389
           1669         153.389
           1670         153.389
           1671         153.389
           1672         153.389
           1673         153.389
           1674         153.389
           1675         153.389
           1676         153.389
           1677         153.389
           1678         153.389
           1679         153.389
           1680         153.389
           1681         153.389
           1682         153.389
           1683         153.389
           1684         153.389
           1685         153.389
           1686         153.389
           1687         154.366
           1688         154.366
           1689         154.366
           1690         154.366
           1691         154.366
           1692         154.366
           1693         154.366
           1694         154.366
           1695         154.366
           1696         154.366
           1697         154.366
           1698         154.366
           1699         154.366
           1700         154.366
           1701         154.366
           1702         154.366
           1703         154.366
           1704         155.343
           1705         155.343
           1706         155.343
           1707         155.343
           1708         155.343
           1709         155.343
           1710         155.343
           1711         155.343
           1712         155.343
           1713         155.343
           1714         155.343
           1715         155.343
           1716         155.343
           1717         155.343
           1718         155.343
           1719         155.343
           1720         155.343
           1721         155.343
           1722         155.343
           1723         156.320
           1724         156.320
           1725         156.320
           1726         156.320
           1727         156.320
           1728         156.320
           1729         156.320
           1730         156.320
           1731         156.320
           1732         156.320
           1733         156.320
           1734         156.320
           1735         156.320
           1736         156.320
           1737         156.320
           1738         156.320
           1739         156.320
           1740         156.320
           1741         156.320
           1742         156.320
           1743         156.320
           1744         157.297
           1745         157.297
           1746         157.297
           1747         157.297
           1748         157.297
           1749         157.297
           1750         157.297
           1751         157.297
           1752         157.297
           1753         157.297
           1754         157.297
           1755         157.297
           1756         157.297
           1757         157.297
           1758         157.297
           1759         157.297
           1760         157.297
           1761         157.297
           1762         157.297
           1763         157.297
           1764         158.274
           1765         158.274
           1766         158.274
           1767         158.274
           1768         158.274
           1769         158.274
           1770         158.274
           1771         158.274
           1772         158.274
           1773         158.274
           1774         158.274
           1775         158.274
           1776         158.274
           1777         158.274
           1778         158.274
           1779         158.274
           1780         158.274
           1781         158.274
           1782         158.274
           1783         158.274
           1784         158.274
           1785         158.274
           1786         159.251
           1787         159.251
           1788         159.251
           1789         159.251
           1790         159.251
           1791         159.251
           1792         159.251
           1793         159.251
           1794         159.251
           1795         159.251
           1796         159.251
           1797         159.251
           1798         159.251
           1799         159.251
           1800         159.251
           1801         159.251
           1802         159.251
           1803         159.251
           1804         159.251
           1805         158.274
           1806         158.274
           1807         158.274
           1808         158.274
           1809         158.274
           1810         158.274
           1811         158.274
           1812         158.274
           1813         158.274
           1814         158.274
           1815         158.274
           1816         158.274
           1817         158.274
           1818         158.274
           1819         158.274
           1820         158.274
           1821         158.274
           1822         158.274
           1823         158.274
           1824         158.274
           1825         158.274
           1826         158.274
           1827         158.274
           1828         159.251
           1829         159.251
           1830         159.251
           1831         159.251
           1832         159.251
           1833         159.251
           1834         159.251
           1835         159.251
           1836         159.251
           1837         160.228
           1838         160.228
           1839         160.228
           1840         160.228
           1841         160.228
           1842         160.228
           1843         160.228
           1844         160.228
           1845         160.228
           1846         160.228
           1847         161.205
           1848         161.205
           1849         161.205
           1850         161.205
           1851         161.205
           1852         161.205
           1853         161.205
           1854         161.205
           1855         161.205
           1856         161.205
           1857         161.205
           1858         161.205
           1859         162.182
           1860         162.182
           1861         161.205
           1862         161.205
           1863         161.205
           1864         161.205
           1865         161.205
           1866         161.205
           1867         161.205
           1868         161.205
           1869         161.205
           1870         161.205
           1871         161.205
           1872         161.205
           1873         161.205
           1874         161.205
           1875         161.205
           1876         160.228
           1877         161.205
           1878         161.205
           1879         161.205
           1880         161.205
           1881         161.205
           1882         161.205
           1883         161.205
           1884         161.205
           1885         161.205
           1886         161.205
           1887         161.205
           1888         161.205
           1889         161.205
           1890         161.205
           1891         162.182
           1892         162.182
           1893         162.182
           1894         162.182
           1895         162.182
           1896         162.182
           1897         162.182
           1898         162.182
           1899         162.182
           1900         162.182
           1901         162.182
           1902         162.182
           1903         162.182
           1904         162.182
           1905         162.182
           1906         162.182
           1907         162.182
           1908         162.182
           1909         163.159
           1910         163.159
           1911         163.159
           1912         163.159
           1913         163.159
           1914         163.159
           1915         163.159
           1916         163.159
           1917         163.159
           1918         163.159
           1919         163.159
           1920         163.159
           1921         163.159
           1922         163.159
           1923         163.159
           1924         163.159
           1925         163.159
           1926         163.159
           1927         163.159
           1928         163.159
           1929         163.159
           1930         163.159
           1931         163.159
           1932         163.159
           1933         163.159
           1934         163.159
           1935         163.159
           1936         163.159
           1937         163.159
           1938         163.159
           1939         163.159
           1940         163.159
           1941         163.159
           1942         163.159
           1943         163.159
           1944         163.159
           1945         163.159
           1946         163.159
           1947         163.159
           1948         163.159
           1949         163.159
           1950         163.159
           1951         163.159
           1952         163.159
           1953         163.159
           1954         163.159
           1955         163.159
           1956         163.159
           1957         163.159
           1960         164.136
           1961         164.136
           1962         164.136
           1963         164.136
           1964         164.136
           1965         164.136
           1966         164.136
           1967         164.136
           1968         164.136
           1969         164.136
           1970         164.136
           1971         164.136
           1972         164.136
           1973         164.136
           1974         164.136
           1975         164.136
           1976         164.136
           1977         164.136
           1978         164.136
           1979         164.136
           1980         164.136
           1981         164.136
           1982         164.136
           1983         164.136
           1984         164.136
           1985         164.136
           1986         165.113
           1987         165.113
           1988         165.113
           1989         165.113
           1990         165.113
           1991         165.113
           1992         165.113
           1993         165.113
           1994         165.113
           1995         165.113
           1996         165.113
           1997         165.113
           1998         165.113
           1999         165.113
           2000         165.113
           2001         165.113
           2002         165.113
           2003         165.113
           2004         165.113
           2005         165.113
           2006         165.113
           2007         166.090
           2008         166.090
           2009         166.090
           2010         166.090
           2011         166.090
           2012         166.090
           2013         166.090
           2014         166.090
           2015         166.090
           2016         166.090
           2017         166.090
           2018         166.090
           2019         166.090
           2020         166.090
           2021         166.090
           2022         166.090
           2023         167.067
           2024         167.067
           2025         167.067
           2026         167.067
           2027         167.067
           2028         167.067
           2029         167.067
           2030         167.067
           2031         167.067
           2032         167.067
           2033         167.067
           2034         167.067
           2035         167.067
           2036         167.067
           2037         167.067
           2038         167.067
           2039         168.044
           2040         168.044
           2041         168.044
           2042         168.044
           2043         168.044
           2044         168.044
           2045         168.044
           2046         168.044
           2047         168.044
           2048         168.044
           2049         168.044
           2050         168.044
           2051         168.044
           2052         168.044
           2053         168.044
           2054         168.044
           2055         168.044
           2056         168.044
           2057         168.044
           2058         168.044
           2059         169.021
           2060         169.021
           2061         169.021
           2062         169.021
           2063         169.021
           2064         169.021
           2065         169.021
           2066         169.021
           2067         169.021
           2068         169.021
           2069         169.021
           2070         169.021
           2071         169.021
           2072         169.021
           2073         169.021
           2074         169.021
           2075         169.021
           2076         169.021
           2077         169.021
           2078         169.021
           2079         169.021
           2080         169.021
           2081         169.021
           2082         169.021
           2083         169.021
           2084         169.021
           2085         169.998
           2086         169.998
           2087         169.998
           2088         169.998
           2089         169.998
           2090         169.998
           2091         169.998
           2092         169.998
           2093         169.998
           2094         169.998
           2095         169.998
           2096         169.998
           2097         169.998
           2098         169.998
           2099         169.998
           2100         169.998
           2101         169.998
           2102         169.998
           2103         169.998
           2104         169.998
           2105         169.998
           2106         169.998
           2107         169.998
           2108         169.998
           2109         169.998
           2110         169.998
           2111         169.998
           2112         169.998
           2113         169.998
           2114         169.998
           2115         169.998
           2116         170.975
           2117         170.975
           2118         170.975
           2119         170.975
           2120         170.975
           2121         170.975
           2122         170.975
           2123         170.975
           2124         170.975
           2125         170.975
           2126         170.975
           2127         170.975
           2128         170.975
           2129         170.975
           2130         170.975
           2131         170.975
           2132         170.975
           2133         170.975
           2134         170.975
           2135         170.975
           2136         170.975
           2137         170.975
           2138         170.975
           2139         170.975
           2140         170.975
           2141         170.975
           2142         170.975
           2143         170.975
           2144         170.975
           2145         170.975
           2146         170.975
           2147         170.975
           2148         170.975
           2149         170.975
           2150         170.975
           2151         170.975
           2152         170.975
           2153         169.998
           2154         169.998
           2155         169.998
           2156         169.998
           2157         169.998
           2158         169.998
           2159         169.998
           2160         169.998
           2161         169.998
           2162         169.998
           2163         169.998
           2164         169.998
           2165         169.998
           2166         169.998
           2167         169.998
           2168         169.998
           2169         169.998
           2170         169.998
           2171         169.998
           2172         169.998
           2173         169.998
           2174         169.998
           2175         169.998
           2176         169.998
           2177         169.998
           2178         169.998
           2179         169.998
           2180         169.998
           2181         169.998
           2182         169.998
           2183         169.998
           2184         169.998
           2185         169.021
           2186         169.021
           2187         169.021
           2188         169.021
           2189         169.021
           2190         169.021
           2191         169.021
           2192         169.021
           2193         169.021
           2194         169.021
           2195         169.021
           2196         169.021
           2197         169.021
           2198         169.021
           2199         169.021
           2200         169.021
           2201         169.021
           2202         169.021
           2203         169.021
           2204         169.021
           2205         169.021
           2206         169.021
           2207         169.021
           2208         169.021
           2209         169.021
           2210         169.021
           2211         169.021
           2212         169.021
           2213         169.021
           2214         168.044
           2215         168.044
           2216         168.044
           2217         168.044
           2218         168.044
           2219         168.044
           2220         168.044
           2221         168.044
           2222         168.044
           2223         168.044
           2224         168.044
           2225         168.044
           2226         168.044
           2227         168.044
           2228         168.044
           2229         168.044
           2230         168.044
           2231         168.044
           2232         168.044
           2233         168.044
           2234         168.044
           2235         168.044
           2236         168.044
           2237         168.044
           2238         168.044
           2239         168.044
           2240         168.044
           2241         168.044
           2242         168.044
           2243         168.044
           2244         168.044
           2245         168.044
           2246         168.044
           2247         167.067
           2248         167.067
           2249         167.067
           2250         167.067
           2251         167.067
           2252         167.067
           2253         167.067
           2254         167.067
           2255         167.067
           2256         167.067
           2257         167.067
           2258         167.067
           2259         167.067
           2260         167.067
           2261         167.067
           2262         167.067
           2263         167.067
           2264         167.067
           2265         167.067
           2266         167.067
           2267         167.067
           2268         167.067
           2269         167.067
           2270         167.067
           2271         167.067
           2272         167.067
           2273         167.067
           2274         167.067
           2275         167.067
           2276         167.067
           2277         167.067
           2278         167.067
           2279         167.067
           2280         167.067
           2281         167.067
           2282         167.067
           2283         167.067
           2284         167.067
           2285         167.067
           2286         167.067
           2287         167.067
           2288         167.067
           2289         167.067
           2290         167.067
           2291         167.067
           2292         167.067
           2293         167.067
           2294         167.067
           2295         167.067
           2296         167.067
           2297         167.067
           2298         167.067
           2299         167.067
           2300         167.067
           2301         167.067
           2302         167.067
           2303         167.067
           2304         167.067
           2305         167.067
           2306         167.067
           2307         167.067
           2308         167.067
           2309         167.067
           2310         167.067
           2311         167.067
           2312         167.067
           2313         167.067
           2314         167.067
           2315         167.067
           2316         167.067
           2317         167.067
           2318         167.067
           2319         167.067
           2320         167.067
           2321         167.067
           2322         167.067
           2323         167.067
           2324         167.067
           2325         167.067
           2326         167.067
           2327         167.067
           2328         167.067
           2329         167.067
           2330         167.067
           2331         167.067
           2332         167.067
           2333         167.067
           2334         167.067
           2335         167.067
           2336         167.067
           2337         167.067
           2338         167.067
           2339         167.067
           2340         167.067
           2341         167.067
           2342         167.067
           2343         167.067
           2344         167.067
           2345         167.067
           2346         167.067
           2347         167.067
           2348         167.067
           2349         167.067
           2350         167.067
           2351         167.067
           2352         167.067
           2353         167.067
           2354         167.067
           2355         167.067
           2356         167.067
           2357         167.067
           2358         167.067
           2359         167.067
           2360         167.067
           2361         167.067
           2362         167.067
           2363         167.067
           2364         167.067
           2365         167.067
           2366         166.090
           2367         166.090
           2368         166.090
           2369         166.090
           2370         166.090
           2371         166.090
           2372         166.090
           2373         166.090
           2374         166.090
           2375         166.090
           2376         166.090
           2377         166.090
           2378         166.090
           2379         166.090
           2380         166.090
           2381         166.090
           2382         166.090
           2383         166.090
           2384         166.090
           2385         166.090
           2386         166.090
           2387         166.090
           2388         166.090
           2389         166.090
           2390         166.090
           2391         167.067
           2392         167.067
           2393         167.067
           2394         167.067
           2395         167.067
           2396         167.067
           2397         167.067
           2398         167.067
           2399         167.067
           2400         167.067
           2401         167.067
           2402         167.067
           2403         167.067
           2404         167.067
           2405         167.067
           2406         167.067
           2407         167.067
           2408         167.067
           2409         167.067
           2410         167.067
           2460         166.090
           2461         166.090
           2462         166.090
           2463         166.090
           2464         166.090
           2465         166.090
           2466         166.090
           2467         166.090
           2468         166.090
           2469         166.090
           2470         166.090
           2471         166.090
           2472         166.090
           2473         166.090
           2474         166.090
           2475         166.090
           2476         165.113
           2477         165.113
           2478         165.113
           2479         165.113
           2480         165.113
           2481         165.113
           2482         165.113
           2483         165.113
           2484         165.113
           2485         165.113
           2486         165.113
           2487         165.113
           2488         165.113
           2489         165.113
           2490         165.113
           2491         165.113
           2492         165.113
           2493         165.113
           2494         165.113
           2495         165.113
           2496         165.113
           2497         165.113
           2498         165.113
           2499         165.113
           2500         165.113
           2501         165.113
           2502         165.113
           2503         165.113
           2504         165.113
           2505         165.113
           2506         165.113
           2507         165.113
           2508         165.113
           2509         165.113
           2510         165.113
           2511         165.113
           2512         165.113
           2513         165.113
           2514         165.113
           2515         165.113
           2516         165.113
           2517         165.113
           2518         165.113
           2519         165.113
           2520         165.113
           2521         165.113
           2522         165.113
           2523         165.113
           2524         165.113
           2525         165.113
           2526         165.113
           2527         165.113
           2528         165.113
           2529         165.113
           2530         165.113
           2531         165.113
           2532         165.113
           2533         165.113
           2534         165.113
           2535         165.113
           2536         165.113
           2537         165.113
           2538         165.113
           2539         165.113
           2540         165.113
           2541         165.113
           2542         165.113
           2543         165.113
           2544         165.113
           2545         165.113
           2546         165.113
           2547         165.113
           2548         165.113
           2549         165.113
           2550         165.113
           2551         165.113
           2552         166.090
           2553         166.090
           2554         166.090
           2555         166.090
           2556         166.090
           2557         166.090
           2558         166.090
           2559         166.090
           2560         166.090
           2561         166.090
           2562         166.090
           2563         166.090
           2564         166.090
           2565         166.090
           2566         166.090
           2567         166.090
           2568         166.090
           2569         166.090
           2570         166.090
           2571         166.090
           2572         166.090
           2573         165.113
           2574         165.113
           2575         165.113
           2576         165.113
           2577         165.113
           2578         165.113
           2579         165.113
           2580         165.113
           2581         165.113
           2582         165.113
           2583         165.113
           2584         165.113
           2585         165.113
           2586         165.113
           2587         165.113
           2588         164.136
           2589         164.136
           2590         164.136
           2591         164.136
           2592         164.136
           2593         164.136
           2594         164.136
           2595         164.136
           2596         164.136
           2597         164.136
           2598         164.136
           2599         164.136
           2600         164.136
           2601         164.136
           2602         164.136
           2603         163.159
           2604         163.159
           2605         163.159
           2606         163.159
           2607         163.159
           2608         163.159
           2609         163.159
           2610         163.159
           2611         163.159
           2612         163.159
           2613         163.159
           2614         163.159
           2615         163.159
           2616         163.159
           2617         163.159
           2618         163.159
           2619         163.159
           2620         163.159
           2621         163.159
           2622         163.159
           2623         163.159
           2624         163.159
           2625         163.159
           2626         163.159
           2627         163.159
           2628         163.159
           2629         163.159
           2630         163.159
           2631         163.159
           2632         163.159
           2633         163.159
           2634         162.182
           2635         162.182
           2636         162.182
           2637         162.182
           2638         162.182
           2639         162.182
           2640         162.182
           2641         161.205
           2642         161.205
           2643         161.205
           2644         161.205
           2645         161.205
           2646         161.205
           2647         161.205
           2648         161.205
           2649         160.228
           2650         160.228
           2651         160.228
           2652         160.228
           2653         160.228
           2654         160.228
           2655         160.228
           2656         160.228
           2657         160.228
           2658         159.251
           2659         159.251
           2660         159.251
           2661         159.251
           2662         159.251
           2663         159.251
           2664         159.251
           2665         159.251
           2666         159.251
           2667         159.251
           2668         159.251
           2669         159.251
           2670         159.251
           2671         159.251
           2672         158.274
           2673         158.274
           2674         158.274
           2675         158.274
           2676         158.274
           2677         158.274
           2678         158.274
           2679         158.274
           2680         158.274
           2681         158.274
           2682         158.274
           2683         158.274
           2684         158.274
           2685         158.274
           2686         158.274
           2687         158.274
           2688         158.274
           2689         158.274
           2690         158.274
           2691         158.274
           2692         158.274
           2693         158.274
           2694         158.274
           2695         158.274
           2696         158.274
           2697         158.274
           2698         158.274
           2699         158.274
           2700         158.274
           2701         158.274
           2702         158.274
           2703         158.274
           2704         158.274
           2705         158.274
           2706         158.274
           2707         158.274
           2708         158.274
           2709         158.274
           2710         158.274
           2711         158.274
           2712         158.274
           2713         158.274
           2714         158.274
           2715         157.297
           2716         157.297
           2717         157.297
           2718         157.297
           2719         157.297
           2720         157.297
           2721         157.297
           2722         157.297
           2723         157.297
           2724         156.320
           2725         156.320
           2726         156.320
           2727         156.320
           2728         156.320
           2729         156.320
           2730         156.320
           2731         156.320
           2732         155.343
           2733         155.343
           2734         155.343
           2735         155.343
           2736         155.343
           2737         155.343
           2738         155.343
           2739         155.343
           2740         155.343
           2741         155.343
           2742         155.343
           2743         154.366
           2744         154.366
           2745         154.366
           2746         154.366
           2747         154.366
           2748         154.366
           2749         154.366
           2750         154.366
           2751         154.366
           2752         154.366
           2753         154.366
           2754         154.366
           2755         154.366
           2756         154.366
           2757         154.366
           2758         154.366
           2759         154.366
           2760         154.366
           2761         154.366
           2762         154.366
           2763         154.366
           2764         154.366
           2765         154.366
           2766         154.366
           2767         154.366
           2768         154.366
           2769         154.366
           2770         154.366
           2771         154.366
           2772         154.366
           2773         154.366
           2774         154.366
           2775         154.366
           2776         153.389
           2777         153.389
           2778         153.389
           2779         153.389
           2780         153.389
           2781         153.389
           2782         153.389
           2783         153.389
           2784         153.389
           2785         153.389
           2786         153.389
           2787         153.389
           2788         152.412
           2789         152.412
           2790         152.412
           2791         152.412
           2792         152.412
           2793         152.412
           2794         152.412
           2795         152.412
           2796         152.412
           2797         152.412
           2798         152.412
           2799         151.435
           2800         152.412
           2801         152.412
           2802         152.412
           2803         152.412
           2804         152.412
           2805         152.412
           2806         152.412
           2807         152.412
           2808         152.412
           2809         152.412
           2810         152.412
           2811         152.412
           2812         152.412
           2813         152.412
           2814         153.389
           2815         153.389
           2816         153.389
           2817         153.389
           2818         153.389
           2819         153.389
           2820         153.389
           2821         153.389
           2822         153.389
           2823         153.389
           2824         153.389
           2825         153.389
           2826         153.389
           2827         153.389
           2828         153.389
           2829         153.389
           2830         153.389
           2831         153.389
           2832         153.389
           2833         153.389
           2834         153.389
           2835         153.389
           2836         153.389
           2837         153.389
           2838         153.389
           2839         153.389
           2840         153.389
           2841         153.389
           2842         153.389
           2843         153.389
           2844         153.389
           2845         153.389
           2846         153.389
           2847         153.389
           2848         153.389
           2849         153.389
           2850         153.389
           2851         153.389
           2852         153.389
           2853         153.389
           2854         153.389
           2855         153.389
           2856         153.389
           2857         152.412
           2858         152.412
           2859         152.412
           2860         152.412
           2861         152.412
           2862         152.412
           2863         152.412
           2864         152.412
           2865         152.412
