TRACENO
              2         166.090
              3         166.090
              4         166.090
              5         166.090
              6         166.090
              7         166.090
              8         166.090
              9         166.090
             10         166.090
             11         166.090
             12         166.090
             13         166.090
             14         166.090
             15         166.090
             16         166.090
             17         166.090
             18         166.090
             19         166.090
             20         166.090
             21         166.090
             22         166.090
             23         166.090
             24         166.090
             25         166.090
             26         166.090
             27         166.090
             28         166.090
             29         166.090
             30         166.090
             31         166.090
             32         166.090
             33         166.090
             34         166.090
             35         166.090
             36         166.090
             37         166.090
             38         166.090
             39         166.090
             40         166.090
             41         166.090
             42         166.090
             43         166.090
             44         166.090
             45         166.090
             46         166.090
             47         166.090
             48         166.090
             49         166.090
             50         166.090
             51         166.090
             52         166.090
             53         166.090
             54         166.090
             55         166.090
             56         166.090
             57         166.090
             58         166.090
             59         166.090
             60         166.090
             61         166.090
             62         166.090
             63         166.090
             64         166.090
             65         166.090
             66         166.090
             67         166.090
             68         166.090
             69         166.090
             70         166.090
             71         166.090
             72         166.090
             73         167.067
             74         167.067
             75         167.067
             76         167.067
             77         167.067
             78         167.067
             79         167.067
             80         167.067
             81         167.067
             82         167.067
             83         167.067
             84         167.067
             85         167.067
             86         167.067
             87         167.067
             88         167.067
             89         167.067
             90         167.067
             91         167.067
             92         167.067
             93         167.067
             94         167.067
             95         167.067
             96         167.067
             97         167.067
             98         167.067
             99         167.067
            100         167.067
            101         167.067
            102         167.067
            103         167.067
            104         167.067
            105         167.067
            106         167.067
            107         167.067
            108         167.067
            109         167.067
            110         167.067
            111         167.067
            112         167.067
            113         167.067
            114         167.067
            115         167.067
            116         167.067
            117         167.067
            118         167.067
            119         167.067
            120         167.067
            121         167.067
            122         167.067
            123         167.067
            124         167.067
            125         167.067
            126         167.067
            127         167.067
            128         167.067
            129         167.067
            130         167.067
            131         167.067
            132         167.067
            133         167.067
            134         167.067
            135         167.067
            136         167.067
            137         167.067
            138         167.067
            139         167.067
            140         167.067
            141         167.067
            142         167.067
            143         167.067
            144         167.067
            145         167.067
            146         167.067
            147         167.067
            148         167.067
            149         167.067
            150         167.067
            151         167.067
            152         167.067
            153         167.067
            154         167.067
            155         167.067
            156         167.067
            157         167.067
            158         167.067
            159         167.067
            160         167.067
            161         167.067
            162         167.067
            163         166.090
            164         166.090
            165         166.090
            166         166.090
            167         166.090
            168         166.090
            169         166.090
            170         166.090
            171         166.090
            172         166.090
            173         166.090
            174         166.090
            175         166.090
            176         166.090
            177         166.090
            178         166.090
            179         166.090
            180         166.090
            181         166.090
            182         166.090
            183         166.090
            184         166.090
            185         166.090
            186         166.090
            187         166.090
            188         166.090
            189         166.090
            190         166.090
            191         166.090
            192         166.090
            193         166.090
            194         166.090
            195         166.090
            196         166.090
            197         166.090
            198         166.090
            199         166.090
            200         166.090
            201         166.090
            202         166.090
            203         166.090
            204         166.090
            205         166.090
            206         166.090
            207         166.090
            208         166.090
            209         166.090
            210         166.090
            211         166.090
            212         166.090
            213         166.090
            214         165.113
            215         165.113
            216         165.113
            217         165.113
            218         165.113
            219         165.113
            220         165.113
            221         165.113
            222         165.113
            223         164.136
            224         164.136
            225         164.136
            226         164.136
            227         164.136
            228         164.136
            229         164.136
            230         164.136
            231         164.136
            232         163.159
            233         163.159
            234         163.159
            235         163.159
            236         163.159
            237         163.159
            238         163.159
            239         163.159
            240         163.159
            241         163.159
            242         163.159
            243         163.159
            244         163.159
            245         163.159
            246         163.159
            247         163.159
            248         163.159
            249         163.159
            250         163.159
            251         163.159
            252         163.159
            253         163.159
            254         163.159
            255         163.159
            256         163.159
            257         163.159
            258         163.159
            259         162.182
            260         162.182
            261         162.182
            262         162.182
            263         162.182
            264         162.182
            265         162.182
            266         162.182
            267         162.182
            268         162.182
            269         162.182
            270         162.182
            271         162.182
            272         161.205
            273         161.205
            274         161.205
            275         161.205
            276         161.205
            277         161.205
            278         161.205
            279         161.205
            280         161.205
            281         161.205
            282         161.205
            283         161.205
            284         161.205
            285         161.205
            286         160.228
            287         160.228
            288         160.228
            289         160.228
            290         160.228
            291         160.228
            292         160.228
            293         160.228
            294         160.228
            295         160.228
            296         160.228
            297         160.228
            298         160.228
            299         159.251
            300         159.251
            301         159.251
            302         159.251
            303         159.251
            304         159.251
            305         159.251
            306         159.251
            307         159.251
            308         159.251
            309         158.274
            310         158.274
            311         158.274
            312         158.274
            313         158.274
            314         158.274
            315         158.274
            316         158.274
            317         158.274
            318         158.274
            319         158.274
            320         157.297
            321         157.297
            322         157.297
            323         157.297
            324         157.297
            325         157.297
            326         157.297
            327         157.297
            328         157.297
            329         157.297
            330         156.320
            331         156.320
            332         156.320
            333         156.320
            334         156.320
            335         156.320
            336         156.320
            337         156.320
            338         156.320
            339         156.320
            340         156.320
            341         156.320
            342         156.320
            343         156.320
            344         155.343
            345         155.343
            346         155.343
            347         155.343
            348         155.343
            349         155.343
            350         155.343
            351         155.343
            352         155.343
            353         155.343
            354         155.343
            355         155.343
            356         155.343
            357         154.366
            358         154.366
            359         154.366
            360         154.366
            361         154.366
            362         154.366
            363         154.366
            364         154.366
            365         154.366
            366         154.366
            367         154.366
            368         154.366
            369         154.366
            370         154.366
            371         153.389
            372         153.389
            373         153.389
            374         153.389
            375         153.389
            376         153.389
            377         153.389
            378         153.389
            379         153.389
            380         153.389
            381         153.389
            382         153.389
            383         153.389
            384         153.389
            385         152.412
            386         152.412
            387         152.412
            388         152.412
            389         152.412
            390         152.412
            391         152.412
            392         152.412
            393         152.412
            394         152.412
            395         152.412
            396         152.412
            397         152.412
            398         152.412
            399         151.435
            400         151.435
            401         151.435
            402         151.435
            403         151.435
            404         151.435
            405         151.435
            406         151.435
            407         151.435
            408         151.435
            409         151.435
            410         151.435
            411         151.435
            412         151.435
            413         151.435
            414         151.435
            415         150.458
            416         150.458
            417         150.458
            418         150.458
            419         150.458
            420         150.458
            421         150.458
            422         150.458
            423         150.458
            424         150.458
            425         150.458
            426         150.458
            427         150.458
            428         150.458
            429         150.458
            430         149.481
            431         149.481
            432         149.481
            433         149.481
            434         149.481
            435         149.481
            436         149.481
            437         149.481
            438         149.481
            439         149.481
            440         148.504
            441         148.504
            442         148.504
            443         148.504
            444         148.504
            445         148.504
            446         148.504
            447         148.504
            448         148.504
            449         148.504
            450         147.527
            451         147.527
            452         147.527
            453         147.527
            454         147.527
            455         147.527
            456         147.527
            457         147.527
            458         147.527
            459         147.527
            460         146.550
            461         146.550
            462         146.550
            463         146.550
            464         146.550
            465         146.550
            466         146.550
            467         146.550
            468         146.550
            469         146.550
            470         145.573
            471         145.573
            472         145.573
            473         145.573
            474         145.573
            475         145.573
            476         145.573
            477         145.573
            478         145.573
            479         145.573
            480         144.596
            481         144.596
            482         144.596
            483         144.596
            484         144.596
            485         144.596
            486         144.596
            487         144.596
            488         144.596
            489         144.596
            490         144.596
            491         143.619
            492         143.619
            493         143.619
            494         143.619
            495         143.619
            496         143.619
            497         143.619
            498         143.619
            499         143.619
            500         143.619
            501         143.619
            502         142.642
            503         142.642
            504         142.642
            505         142.642
            506         142.642
            507         142.642
            508         142.642
            509         142.642
            510         142.642
            511         142.642
            512         142.642
            513         142.642
            514         141.665
            515         141.665
            516         141.665
            517         141.665
            518         141.665
            519         141.665
            520         141.665
            521         141.665
            522         141.665
            523         141.665
            524         141.665
            525         141.665
            526         140.688
            527         140.688
            528         140.688
            529         140.688
            530         140.688
            531         140.688
            532         140.688
            533         140.688
            534         140.688
            535         140.688
            536         140.688
            537         140.688
            538         140.688
            539         139.711
            540         139.711
            541         139.711
            542         139.711
            543         139.711
            544         139.711
            545         139.711
            546         139.711
            547         139.711
            548         139.711
            549         139.711
            550         139.711
            551         139.711
            552         139.711
            553         138.734
            554         138.734
            555         138.734
            556         138.734
            557         138.734
            558         138.734
            559         138.734
            560         138.734
            561         138.734
            562         138.734
            563         138.734
            564         138.734
            565         138.734
            566         138.734
            567         138.734
            568         137.757
            569         137.757
            570         137.757
            571         137.757
            572         137.757
            573         137.757
            574         137.757
            575         137.757
            576         137.757
            577         137.757
            578         136.780
            579         136.780
            580         136.780
            581         136.780
            582         136.780
            583         136.780
            584         136.780
            585         136.780
            586         135.803
            587         135.803
            588         135.803
            589         135.803
            590         135.803
            591         135.803
            592         135.803
            593         135.803
            594         134.826
            595         134.826
            596         134.826
            597         134.826
            598         134.826
            599         134.826
            600         134.826
            601         134.826
            602         133.849
            603         133.849
            604         133.849
            605         133.849
            606         133.849
            607         133.849
            608         133.849
            609         133.849
            610         133.849
            611         132.872
            612         132.872
            613         132.872
            614         132.872
            615         132.872
            616         132.872
            617         132.872
            618         132.872
            619         132.872
            620         132.872
            621         132.872
            622         132.872
            623         132.872
            624         131.895
            625         131.895
            626         131.895
            627         131.895
            628         131.895
            629         131.895
            630         131.895
            631         131.895
            632         131.895
            633         131.895
            634         131.895
            635         131.895
            636         131.895
            637         130.918
            638         130.918
            639         130.918
            640         130.918
            641         130.918
            642         130.918
            643         130.918
            644         130.918
            645         130.918
            646         130.918
            647         130.918
            648         130.918
            649         130.918
            650         130.918
            651         129.941
            652         129.941
            653         129.941
            654         129.941
            655         129.941
            656         129.941
            657         129.941
            658         129.941
            659         129.941
            660         129.941
            661         129.941
            662         129.941
            663         128.964
            664         128.964
            665         128.964
            666         128.964
            667         128.964
            668         128.964
            669         128.964
            670         128.964
            671         128.964
            672         128.964
            673         127.987
            674         127.987
            675         127.987
            676         127.987
            677         127.987
            678         127.987
            679         127.987
            680         127.987
            681         127.987
            682         127.987
            683         127.010
            684         127.010
            685         127.010
            686         127.010
            687         127.010
            688         127.010
            689         127.010
            690         127.010
            691         127.010
            692         127.010
            693         126.033
            694         126.033
            695         126.033
            696         126.033
            697         126.033
            698         126.033
            699         126.033
            700         126.033
            701         126.033
            702         126.033
            703         126.033
            704         126.033
            705         125.056
            706         125.056
            707         125.056
            708         125.056
            709         125.056
            710         125.056
            711         125.056
            712         125.056
            713         125.056
            714         125.056
            715         125.056
            716         125.056
            717         125.056
            718         124.079
            719         124.079
            720         124.079
            721         124.079
            722         124.079
            723         124.079
            724         124.079
            725         124.079
            726         124.079
            727         124.079
            728         124.079
            729         124.079
            730         124.079
            731         123.102
            732         123.102
            733         123.102
            734         123.102
            735         123.102
            736         123.102
            737         123.102
            738         123.102
            739         123.102
            740         123.102
            741         123.102
            742         123.102
            743         122.125
            744         122.125
            745         122.125
            746         122.125
            747         122.125
            748         122.125
            749         122.125
            750         122.125
            751         122.125
            752         122.125
            753         122.125
            754         121.148
            755         121.148
            756         121.148
            757         121.148
            758         121.148
            759         121.148
            760         121.148
            761         121.148
            762         121.148
            763         121.148
            764         120.171
            765         120.171
            766         120.171
            767         120.171
            768         120.171
            769         120.171
            770         120.171
            771         120.171
            772         120.171
            773         120.171
            774         120.171
            775         119.194
            776         119.194
            777         119.194
            778         119.194
            779         119.194
            780         119.194
            781         119.194
            782         119.194
            783         119.194
            784         119.194
            785         118.217
            786         118.217
            787         118.217
            788         118.217
            789         118.217
            790         118.217
            791         118.217
            792         118.217
            793         118.217
            794         118.217
            795         118.217
            796         118.217
            797         118.217
            798         118.217
            799         118.217
            800         118.217
            801         118.217
            802         118.217
            803         118.217
            804         118.217
            805         118.217
            806         118.217
            807         118.217
            808         118.217
            809         117.240
            810         117.240
            811         117.240
            812         117.240
            813         117.240
            814         117.240
            815         117.240
            816         117.240
            817         117.240
            818         117.240
            819         117.240
            820         117.240
            821         117.240
            822         117.240
            823         117.240
            824         117.240
            825         117.240
            826         117.240
            827         117.240
            828         117.240
            829         117.240
            830         117.240
            831         117.240
            832         117.240
            833         117.240
            834         117.240
            835         117.240
            836         117.240
            837         117.240
            838         117.240
            839         117.240
            840         117.240
            841         117.240
            842         117.240
            843         117.240
            844         117.240
            845         117.240
            846         117.240
            847         117.240
            848         117.240
            849         117.240
            850         117.240
            851         117.240
            852         117.240
            853         117.240
            854         117.240
            855         117.240
            856         117.240
            857         117.240
            858         117.240
            859         116.263
            860         116.263
            861         116.263
            862         116.263
            863         116.263
            864         116.263
            865         116.263
            866         116.263
            867         116.263
            868         116.263
            869         116.263
            870         116.263
            871         116.263
            872         116.263
            873         116.263
            874         116.263
            875         116.263
            876         116.263
            877         116.263
            878         116.263
            879         116.263
            880         116.263
            881         116.263
            882         116.263
            883         116.263
            884         116.263
            885         116.263
            886         116.263
            887         116.263
            888         116.263
            889         116.263
            890         115.286
            891         115.286
            892         115.286
            893         115.286
            894         115.286
            895         115.286
            896         115.286
            897         115.286
            898         115.286
            899         115.286
            900         115.286
            901         115.286
            902         115.286
            903         115.286
            904         115.286
            905         115.286
            906         115.286
            907         115.286
            908         115.286
            909         114.309
            910         114.309
            911         114.309
            912         114.309
            913         114.309
            914         114.309
            915         114.309
            916         114.309
            917         114.309
            918         114.309
            919         114.309
            920         114.309
            921         114.309
            922         114.309
            923         114.309
            924         114.309
            925         114.309
            926         114.309
            927         114.309
            928         113.332
            929         113.332
            930         113.332
            931         113.332
            932         113.332
            933         113.332
            934         113.332
            935         113.332
            936         113.332
            937         113.332
            938         113.332
            939         113.332
            940         113.332
            941         113.332
            942         113.332
            943         113.332
            944         113.332
            945         113.332
            946         113.332
            947         113.332
            948         113.332
            949         113.332
            950         113.332
            951         113.332
            952         113.332
            953         113.332
            954         113.332
            955         113.332
            956         113.332
            957         113.332
            958         113.332
            959         113.332
            960         113.332
            961         113.332
            962         113.332
            963         113.332
            964         113.332
            965         113.332
            966         113.332
            967         113.332
            968         113.332
            969         113.332
            970         113.332
            971         113.332
            972         113.332
            973         113.332
            974         113.332
            975         113.332
            976         113.332
            977         113.332
            978         113.332
            979         113.332
            980         113.332
            981         113.332
            982         113.332
            983         113.332
            984         113.332
            985         113.332
            986         113.332
            987         113.332
            988         113.332
            989         113.332
            990         113.332
            991         113.332
            992         113.332
            993         113.332
            994         113.332
            995         113.332
            996         113.332
            997         113.332
            998         113.332
            999         113.332
           1000         113.332
           1001         113.332
           1002         113.332
           1003         113.332
           1004         113.332
           1005         113.332
           1006         113.332
           1007         113.332
           1008         113.332
           1009         113.332
           1010         113.332
           1011         113.332
           1012         113.332
           1013         113.332
           1014         113.332
           1015         113.332
           1016         113.332
           1017         113.332
           1018         113.332
           1019         113.332
           1020         113.332
           1021         113.332
           1022         113.332
           1023         113.332
           1024         113.332
           1025         113.332
           1026         113.332
           1027         113.332
           1028         113.332
           1029         113.332
           1030         113.332
           1031         113.332
           1032         113.332
           1033         113.332
           1034         113.332
           1035         113.332
           1036         113.332
           1037         113.332
           1038         113.332
           1039         113.332
           1040         113.332
           1041         113.332
           1042         113.332
           1043         113.332
           1044         113.332
           1045         114.309
           1046         114.309
           1047         114.309
           1048         114.309
           1049         114.309
           1050         114.309
           1051         114.309
           1052         114.309
           1053         114.309
           1054         114.309
           1055         114.309
           1056         114.309
           1057         114.309
           1058         114.309
           1059         114.309
           1060         114.309
           1061         114.309
           1062         114.309
           1063         114.309
           1064         114.309
           1065         114.309
           1066         114.309
           1067         114.309
           1068         114.309
           1069         114.309
           1070         114.309
           1071         114.309
           1072         114.309
           1073         114.309
           1074         114.309
           1075         114.309
           1076         114.309
           1077         114.309
           1078         114.309
           1079         114.309
           1080         114.309
           1081         114.309
           1082         114.309
           1083         114.309
           1084         114.309
           1085         114.309
           1086         114.309
           1087         115.286
           1088         115.286
           1089         115.286
           1090         115.286
           1091         115.286
           1092         115.286
           1093         115.286
           1094         115.286
           1095         115.286
           1096         115.286
           1097         115.286
           1098         115.286
           1099         115.286
           1100         115.286
           1101         115.286
           1102         115.286
           1103         115.286
           1104         115.286
           1105         115.286
           1106         115.286
           1107         115.286
           1108         115.286
           1109         115.286
           1110         115.286
           1111         116.263
           1112         116.263
           1113         116.263
           1114         116.263
           1115         116.263
           1116         116.263
           1117         116.263
           1118         116.263
           1119         116.263
           1120         116.263
           1121         116.263
           1122         116.263
           1123         116.263
           1124         117.240
           1125         117.240
           1126         117.240
           1127         117.240
           1128         117.240
           1129         117.240
           1130         117.240
           1131         117.240
           1132         117.240
           1133         117.240
           1134         117.240
           1135         117.240
           1136         117.240
           1137         117.240
           1138         117.240
           1139         117.240
           1140         117.240
           1141         117.240
           1142         117.240
           1143         117.240
           1144         118.217
           1145         118.217
           1146         118.217
           1147         118.217
           1148         118.217
           1149         118.217
           1150         118.217
           1151         118.217
           1152         118.217
           1153         118.217
           1154         118.217
           1155         118.217
           1156         118.217
           1157         118.217
           1158         118.217
           1159         118.217
           1160         118.217
           1161         118.217
           1162         118.217
           1163         118.217
           1164         118.217
           1165         118.217
           1166         118.217
           1167         118.217
           1168         118.217
           1169         118.217
           1170         118.217
           1171         118.217
           1172         118.217
           1173         118.217
           1174         119.194
           1175         119.194
           1176         119.194
           1177         119.194
           1178         119.194
           1179         119.194
           1180         119.194
           1181         119.194
           1182         119.194
           1183         119.194
           1184         119.194
           1185         119.194
           1186         119.194
           1187         119.194
           1188         119.194
           1189         119.194
           1190         119.194
           1191         119.194
           1192         119.194
           1193         119.194
           1194         119.194
           1195         119.194
           1196         119.194
           1197         119.194
           1198         119.194
           1199         119.194
           1200         119.194
           1201         120.171
           1202         120.171
           1203         120.171
           1204         120.171
           1205         120.171
           1206         120.171
           1207         120.171
           1208         120.171
           1209         120.171
           1210         120.171
           1211         120.171
           1212         120.171
           1213         120.171
           1214         120.171
           1215         120.171
           1216         120.171
           1217         120.171
           1218         120.171
           1219         120.171
           1220         120.171
           1221         120.171
           1222         120.171
           1223         121.148
           1224         121.148
           1225         121.148
           1226         121.148
           1227         121.148
           1228         121.148
           1229         121.148
           1230         121.148
           1231         121.148
           1232         121.148
           1233         121.148
           1234         121.148
           1235         121.148
           1236         121.148
           1237         121.148
           1238         121.148
           1239         121.148
           1240         121.148
           1241         121.148
           1242         121.148
           1243         121.148
           1244         121.148
           1245         121.148
           1246         121.148
           1247         121.148
           1248         121.148
           1249         121.148
           1250         121.148
           1251         121.148
           1252         121.148
           1253         121.148
           1254         121.148
           1255         121.148
           1256         121.148
           1257         121.148
           1258         121.148
           1259         121.148
           1260         121.148
           1261         121.148
           1262         121.148
           1263         121.148
           1264         121.148
           1265         121.148
           1266         121.148
           1267         121.148
           1268         121.148
           1269         121.148
           1270         121.148
           1271         121.148
           1272         121.148
           1273         121.148
           1274         121.148
           1275         121.148
           1276         121.148
           1277         121.148
           1278         120.171
           1279         120.171
           1280         120.171
           1281         120.171
           1282         120.171
           1283         120.171
           1284         120.171
           1285         120.171
           1286         120.171
           1287         120.171
           1288         120.171
           1289         120.171
           1290         120.171
           1291         120.171
           1292         120.171
           1293         120.171
           1294         120.171
           1295         119.194
           1296         119.194
           1297         119.194
           1298         119.194
           1299         119.194
           1300         119.194
           1301         119.194
           1302         119.194
           1303         119.194
           1304         119.194
           1305         119.194
           1306         119.194
           1307         119.194
           1308         119.194
           1309         118.217
           1310         118.217
           1311         118.217
           1312         118.217
           1313         118.217
           1314         118.217
           1315         118.217
           1316         118.217
           1317         118.217
           1318         118.217
           1319         118.217
           1320         118.217
           1321         118.217
           1322         118.217
           1323         118.217
           1324         118.217
           1325         118.217
           1326         118.217
           1327         118.217
           1328         118.217
           1329         118.217
           1330         118.217
           1331         118.217
           1332         118.217
           1333         118.217
           1334         118.217
           1335         118.217
           1336         118.217
           1337         118.217
           1338         118.217
           1339         118.217
           1340         118.217
           1341         118.217
           1342         118.217
           1343         118.217
           1344         118.217
           1345         118.217
           1346         118.217
           1347         118.217
           1348         118.217
           1349         118.217
           1350         118.217
           1351         118.217
           1352         118.217
           1353         118.217
           1354         118.217
           1355         118.217
           1356         118.217
           1357         118.217
           1358         118.217
           1359         118.217
           1360         118.217
           1361         118.217
           1362         117.240
           1363         117.240
           1364         117.240
           1365         117.240
           1366         117.240
           1367         117.240
           1368         117.240
           1369         117.240
           1370         117.240
           1371         117.240
           1372         117.240
           1373         117.240
           1374         117.240
           1375         117.240
           1376         117.240
           1377         117.240
           1378         117.240
           1379         117.240
           1380         117.240
           1381         117.240
           1382         116.263
           1383         116.263
           1384         116.263
           1385         116.263
           1386         116.263
           1387         116.263
           1388         116.263
           1389         116.263
           1390         116.263
           1391         116.263
           1392         116.263
           1393         116.263
           1394         115.286
           1395         115.286
           1396         115.286
           1397         115.286
           1398         115.286
           1399         115.286
           1400         115.286
           1401         115.286
           1402         115.286
           1403         115.286
           1404         115.286
           1405         115.286
           1406         114.309
           1407         114.309
           1408         114.309
           1409         114.309
           1410         114.309
           1411         114.309
           1412         114.309
           1413         114.309
           1414         114.309
           1415         114.309
           1416         114.309
           1417         114.309
           1418         114.309
           1419         114.309
           1420         113.332
           1421         113.332
           1422         113.332
           1423         113.332
           1424         113.332
           1425         113.332
           1426         113.332
           1427         113.332
           1428         113.332
           1429         113.332
           1430         113.332
           1431         113.332
           1432         113.332
           1433         113.332
           1434         113.332
           1435         113.332
           1436         113.332
           1437         113.332
           1438         112.355
           1439         112.355
           1440         112.355
           1441         112.355
           1442         112.355
           1443         112.355
           1444         112.355
           1445         112.355
           1446         112.355
           1447         112.355
           1448         112.355
           1449         112.355
           1450         112.355
           1451         112.355
           1452         112.355
           1453         112.355
           1454         112.355
           1455         112.355
           1456         112.355
           1457         112.355
           1458         112.355
           1459         112.355
           1460         112.355
           1461         112.355
           1462         112.355
           1463         112.355
           1464         112.355
           1465         112.355
           1466         112.355
           1467         112.355
           1468         112.355
           1469         111.378
           1470         111.378
           1471         111.378
           1472         111.378
           1473         111.378
           1474         111.378
           1475         111.378
           1476         110.401
           1477         110.401
           1478         110.401
           1479         110.401
           1480         110.401
           1481         110.401
           1482         110.401
           1483         110.401
           1484         109.424
           1485         109.424
           1486         109.424
           1487         109.424
           1488         109.424
           1489         109.424
           1490         109.424
           1491         109.424
           1492         109.424
           1493         109.424
           1494         109.424
           1495         109.424
           1496         109.424
           1497         109.424
           1498         109.424
           1499         108.447
           1500         108.447
           1501         108.447
           1502         108.447
           1503         108.447
           1504         108.447
           1505         108.447
           1506         108.447
           1507         108.447
           1508         108.447
           1509         108.447
           1510         108.447
           1511         108.447
           1512         108.447
           1513         108.447
           1514         108.447
           1515         108.447
           1516         108.447
           1517         108.447
           1518         108.447
           1519         108.447
           1520         108.447
           1521         108.447
           1522         108.447
           1523         108.447
           1524         108.447
           1525         108.447
           1526         108.447
           1527         108.447
           1528         108.447
           1529         108.447
           1530         108.447
           1531         108.447
           1532         108.447
           1533         108.447
           1534         108.447
           1535         108.447
           1536         108.447
           1537         108.447
           1538         108.447
           1539         108.447
           1540         108.447
           1541         108.447
           1542         108.447
           1543         108.447
           1544         108.447
           1545         108.447
           1546         108.447
           1547         108.447
           1548         108.447
           1549         108.447
           1550         107.470
           1551         107.470
           1552         107.470
           1553         107.470
           1554         107.470
