TRACENO
            130         111.378
            131         111.378
            132         111.378
            133         111.378
            134         111.378
            135         111.378
            136         111.378
            137         111.378
            138         111.378
            139         111.378
            140         111.378
            141         111.378
            142         111.378
            143         111.378
            144         111.378
            145         111.378
            146         111.378
            147         111.378
            148         111.378
            149         111.378
            150         111.378
            151         111.378
            152         111.378
            153         111.378
            154         111.378
            155         111.378
            156         111.378
            157         111.378
            158         111.378
            159         111.378
            160         111.378
            161         111.378
            162         111.378
            163         111.378
            164         110.401
            165         110.401
            166         110.401
            167         110.401
            168         110.401
            169         110.401
            170         110.401
            171         110.401
            172         110.401
            173         110.401
            174         110.401
            175         110.401
            176         110.401
            177         110.401
            178         110.401
            179         110.401
            180         110.401
            181         110.401
            182         110.401
            183         110.401
            184         110.401
            185         110.401
            186         110.401
            187         110.401
            188         110.401
            189         110.401
            190         110.401
            191         110.401
            192         110.401
            193         110.401
            194         110.401
            195         110.401
            196         110.401
            197         110.401
            198         110.401
            199         110.401
            200         110.401
            201         110.401
            202         110.401
            203         110.401
            204         110.401
            205         110.401
            206         110.401
            207         110.401
            208         110.401
            209         110.401
            210         110.401
            211         110.401
            212         110.401
            213         110.401
            214         110.401
            215         110.401
            216         110.401
            217         110.401
            218         110.401
            219         110.401
            220         110.401
            221         110.401
            222         110.401
            223         110.401
            224         110.401
            225         110.401
            226         110.401
            227         110.401
            228         110.401
            229         110.401
            230         110.401
            231         110.401
            232         110.401
            233         110.401
            234         110.401
            235         110.401
            236         110.401
            237         110.401
            238         110.401
            239         110.401
            240         110.401
            241         110.401
            242         110.401
            243         110.401
            244         110.401
            245         110.401
            246         110.401
            247         110.401
            248         110.401
            249         111.378
            250         111.378
            251         111.378
            252         111.378
            253         111.378
            254         111.378
            255         111.378
            256         111.378
            257         111.378
            258         111.378
            259         111.378
            260         111.378
            261         111.378
            262         111.378
            263         111.378
            264         111.378
            265         111.378
            266         112.355
            267         112.355
            268         112.355
            269         112.355
            270         113.332
            271         113.332
            272         113.332
            273         113.332
            274         113.332
            275         114.309
            276         114.309
            277         114.309
            278         114.309
            279         114.309
            280         114.309
            281         114.309
            282         114.309
            283         114.309
            284         114.309
            285         114.309
            286         114.309
            287         114.309
            288         114.309
            289         114.309
            290         114.309
            291         114.309
            292         114.309
            293         115.286
            294         115.286
            295         115.286
            296         115.286
            297         115.286
            298         115.286
            299         115.286
            300         115.286
            301         115.286
            302         115.286
            303         115.286
            304         115.286
            305         115.286
            306         115.286
            307         115.286
            308         115.286
            309         115.286
            310         115.286
            311         115.286
            312         115.286
            313         115.286
            314         115.286
            315         115.286
            316         115.286
            317         115.286
            318         115.286
            319         115.286
            320         115.286
            321         115.286
            322         115.286
            323         115.286
            324         115.286
            325         115.286
            326         115.286
            327         115.286
            328         115.286
            329         116.263
            330         116.263
            331         116.263
            332         116.263
            333         116.263
            334         116.263
            335         116.263
            336         116.263
            337         116.263
            338         116.263
            339         116.263
            340         116.263
            341         116.263
            342         117.240
            343         117.240
            344         117.240
            345         117.240
            346         117.240
            347         117.240
            348         117.240
            349         117.240
            350         117.240
            351         117.240
            352         117.240
            353         117.240
            354         117.240
            355         117.240
            356         117.240
            357         117.240
            358         117.240
            359         117.240
            360         117.240
            361         117.240
            362         117.240
            363         117.240
            364         117.240
            365         117.240
            366         117.240
            367         117.240
            368         117.240
            369         117.240
            370         117.240
            371         117.240
            372         117.240
            373         117.240
            374         117.240
            375         117.240
            376         117.240
            377         117.240
            378         118.217
            379         118.217
            380         118.217
            381         118.217
            382         118.217
            383         118.217
            384         118.217
            385         118.217
            386         118.217
            387         118.217
            388         118.217
            389         118.217
            390         118.217
            391         118.217
            392         118.217
            393         118.217
            394         118.217
            395         118.217
            396         118.217
            397         118.217
            398         118.217
            399         118.217
            400         118.217
            401         118.217
            402         118.217
            403         118.217
            404         118.217
            405         118.217
            406         118.217
            407         118.217
            408         118.217
            409         118.217
            410         118.217
            411         118.217
            412         119.194
            413         119.194
            414         119.194
            415         119.194
            416         119.194
            417         119.194
            418         119.194
            419         119.194
            420         119.194
            421         119.194
            422         119.194
            423         119.194
            424         119.194
            425         119.194
            426         119.194
            427         119.194
            428         119.194
            429         119.194
            430         119.194
            431         119.194
            432         119.194
            433         119.194
            434         119.194
            435         119.194
            436         119.194
            437         119.194
            438         119.194
            439         119.194
            440         119.194
            441         119.194
            442         119.194
            443         119.194
            444         119.194
            445         119.194
            446         119.194
            447         119.194
            448         119.194
            449         119.194
            450         119.194
            451         119.194
            452         119.194
            453         119.194
            454         119.194
            455         119.194
            456         119.194
            457         119.194
            458         120.171
            459         120.171
            460         120.171
            461         120.171
            462         120.171
            463         120.171
            464         120.171
            465         120.171
            466         120.171
            467         120.171
            468         120.171
            469         120.171
            470         120.171
            471         120.171
            472         120.171
            473         120.171
            474         120.171
            475         120.171
            476         121.148
            477         121.148
            478         121.148
            479         121.148
            480         121.148
            481         121.148
            482         121.148
            483         121.148
            484         122.125
            485         122.125
            486         122.125
            487         122.125
            488         122.125
            489         122.125
            490         122.125
            491         122.125
            492         122.125
            493         122.125
            494         123.102
            495         123.102
            496         123.102
            497         123.102
            498         123.102
            499         124.079
            500         124.079
            501         124.079
            502         124.079
            503         124.079
            504         124.079
            505         124.079
            506         124.079
            507         124.079
            508         124.079
            509         124.079
            510         124.079
            511         124.079
            512         124.079
            513         124.079
            514         124.079
            515         124.079
            516         124.079
            517         124.079
            518         124.079
            519         124.079
            520         124.079
            521         124.079
            522         124.079
            523         124.079
            524         124.079
            525         124.079
            526         124.079
            527         123.102
            528         123.102
            529         123.102
            530         123.102
            531         123.102
            532         123.102
            533         123.102
            534         123.102
            535         123.102
            536         123.102
            537         123.102
            538         123.102
            539         123.102
            540         123.102
            541         123.102
            542         123.102
            543         123.102
            544         123.102
            545         123.102
            546         123.102
            547         123.102
            548         123.102
            549         123.102
            550         124.079
            551         124.079
            552         124.079
            553         124.079
            554         124.079
            555         124.079
            556         124.079
            557         124.079
            558         124.079
            559         124.079
            560         124.079
            561         124.079
            562         124.079
            563         124.079
            564         124.079
            565         124.079
            566         124.079
            567         124.079
            568         124.079
            569         124.079
            570         124.079
            571         124.079
            572         124.079
            573         124.079
            574         124.079
            575         124.079
            576         124.079
            577         123.102
            578         123.102
            579         123.102
            580         123.102
            581         123.102
            582         123.102
            583         123.102
            584         123.102
            585         123.102
            586         123.102
            587         123.102
            588         123.102
            589         123.102
            590         123.102
            591         123.102
            592         123.102
            593         123.102
            594         123.102
            595         123.102
            596         123.102
            597         123.102
            598         123.102
            599         123.102
            600         123.102
            601         123.102
            602         123.102
            603         123.102
            604         123.102
            605         123.102
            606         123.102
            607         123.102
            608         123.102
            609         124.079
            610         124.079
            611         124.079
            612         124.079
            613         124.079
            614         124.079
            615         124.079
            616         124.079
            617         124.079
            618         124.079
            619         124.079
            620         124.079
            621         124.079
            622         124.079
            623         124.079
            624         124.079
            625         124.079
            626         124.079
            627         124.079
            628         124.079
            629         124.079
            630         124.079
            631         124.079
            632         124.079
            633         124.079
            634         124.079
            635         124.079
            636         124.079
            637         124.079
            638         124.079
            639         124.079
            640         124.079
            641         124.079
            642         124.079
            643         124.079
            644         124.079
            645         124.079
            646         124.079
            647         124.079
            648         124.079
            649         124.079
            650         124.079
            651         124.079
            652         124.079
            653         123.102
            654         123.102
