TRACENO
              1         112.355
              2         112.355
              3         112.355
              4         112.355
              5         112.355
              6         112.355
              7         112.355
              8         112.355
              9         112.355
             10         112.355
             11         112.355
             12         112.355
             13         112.355
             14         112.355
             15         112.355
             16         112.355
             17         112.355
             18         112.355
             19         112.355
             20         112.355
             21         112.355
             22         112.355
             23         112.355
             24         112.355
             25         112.355
             26         112.355
             27         112.355
             28         112.355
             29         112.355
             30         112.355
             31         112.355
             32         112.355
             33         112.355
             34         112.355
             35         112.355
             36         112.355
             37         112.355
             38         112.355
             39         112.355
             40         112.355
             41         112.355
             42         113.332
             43         113.332
             44         113.332
             45         113.332
             46         113.332
             47         113.332
             48         113.332
             49         113.332
             50         114.309
             51         114.309
             52         114.309
             53         114.309
             54         114.309
             55         114.309
             56         114.309
             57         114.309
             58         114.309
             59         115.286
             60         115.286
             61         115.286
             62         115.286
             63         115.286
             64         115.286
             65         115.286
             66         115.286
             67         115.286
             68         115.286
             69         115.286
             70         115.286
             71         115.286
             72         116.263
             73         116.263
             74         116.263
             75         116.263
             76         116.263
             77         116.263
             78         116.263
             79         116.263
             80         116.263
             81         116.263
             82         116.263
             83         116.263
             84         116.263
             85         116.263
             86         116.263
             87         116.263
             88         116.263
             89         116.263
             90         117.240
             91         117.240
             92         117.240
             93         118.217
             94         118.217
             95         118.217
             96         118.217
             97         119.194
             98         119.194
             99         119.194
            100         119.194
            101         119.194
            102         119.194
            103         119.194
            104         119.194
            105         119.194
            106         120.171
            107         120.171
            108         121.148
            109         121.148
            110         121.148
            111         122.125
            112         122.125
            113         123.102
            114         123.102
            115         123.102
            116         123.102
            117         123.102
            118         123.102
            119         123.102
            120         123.102
            121         123.102
            122         123.102
            123         123.102
            124         123.102
            125         124.079
            126         124.079
            127         124.079
            128         124.079
            129         124.079
            130         124.079
            131         124.079
            132         124.079
            133         124.079
            134         124.079
            135         124.079
            136         124.079
            137         124.079
            138         124.079
            139         124.079
            140         124.079
            141         124.079
            142         124.079
            143         124.079
            144         124.079
            145         125.056
            146         125.056
            147         125.056
            148         125.056
            149         125.056
            150         125.056
            151         125.056
            152         125.056
            153         125.056
            154         125.056
            155         125.056
            156         125.056
            157         125.056
            158         125.056
            159         125.056
            160         125.056
            161         125.056
            162         125.056
            163         125.056
            164         125.056
            165         125.056
            166         125.056
            167         125.056
            168         125.056
            169         125.056
            170         125.056
            171         125.056
            172         125.056
            173         126.033
            174         126.033
            175         127.010
            176         127.010
            177         127.010
            178         127.010
            179         127.010
            180         127.010
            181         127.010
            182         127.010
            183         127.010
            184         127.010
            185         127.010
            186         126.033
            187         126.033
            188         126.033
            189         126.033
            190         126.033
            191         126.033
            192         126.033
            193         126.033
            194         126.033
            195         126.033
            196         126.033
            197         126.033
            198         126.033
            199         126.033
            200         126.033
            201         127.010
            202         127.010
            203         127.010
            204         127.010
            205         127.010
            206         127.987
            207         127.987
            208         127.987
            209         127.987
            210         128.964
            211         128.964
            212         128.964
            213         128.964
            214         128.964
            215         129.941
            216         129.941
            217         129.941
            218         129.941
            219         129.941
            220         129.941
            221         129.941
            222         130.918
            223         130.918
            224         130.918
            225         130.918
            226         130.918
            227         130.918
            228         130.918
            229         130.918
            230         130.918
            231         130.918
            232         130.918
            233         130.918
            234         130.918
            235         130.918
            236         130.918
            237         130.918
            238         131.895
            239         131.895
            240         131.895
            241         131.895
            242         131.895
            243         131.895
            244         131.895
            245         131.895
            246         131.895
            247         131.895
            248         132.872
            249         132.872
            250         132.872
            251         132.872
            252         132.872
            253         132.872
            254         132.872
            255         132.872
            256         132.872
            257         132.872
            258         132.872
            259         132.872
            260         132.872
            261         132.872
            262         132.872
            263         132.872
            264         132.872
            265         132.872
            266         131.895
            267         131.895
            268         131.895
            269         131.895
            270         132.872
            271         132.872
            272         133.849
            273         133.849
            274         133.849
            275         133.849
            276         132.872
            277         132.872
            278         132.872
            279         132.872
            280         132.872
            281         132.872
            282         132.872
            283         132.872
            284         133.849
            285         133.849
            286         133.849
            287         133.849
            288         134.826
            289         134.826
            290         134.826
            291         134.826
            292         134.826
            293         134.826
            294         134.826
            295         134.826
            296         134.826
            297         134.826
            298         133.849
            299         134.826
            300         134.826
            301         134.826
            302         135.803
            303         135.803
            304         136.780
            305         135.803
            306         135.803
            307         135.803
            308         135.803
            309         135.803
            310         135.803
            311         135.803
            312         135.803
            313         135.803
            314         135.803
            315         135.803
            316         135.803
            317         135.803
            318         135.803
            319         135.803
            320         135.803
            321         135.803
            322         135.803
            323         135.803
            324         135.803
            325         135.803
            326         135.803
            327         135.803
            328         135.803
            329         135.803
            330         135.803
            331         135.803
            332         135.803
            333         135.803
            334         135.803
            335         135.803
            336         135.803
            337         136.780
            338         136.780
            339         136.780
            340         136.780
            341         136.780
            342         136.780
            343         136.780
            344         136.780
            345         136.780
            346         136.780
            347         136.780
            348         137.757
            349         137.757
            350         137.757
            351         137.757
            352         137.757
            353         137.757
            354         137.757
            355         137.757
            356         137.757
            357         137.757
            358         137.757
            359         137.757
            360         137.757
            361         137.757
            362         137.757
            363         137.757
            364         137.757
            365         137.757
            366         137.757
            367         137.757
            368         137.757
            369         137.757
            370         137.757
            371         137.757
            372         137.757
            373         137.757
            374         137.757
            375         137.757
            376         137.757
            377         137.757
            378         137.757
            379         138.734
            380         138.734
            381         138.734
            382         138.734
