TRACENO
              1         132.872
              2         132.872
              3         132.872
              4         132.872
              5         132.872
              6         132.872
              7         132.872
              8         132.872
              9         132.872
             10         132.872
             11         132.872
             12         132.872
             13         132.872
             14         133.849
             15         133.849
             16         133.849
             17         133.849
             18         133.849
             19         133.849
             20         133.849
             21         133.849
             22         133.849
             23         133.849
             24         133.849
             25         133.849
             26         133.849
             27         133.849
             28         133.849
             29         133.849
             30         134.826
             31         134.826
             32         134.826
             33         134.826
             34         134.826
             35         134.826
             36         134.826
             37         134.826
             38         134.826
             39         134.826
             40         134.826
             41         134.826
             42         134.826
             43         134.826
             44         134.826
             45         134.826
             46         134.826
             47         134.826
             48         134.826
             49         134.826
             50         134.826
             51         134.826
             52         134.826
             53         134.826
             54         135.803
             55         135.803
             56         135.803
             57         135.803
             58         135.803
             59         135.803
             60         135.803
             61         135.803
             62         135.803
             63         135.803
             64         135.803
             65         135.803
             66         135.803
             67         135.803
             68         135.803
             69         135.803
             70         135.803
             71         135.803
             72         135.803
             73         135.803
             74         135.803
             75         136.780
             76         136.780
             77         136.780
             78         136.780
             79         136.780
             80         136.780
             81         136.780
             82         136.780
             83         136.780
             84         136.780
             85         136.780
             86         136.780
             87         136.780
             88         136.780
             89         136.780
             90         136.780
             91         136.780
             92         136.780
             93         136.780
             94         136.780
             95         136.780
             96         136.780
             97         136.780
             98         136.780
             99         137.757
            100         137.757
            101         137.757
            102         137.757
            103         137.757
            104         137.757
            105         137.757
            106         137.757
            107         137.757
            108         137.757
            109         137.757
            110         137.757
            111         138.734
            112         138.734
            113         138.734
            114         138.734
            115         138.734
            116         138.734
            117         138.734
            118         138.734
            119         138.734
            120         138.734
            121         138.734
            122         138.734
            123         139.711
            124         139.711
            125         139.711
            126         139.711
            127         139.711
            128         139.711
            129         140.688
            130         140.688
            131         140.688
            132         140.688
            133         140.688
            134         140.688
            135         140.688
            136         139.711
            137         139.711
            138         140.688
            139         140.688
            140         140.688
            141         140.688
            142         140.688
            143         140.688
            144         140.688
            145         140.688
            146         140.688
            147         140.688
            148         140.688
            149         140.688
            150         140.688
            151         140.688
            152         140.688
            153         141.665
            154         141.665
            155         141.665
            156         141.665
            157         141.665
            158         141.665
            159         141.665
            160         141.665
            161         141.665
            162         141.665
            163         141.665
            164         142.642
            165         142.642
            166         142.642
            167         142.642
            168         142.642
            169         142.642
            170         143.619
            171         143.619
            172         143.619
            173         143.619
            174         143.619
            175         144.596
            176         144.596
            177         144.596
            178         144.596
            179         145.573
            180         145.573
            181         145.573
            182         145.573
            183         145.573
            184         145.573
            185         145.573
            186         144.596
            187         144.596
            188         144.596
            189         144.596
            190         144.596
            191         144.596
            192         144.596
            193         144.596
            194         144.596
            195         144.596
            196         144.596
            197         144.596
            198         144.596
            199         144.596
            200         144.596
            201         144.596
            202         145.573
            203         145.573
            204         145.573
            205         145.573
            206         145.573
            207         145.573
            208         145.573
            209         145.573
            210         145.573
            211         145.573
            212         145.573
            213         146.550
            214         146.550
            215         146.550
            216         146.550
            217         146.550
            218         146.550
            219         146.550
            220         146.550
            221         146.550
            222         146.550
            223         146.550
            224         146.550
            225         147.527
            226         147.527
            227         147.527
            228         147.527
            229         147.527
            230         147.527
            231         147.527
            232         147.527
            233         147.527
            234         147.527
            235         147.527
            236         147.527
            237         147.527
            238         147.527
            239         147.527
            240         148.504
            241         148.504
            242         148.504
            243         148.504
            244         148.504
            245         148.504
            246         149.481
            247         149.481
            248         149.481
            249         149.481
            250         149.481
            251         149.481
            252         149.481
            253         149.481
            254         150.458
            255         150.458
            256         150.458
            257         150.458
            258         150.458
            259         150.458
            260         150.458
            261         150.458
            262         150.458
            263         150.458
            264         150.458
            265         150.458
            266         150.458
            267         150.458
            268         150.458
            269         150.458
            270         150.458
            271         150.458
            272         150.458
            273         150.458
            274         150.458
            275         150.458
            276         150.458
            277         150.458
            278         150.458
            279         150.458
            280         150.458
            281         150.458
            282         150.458
            283         150.458
            284         151.435
            285         151.435
            286         151.435
            287         151.435
            288         151.435
            289         151.435
            290         151.435
            291         151.435
            292         151.435
            293         151.435
            294         151.435
            295         151.435
            296         150.458
            297         150.458
            298         150.458
            299         150.458
            300         151.435
            301         151.435
            302         151.435
            303         151.435
            304         151.435
            305         151.435
            306         151.435
            307         151.435
            308         151.435
            309         151.435
            310         151.435
            311         151.435
            312         151.435
            313         151.435
            314         151.435
            315         151.435
            316         151.435
            317         151.435
            318         151.435
            319         151.435
            320         151.435
            321         151.435
            322         152.412
            323         152.412
            324         152.412
            325         152.412
            326         152.412
            327         152.412
            328         152.412
            329         152.412
            330         152.412
            331         152.412
            332         152.412
            333         152.412
            334         152.412
            335         152.412
            336         153.389
            337         153.389
            338         153.389
            339         153.389
            340         153.389
            341         153.389
            342         153.389
            343         153.389
            344         153.389
            345         153.389
            346         154.366
            347         154.366
            348         154.366
            349         154.366
            350         154.366
            351         154.366
            352         154.366
            353         154.366
            354         154.366
            355         154.366
            356         154.366
            357         154.366
            358         154.366
            359         154.366
            360         154.366
            361         154.366
            362         154.366
            363         154.366
            364         154.366
            365         155.343
            366         155.343
            367         155.343
            368         155.343
            369         155.343
            370         155.343
            371         155.343
            372         155.343
            373         155.343
            374         155.343
            375         155.343
            376         155.343
            377         155.343
            378         155.343
            379         155.343
            380         155.343
            381         155.343
            382         155.343
