TRACENO
              1         100.631
              2         100.631
              3         100.631
              4         100.631
              5         100.631
              6         100.631
              7         100.631
              8         100.631
              9         100.631
             10         100.631
             11         100.631
             12         100.631
             13         100.631
             14         100.631
             15         100.631
             16         100.631
             17         100.631
             18         100.631
             19         100.631
             20         100.631
             21         100.631
             22         100.631
             23         100.631
             24         100.631
             25         100.631
             26         100.631
             27         100.631
             28         100.631
             29         100.631
             30         100.631
             31         100.631
             32         100.631
             33         100.631
             34         100.631
             35         100.631
             36         100.631
             37         100.631
             38         100.631
             39         100.631
             40         100.631
             41         100.631
             42         101.608
             43         101.608
             44         101.608
             45         101.608
             46         101.608
             47         101.608
             48         101.608
             49         101.608
             50         101.608
             51         102.585
             52         102.585
             53         102.585
             54         102.585
             55         102.585
             56         102.585
             57         102.585
             58         102.585
             59         102.585
             60         102.585
             61         102.585
             62         102.585
             63         102.585
             64         102.585
             65         102.585
             66         102.585
             67         102.585
             68         102.585
             69         102.585
             70         102.585
             71         102.585
             72         102.585
             73         102.585
             74         102.585
             75         102.585
             76         102.585
             77         102.585
             78         102.585
             79         102.585
             80         102.585
             81         102.585
             82         102.585
             83         102.585
             84         102.585
             85         102.585
             86         102.585
             87         102.585
             88         102.585
             89         102.585
             90         102.585
             91         102.585
             92         102.585
             93         102.585
             94         102.585
             95         102.585
             96         102.585
             97         103.562
             98         103.562
             99         103.562
            100         103.562
            101         103.562
            102         103.562
            103         103.562
            104         103.562
            105         103.562
            106         103.562
            107         103.562
            108         103.562
            109         103.562
            110         103.562
            111         103.562
            112         103.562
            113         103.562
            114         103.562
            115         103.562
            116         104.539
            117         104.539
            118         104.539
            119         104.539
            120         104.539
            121         104.539
            122         103.562
            123         103.562
            124         103.562
            125         103.562
            126         103.562
            127         103.562
            128         103.562
            129         103.562
            130         103.562
            131         103.562
            132         103.562
            133         103.562
            134         103.562
            135         104.539
            136         104.539
            137         104.539
            138         104.539
            139         104.539
            140         104.539
            141         104.539
            142         104.539
            143         103.562
            144         104.539
            145         104.539
            146         104.539
            147         103.562
            148         104.539
            149         104.539
            150         104.539
            151         105.516
            152         104.539
            153         104.539
            154         104.539
            155         104.539
            156         104.539
            157         104.539
            158         105.516
            159         105.516
            160         106.493
            161         105.516
            162         104.539
            163         104.539
            164         105.516
            165         105.516
            166         105.516
            167         106.493
            168         106.493
            169         106.493
            170         106.493
            171         106.493
            172         106.493
            173         106.493
            174         105.516
            175         105.516
            176         105.516
            177         105.516
            178         105.516
            179         105.516
            180         105.516
            181         105.516
            182         105.516
            183         105.516
            184         105.516
            185         105.516
            186         105.516
            187         105.516
            188         105.516
            189         105.516
            190         105.516
            191         105.516
            192         105.516
            193         105.516
            194         105.516
            195         105.516
            196         105.516
            197         105.516
            198         106.493
            199         106.493
            200         106.493
            201         106.493
            202         106.493
            203         106.493
            204         106.493
            205         106.493
            206         106.493
            207         106.493
            208         106.493
            209         106.493
            210         106.493
            211         106.493
            212         106.493
            213         106.493
            214         106.493
            215         106.493
            216         106.493
            217         106.493
            218         106.493
            219         106.493
            220         106.493
            221         106.493
            222         106.493
            223         106.493
            224         106.493
            225         106.493
            226         106.493
            227         106.493
            228         106.493
            229         106.493
            230         106.493
            231         106.493
            232         106.493
            233         106.493
            234         106.493
            235         106.493
            236         106.493
            237         106.493
            238         106.493
            239         107.470
            240         107.470
            241         107.470
            242         107.470
            243         107.470
            244         107.470
            245         107.470
            246         107.470
            247         107.470
            248         107.470
            249         107.470
            250         107.470
            251         107.470
            252         107.470
            253         107.470
            254         107.470
            255         107.470
            256         107.470
            257         107.470
            258         108.447
            259         108.447
            260         108.447
            261         108.447
            262         108.447
            263         108.447
            264         108.447
            265         108.447
            266         108.447
            267         108.447
            268         108.447
            269         108.447
            270         108.447
            271         108.447
            272         108.447
            273         109.424
            274         109.424
            275         109.424
            276         109.424
            277         109.424
            278         109.424
            279         109.424
            280         109.424
            281         109.424
            282         109.424
            283         109.424
            284         109.424
            285         109.424
            286         109.424
            287         109.424
            288         109.424
            289         109.424
            290         109.424
            291         110.401
            292         110.401
            293         110.401
            294         110.401
            295         110.401
            296         110.401
            297         110.401
            298         110.401
            299         110.401
            300         110.401
            301         110.401
            302         110.401
            303         110.401
            304         110.401
            305         110.401
            306         110.401
            307         110.401
            308         110.401
            309         110.401
            310         111.378
            311         111.378
            312         111.378
            313         111.378
            314         111.378
            315         111.378
            316         111.378
            317         111.378
            318         111.378
            319         111.378
            320         111.378
            321         111.378
            322         111.378
            323         111.378
            324         111.378
            325         111.378
            326         111.378
            327         111.378
            328         111.378
            329         111.378
            330         112.355
            331         112.355
            332         112.355
            333         112.355
            334         112.355
            335         112.355
            336         112.355
            337         112.355
            338         112.355
            339         111.378
            340         111.378
            341         112.355
            342         112.355
            343         112.355
            344         112.355
            345         112.355
            346         113.332
            347         113.332
            348         113.332
            349         113.332
            350         113.332
            351         113.332
            352         113.332
            353         113.332
            354         113.332
            355         112.355
            356         112.355
            357         112.355
            358         112.355
            359         112.355
            360         112.355
            361         112.355
            362         112.355
            363         112.355
            364         112.355
            365         112.355
            366         113.332
            367         113.332
            368         113.332
            369         113.332
            370         114.309
            371         114.309
            372         113.332
            373         113.332
            374         113.332
            375         113.332
            376         113.332
            377         114.309
            378         114.309
            379         114.309
            380         114.309
            381         114.309
            382         114.309
            383         114.309
            384         114.309
            385         114.309
            386         114.309
            387         114.309
            388         114.309
            389         114.309
            390         114.309
            391         114.309
            392         114.309
            393         114.309
            394         114.309
            395         114.309
            396         114.309
            397         114.309
            398         114.309
            399         114.309
            400         114.309
            401         114.309
            402         115.286
            403         115.286
            404         115.286
            405         115.286
            406         115.286
            407         115.286
            408         115.286
            409         115.286
            410         115.286
            411         115.286
            412         115.286
            413         115.286
            414         115.286
            415         115.286
            416         115.286
            417         115.286
            418         115.286
            419         115.286
            420         115.286
            421         115.286
            422         115.286
            423         115.286
            424         115.286
            425         115.286
            426         115.286
            427         115.286
            428         115.286
            429         115.286
            430         115.286
            431         115.286
            432         115.286
            433         115.286
            434         115.286
            435         115.286
            436         115.286
            437         116.263
            438         116.263
            439         116.263
            440         116.263
            441         116.263
            442         116.263
            443         116.263
            444         116.263
            445         116.263
            446         116.263
            447         116.263
            448         117.240
            449         117.240
            450         117.240
            451         117.240
            452         117.240
            453         117.240
            454         117.240
            455         117.240
            456         117.240
            457         117.240
            458         117.240
            459         117.240
            460         117.240
            461         117.240
            462         117.240
            463         117.240
            464         117.240
            465         117.240
            466         117.240
            467         117.240
            468         117.240
            469         117.240
            470         117.240
            471         118.217
            472         118.217
            473         118.217
            474         118.217
            475         118.217
            476         118.217
            477         118.217
            478         118.217
            479         118.217
            480         118.217
            481         118.217
            482         118.217
            483         118.217
            484         118.217
            485         118.217
            486         118.217
            487         118.217
            488         118.217
            489         118.217
            490         118.217
            491         118.217
            492         118.217
            493         118.217
            494         119.194
            495         119.194
            496         119.194
            497         119.194
            498         119.194
            499         119.194
            500         119.194
            501         119.194
            502         119.194
            503         119.194
            504         119.194
            505         119.194
            506         119.194
            507         119.194
            508         119.194
            509         119.194
            510         119.194
            511         119.194
            512         119.194
            513         119.194
            514         119.194
            515         119.194
            516         119.194
            517         119.194
            518         119.194
            519         119.194
            520         119.194
            521         119.194
            522         119.194
            523         119.194
            524         119.194
            525         119.194
            526         119.194
            527         119.194
            528         119.194
            529         119.194
            530         119.194
            531         119.194
            532         119.194
            533         119.194
            534         120.171
            535         120.171
            536         120.171
            537         120.171
            538         120.171
            539         120.171
            540         120.171
            541         120.171
            542         120.171
            543         120.171
            544         120.171
            545         120.171
            546         120.171
            547         120.171
            548         120.171
            549         120.171
            550         120.171
            551         120.171
            552         120.171
            553         120.171
            554         120.171
            555         120.171
            556         120.171
            557         120.171
            558         120.171
            559         120.171
            560         120.171
            561         120.171
            562         120.171
            563         120.171
            564         120.171
            565         120.171
            566         120.171
            567         120.171
            568         120.171
            569         120.171
            570         120.171
            571         120.171
            572         120.171
            573         120.171
            574         120.171
            575         120.171
            576         120.171
            577         120.171
            578         121.148
            579         121.148
            580         121.148
            581         121.148
            582         121.148
            583         121.148
            584         121.148
            585         121.148
            586         121.148
            587         121.148
            588         121.148
            589         121.148
            590         121.148
            591         121.148
            592         121.148
            593         121.148
            594         121.148
            595         122.125
            596         122.125
            597         122.125
            598         122.125
            599         122.125
            600         122.125
            601         122.125
            602         122.125
            603         122.125
            604         122.125
            605         122.125
            606         122.125
            607         122.125
            608         122.125
            609         122.125
            610         122.125
            611         122.125
            612         122.125
            613         122.125
            614         122.125
            615         122.125
            616         122.125
            617         122.125
            618         122.125
            619         122.125
            620         122.125
            621         122.125
            622         122.125
            623         122.125
            624         122.125
            625         122.125
            626         122.125
            627         122.125
            628         122.125
            629         122.125
            630         122.125
            631         122.125
            632         122.125
            633         122.125
            634         122.125
            635         122.125
            636         122.125
            637         122.125
            638         122.125
            639         122.125
            640         122.125
            641         122.125
            642         122.125
            643         122.125
            644         123.102
            645         123.102
            646         123.102
            647         123.102
            648         123.102
            649         123.102
            650         123.102
            651         123.102
            652         123.102
            653         123.102
            654         123.102
            655         123.102
            656         123.102
            657         123.102
            658         123.102
            659         123.102
            660         123.102
            661         123.102
            662         123.102
            663         123.102
            664         123.102
            665         123.102
            666         123.102
            667         123.102
            668         123.102
            669         123.102
            670         123.102
            671         123.102
            672         123.102
            673         123.102
            674         124.079
            675         124.079
            676         124.079
            677         124.079
            678         124.079
            679         124.079
            680         124.079
            681         124.079
            682         124.079
            683         124.079
            684         124.079
            685         124.079
            686         124.079
            687         124.079
            688         124.079
            689         124.079
            690         124.079
            691         124.079
            692         124.079
            693         124.079
            694         124.079
            695         124.079
            696         124.079
            697         124.079
            698         124.079
            699         124.079
            700         124.079
            701         124.079
            702         124.079
            703         124.079
            704         124.079
            705         124.079
            706         124.079
            707         124.079
            708         124.079
            709         124.079
            710         124.079
            711         124.079
            712         124.079
            713         124.079
            714         124.079
            715         124.079
            716         124.079
            717         124.079
            718         124.079
            719         124.079
            720         124.079
            721         124.079
            722         124.079
            723         124.079
            724         125.056
            725         125.056
            726         125.056
            727         125.056
            728         125.056
            729         125.056
            730         125.056
            731         125.056
            732         125.056
            733         125.056
            734         125.056
            735         125.056
            736         125.056
            737         125.056
            738         125.056
            739         125.056
            740         125.056
            741         125.056
            742         125.056
            743         125.056
            744         125.056
            745         125.056
            746         125.056
            747         125.056
            748         125.056
            749         125.056
            750         125.056
            751         125.056
            752         125.056
            753         125.056
            754         125.056
            755         125.056
            756         125.056
            757         125.056
            758         125.056
            759         125.056
            760         125.056
            761         125.056
            762         125.056
            763         125.056
            764         125.056
            765         125.056
            766         125.056
            767         126.033
            768         126.033
            769         126.033
            770         126.033
            771         126.033
            772         126.033
            773         126.033
            774         126.033
            775         126.033
            776         126.033
            777         126.033
            778         126.033
            779         126.033
            780         126.033
            781         126.033
            782         126.033
            783         126.033
            784         126.033
            785         126.033
            786         126.033
            787         126.033
            788         126.033
            789         126.033
            790         126.033
            791         126.033
            792         126.033
            793         126.033
            794         126.033
            795         126.033
            796         126.033
            797         126.033
            798         126.033
            799         126.033
            800         126.033
            801         126.033
            802         126.033
            803         126.033
            804         126.033
            805         126.033
            806         126.033
            807         126.033
            808         126.033
            809         126.033
            810         126.033
            811         126.033
            812         126.033
            813         126.033
            814         126.033
            815         126.033
            816         126.033
            817         126.033
            818         126.033
            819         126.033
            820         126.033
            821         126.033
            822         126.033
            823         126.033
            824         126.033
            825         126.033
            826         126.033
            827         126.033
            828         126.033
            829         126.033
            830         126.033
            831         126.033
            832         126.033
            833         126.033
            834         126.033
            835         126.033
            836         126.033
            837         126.033
            838         126.033
            839         126.033
            840         126.033
            841         126.033
            842         126.033
            843         126.033
            844         126.033
            845         127.010
            846         127.010
            847         127.010
            848         127.010
            849         127.010
            850         127.010
            851         127.010
            852         127.010
            853         127.010
            854         127.010
            855         127.010
            856         127.010
            857         127.010
            858         127.010
            859         127.010
            860         127.010
            861         127.010
            862         127.010
            863         127.010
            864         127.010
            865         127.010
            866         127.010
            867         127.010
            868         127.010
            869         127.010
            870         127.010
            871         127.010
            872         127.010
            873         127.010
            874         127.010
            875         127.010
            876         127.010
            877         127.010
            878         127.010
            879         127.010
            880         127.010
            881         127.010
            882         127.010
            883         127.010
            884         127.010
            885         127.010
            886         127.010
            887         127.010
            888         127.010
            889         127.010
            890         127.010
            891         127.010
            892         127.010
            893         127.010
            894         127.010
            895         127.010
            896         127.010
            897         127.010
            898         127.010
            899         127.010
            900         127.010
            901         127.010
            902         127.010
            903         127.010
            904         127.010
            905         127.010
            906         127.010
            907         127.010
            908         127.010
            909         127.010
            910         127.010
            911         127.010
            912         127.010
            913         127.010
            914         127.010
            915         127.010
            916         127.010
            917         127.010
            918         127.010
            919         127.010
            920         127.987
            921         127.987
            922         127.987
            923         127.987
            924         127.987
            925         127.987
            926         127.987
            927         127.987
            928         127.987
            929         127.987
            930         127.987
            931         127.987
            932         127.987
            933         127.987
            934         127.987
            935         127.010
            936         127.010
            937         127.010
            938         127.010
            939         127.010
            940         127.010
            941         127.010
            942         127.010
            943         127.010
            944         127.010
            945         127.010
            946         127.010
            947         127.010
            948         127.010
            949         127.010
            950         127.010
            951         127.010
            952         127.010
            953         127.010
            954         127.010
            955         127.010
            956         127.010
            957         127.010
            958         127.010
            959         127.010
            960         127.010
            961         127.010
            962         127.010
            963         127.010
            964         127.010
            965         127.010
            966         127.987
            967         127.987
            968         127.987
            969         127.987
            970         127.987
            971         127.987
            972         127.987
            973         127.987
            974         127.987
            975         127.987
            976         127.987
            977         127.987
            978         127.987
            979         127.987
            980         127.987
            981         127.987
            982         127.987
            983         127.987
            984         127.987
            985         127.987
            986         127.987
            987         127.987
            988         127.987
            989         127.987
            990         127.987
            991         127.987
            992         127.987
            993         127.987
            994         127.987
            995         127.987
            996         127.987
            997         127.987
            998         127.987
            999         127.987
           1000         127.987
           1001         127.987
           1002         127.987
           1003         127.987
           1004         127.987
           1005         127.987
           1006         127.987
           1007         127.987
           1008         127.987
           1009         127.987
           1010         127.987
           1011         127.987
           1012         127.987
           1013         127.987
           1014         127.987
           1015         127.987
           1016         127.987
           1017         127.987
           1018         127.987
           1019         127.987
           1020         127.987
           1021         127.987
           1022         127.987
           1023         127.987
           1024         127.987
           1025         127.987
           1026         127.987
           1027         127.987
           1028         127.987
           1029         127.987
           1030         127.987
           1031         127.987
           1032         127.987
           1033         127.987
           1034         127.987
           1035         127.987
           1036         127.987
           1037         127.987
           1038         127.987
           1039         127.987
           1040         127.987
           1041         127.987
           1042         127.987
           1043         127.987
           1044         127.987
           1045         127.987
           1046         127.987
           1047         127.987
           1048         127.987
           1049         128.964
           1050         128.964
           1051         128.964
           1052         128.964
           1053         128.964
           1054         128.964
           1055         128.964
           1056         128.964
           1057         128.964
           1058         128.964
           1059         128.964
           1060         128.964
           1061         128.964
           1062         128.964
           1063         128.964
           1064         128.964
           1065         128.964
           1066         128.964
           1067         129.941
           1068         129.941
           1069         129.941
           1070         129.941
           1071         129.941
           1072         129.941
           1073         129.941
           1074         129.941
