TRACENO
            635         140.688
            636         140.688
            637         140.688
            638         140.688
            639         140.688
            640         140.688
            641         140.688
            642         140.688
            643         140.688
            644         140.688
            645         140.688
            646         140.688
            647         140.688
            648         140.688
            649         140.688
            650         140.688
            651         140.688
            652         140.688
            653         140.688
            654         140.688
            655         140.688
            656         140.688
            657         140.688
            658         140.688
            659         140.688
            660         140.688
            661         140.688
            662         140.688
            663         140.688
            664         141.665
            665         141.665
            666         141.665
            667         141.665
            668         141.665
            669         141.665
            670         141.665
            671         141.665
            672         141.665
            673         141.665
            674         141.665
            675         141.665
            676         141.665
            677         141.665
            678         141.665
            679         141.665
            680         141.665
            681         141.665
            682         141.665
            683         141.665
            684         141.665
            685         141.665
            686         141.665
            687         141.665
            688         141.665
            689         141.665
            690         141.665
            691         141.665
            692         141.665
            693         141.665
            694         141.665
            695         142.642
            696         142.642
            697         142.642
            698         142.642
            699         142.642
            700         142.642
            701         142.642
            702         142.642
            703         142.642
            704         142.642
            705         142.642
            706         142.642
            707         142.642
            708         142.642
            709         142.642
            710         142.642
            711         142.642
            712         142.642
            713         142.642
            714         142.642
            715         142.642
            716         142.642
            717         142.642
            718         142.642
            719         142.642
            720         142.642
            721         142.642
            722         142.642
            723         142.642
            724         142.642
            725         142.642
            726         142.642
            727         143.619
            728         143.619
            729         143.619
            730         143.619
            731         143.619
            732         143.619
            733         143.619
            734         143.619
            735         143.619
            736         143.619
            737         143.619
            738         143.619
            739         143.619
            740         143.619
            741         143.619
            742         143.619
            743         143.619
            744         143.619
            745         143.619
            746         143.619
            747         143.619
            748         143.619
            749         143.619
            750         144.596
            751         144.596
            752         144.596
            753         144.596
            754         144.596
            755         144.596
            756         144.596
            757         144.596
            758         144.596
            759         144.596
            760         144.596
            761         144.596
            762         144.596
            763         144.596
            764         144.596
            765         145.573
            766         145.573
            767         145.573
            768         145.573
            769         145.573
            770         145.573
            771         145.573
            772         145.573
            773         145.573
            774         145.573
            775         145.573
            776         145.573
            777         145.573
            778         146.550
            779         146.550
            780         146.550
            781         146.550
            782         146.550
            783         146.550
            784         146.550
            785         146.550
            786         146.550
            787         146.550
            788         147.527
            789         147.527
            790         147.527
            791         147.527
            792         147.527
            793         147.527
            794         147.527
            795         147.527
            796         147.527
            797         147.527
            798         148.504
            799         148.504
            800         148.504
            801         148.504
            802         148.504
            803         148.504
            804         148.504
            805         148.504
            806         148.504
            807         148.504
            808         149.481
            809         149.481
            810         149.481
            811         149.481
            812         149.481
            813         149.481
            814         149.481
            815         149.481
            816         149.481
            817         149.481
            818         150.458
            819         150.458
            820         150.458
            821         150.458
            822         150.458
            823         150.458
            824         150.458
            825         151.435
            826         151.435
            827         151.435
            828         151.435
            829         151.435
            830         152.412
            831         152.412
            832         152.412
            833         152.412
            834         152.412
            835         152.412
            836         153.389
            837         153.389
            838         153.389
            839         153.389
            840         153.389
            841         154.366
            842         154.366
            843         154.366
            844         154.366
            845         154.366
            846         154.366
            847         155.343
            848         155.343
            849         155.343
            850         155.343
            851         155.343
            852         155.343
            853         155.343
            854         155.343
            855         156.320
            856         156.320
            857         156.320
            858         156.320
            859         156.320
            860         156.320
            861         156.320
            862         156.320
            863         156.320
            864         156.320
            865         156.320
            866         156.320
            867         156.320
            868         157.297
            869         157.297
            870         157.297
            871         157.297
            872         157.297
            873         157.297
            874         157.297
            875         157.297
            876         157.297
            877         157.297
            878         157.297
            879         157.297
            880         157.297
            881         158.274
            882         158.274
            883         158.274
            884         158.274
            885         158.274
            886         158.274
            887         158.274
            888         158.274
            889         158.274
            890         158.274
            891         158.274
            892         158.274
            893         159.251
            894         159.251
            895         159.251
            896         159.251
            897         159.251
            898         159.251
            899         159.251
            900         159.251
            901         159.251
            902         159.251
            903         159.251
            904         159.251
            905         159.251
            906         160.228
            907         160.228
            908         160.228
            909         160.228
            910         160.228
            911         160.228
            912         160.228
            913         160.228
            914         160.228
            915         160.228
            916         160.228
            917         161.205
            918         161.205
            919         161.205
            920         161.205
            921         161.205
            922         161.205
            923         161.205
            924         161.205
            925         161.205
            926         161.205
            927         162.182
            928         162.182
            929         162.182
            930         162.182
            931         162.182
            932         162.182
            933         162.182
            934         162.182
            935         162.182
            936         162.182
            937         163.159
            938         163.159
            939         163.159
            940         163.159
            941         163.159
            942         163.159
            943         163.159
            944         163.159
            945         163.159
            946         163.159
            947         163.159
            948         164.136
            949         164.136
            950         164.136
            951         164.136
            952         164.136
            953         164.136
            954         164.136
            955         164.136
            956         164.136
            957         164.136
            958         164.136
            959         164.136
            960         165.113
            961         165.113
            962         165.113
            963         165.113
            964         165.113
            965         165.113
            966         165.113
            967         165.113
            968         165.113
            969         165.113
            970         165.113
            971         165.113
            972         166.090
            973         166.090
            974         166.090
            975         166.090
            976         166.090
            977         166.090
            978         166.090
            979         166.090
            980         166.090
            981         166.090
            982         166.090
            983         166.090
            984         166.090
            985         167.067
            986         167.067
            987         167.067
            988         167.067
            989         167.067
            990         167.067
            991         167.067
            992         167.067
            993         167.067
            994         167.067
            995         167.067
            996         167.067
            997         167.067
            998         168.044
            999         168.044
           1000         168.044
           1001         168.044
           1002         168.044
           1003         168.044
           1004         168.044
           1005         168.044
           1006         168.044
           1007         168.044
           1008         168.044
           1009         168.044
           1010         168.044
           1011         168.044
           1012         168.044
           1013         168.044
           1014         168.044
           1015         168.044
           1016         169.021
           1017         169.021
           1018         169.021
           1019         169.021
           1020         169.021
           1021         169.021
           1022         169.021
           1023         169.021
           1024         169.021
           1025         169.021
           1026         169.021
           1027         169.021
           1028         169.021
           1029         169.021
           1030         169.021
           1031         169.021
           1032         169.021
           1033         169.021
           1034         169.998
           1035         169.998
           1036         169.998
           1037         169.998
           1038         169.998
           1039         169.998
           1040         169.998
           1041         169.998
           1042         169.998
           1043         169.998
           1044         169.998
           1045         169.998
           1046         169.998
           1047         169.998
           1048         169.998
           1049         169.998
           1050         169.998
           1051         169.998
           1052         170.975
           1053         170.975
           1054         170.975
           1055         170.975
           1056         170.975
           1057         170.975
           1058         170.975
           1059         170.975
           1060         170.975
           1061         170.975
           1062         170.975
           1063         170.975
           1064         170.975
           1065         170.975
           1066         170.975
           1067         170.975
           1068         170.975
           1069         170.975
           1070         171.952
           1071         171.952
           1072         171.952
           1073         171.952
           1074         171.952
           1075         171.952
           1076         171.952
           1077         171.952
           1078         171.952
           1079         171.952
           1080         171.952
           1081         171.952
           1082         171.952
           1083         171.952
           1084         171.952
           1085         171.952
           1086         171.952
           1087         171.952
           1088         171.952
           1089         171.952
           1090         171.952
           1091         171.952
           1092         171.952
           1093         172.929
           1094         172.929
           1095         172.929
           1096         172.929
           1097         172.929
           1098         172.929
           1099         172.929
           1100         172.929
           1101         172.929
           1102         172.929
           1103         172.929
           1104         172.929
           1105         172.929
           1106         172.929
           1107         172.929
           1108         172.929
           1109         172.929
           1110         172.929
           1111         172.929
           1112         172.929
           1113         172.929
           1114         172.929
           1115         172.929
           1116         173.906
           1117         173.906
           1118         173.906
           1119         173.906
           1120         173.906
           1121         173.906
           1122         173.906
           1123         173.906
           1124         173.906
           1125         173.906
           1126         173.906
           1127         173.906
           1128         173.906
           1129         173.906
           1130         173.906
           1131         173.906
           1132         173.906
           1133         173.906
           1134         173.906
           1135         173.906
           1136         173.906
           1137         173.906
           1138         173.906
           1139         174.883
           1140         174.883
           1141         174.883
           1142         174.883
           1143         174.883
           1144         174.883
           1145         174.883
           1146         174.883
           1147         174.883
           1148         174.883
           1149         174.883
           1150         174.883
           1151         174.883
           1152         174.883
           1153         174.883
           1154         175.860
           1155         175.860
           1156         175.860
           1157         175.860
           1158         175.860
           1159         175.860
           1160         175.860
           1161         175.860
           1162         175.860
           1163         175.860
           1164         175.860
           1165         175.860
           1166         175.860
           1167         176.837
           1168         176.837
           1169         176.837
           1170         176.837
           1171         176.837
           1172         176.837
           1173         176.837
           1174         176.837
           1175         176.837
           1176         176.837
           1177         176.837
           1178         176.837
           1179         176.837
           1180         176.837
           1181         176.837
           1182         176.837
           1183         176.837
           1184         177.814
           1185         177.814
           1186         177.814
           1187         177.814
           1188         177.814
           1189         177.814
           1190         177.814
           1191         177.814
           1192         177.814
           1193         177.814
           1194         177.814
           1195         177.814
           1196         177.814
           1197         177.814
           1198         177.814
           1199         177.814
           1200         177.814
           1201         177.814
           1202         177.814
           1203         177.814
           1204         177.814
           1205         177.814
           1206         176.837
           1207         176.837
           1208         176.837
           1209         176.837
           1210         176.837
           1211         176.837
           1212         176.837
           1213         176.837
           1214         176.837
           1215         176.837
           1216         176.837
           1217         176.837
           1218         176.837
           1219         176.837
           1220         176.837
           1221         177.814
           1222         177.814
           1223         177.814
           1224         177.814
           1225         177.814
           1226         177.814
           1227         177.814
           1228         177.814
           1229         177.814
           1230         177.814
           1231         177.814
           1232         177.814
           1233         177.814
           1234         177.814
           1235         177.814
           1236         177.814
           1237         177.814
           1238         177.814
           1239         177.814
           1240         177.814
           1241         177.814
           1242         177.814
           1243         177.814
           1244         177.814
           1245         177.814
           1246         177.814
           1247         177.814
           1248         176.837
           1249         176.837
           1250         176.837
           1251         176.837
           1252         176.837
           1253         176.837
           1254         176.837
           1255         176.837
           1256         176.837
           1257         176.837
           1258         176.837
           1259         176.837
           1260         176.837
           1261         176.837
           1262         175.860
           1263         175.860
           1264         174.883
           1265         174.883
           1266         174.883
           1267         174.883
           1268         174.883
           1269         174.883
           1270         174.883
           1271         174.883
           1272         175.860
           1273         175.860
           1274         175.860
           1275         175.860
           1276         175.860
           1277         175.860
           1278         174.883
           1279         174.883
           1280         174.883
           1281         173.906
           1282         173.906
           1283         173.906
           1284         172.929
           1285         172.929
           1286         172.929
           1287         172.929
           1288         172.929
           1289         172.929
           1290         172.929
           1291         172.929
           1292         172.929
           1293         172.929
           1294         172.929
           1295         172.929
           1296         172.929
           1297         172.929
           1298         172.929
           1299         172.929
           1300         172.929
           1301         172.929
           1302         172.929
           1303         172.929
           1304         171.952
           1305         171.952
           1306         171.952
           1307         171.952
           1308         171.952
           1309         171.952
           1310         171.952
           1311         171.952
           1312         171.952
           1313         171.952
           1314         170.975
           1315         170.975
           1316         170.975
           1317         170.975
           1318         170.975
           1319         170.975
           1320         170.975
           1321         170.975
           1322         170.975
           1323         170.975
           1324         170.975
           1325         170.975
           1326         170.975
           1327         170.975
           1328         170.975
           1329         170.975
           1330         170.975
           1331         170.975
           1332         169.998
           1333         169.998
           1334         169.998
           1335         169.998
           1336         169.998
           1337         169.998
           1338         169.998
           1339         169.998
           1340         169.998
           1341         169.998
           1342         169.998
           1343         169.998
           1344         169.998
           1345         169.998
           1346         169.998
           1347         169.998
           1348         169.998
           1349         169.998
           1350         169.998
           1351         169.998
           1352         169.998
           1353         169.998
           1354         169.998
           1355         169.998
           1356         169.998
           1357         169.998
           1358         169.998
           1359         169.998
           1360         169.998
           1361         169.998
           1362         169.998
           1363         169.998
           1364         169.998
           1365         169.998
           1366         169.998
           1367         169.998
           1368         169.998
           1369         169.998
           1370         169.998
           1371         169.998
           1372         169.998
           1373         169.998
           1374         169.998
           1375         169.998
           1376         169.998
           1377         169.998
           1378         169.998
           1379         169.998
           1380         169.998
           1381         169.998
           1382         169.998
           1383         169.021
           1384         169.021
           1385         169.021
           1386         169.021
           1387         169.021
           1388         168.044
           1389         168.044
           1390         167.067
           1391         167.067
           1392         167.067
           1393         166.090
           1394         166.090
           1395         166.090
           1396         165.113
           1397         164.136
           1398         164.136
           1399         163.159
           1400         163.159
           1401         163.159
           1402         163.159
           1403         163.159
           1404         163.159
           1405         163.159
           1406         163.159
           1407         163.159
           1408         163.159
           1409         163.159
           1410         163.159
           1411         163.159
           1412         163.159
           1413         163.159
           1414         163.159
           1415         163.159
           1416         164.136
           1417         164.136
           1418         164.136
           1419         164.136
           1420         164.136
           1421         164.136
           1422         164.136
           1423         164.136
           1424         164.136
           1425         164.136
           1426         164.136
           1427         164.136
           1428         164.136
           1429         164.136
           1430         164.136
           1431         164.136
           1432         164.136
           1433         164.136
           1434         164.136
           1435         164.136
           1436         164.136
           1437         163.159
           1438         163.159
           1439         163.159
           1440         163.159
           1441         163.159
           1442         163.159
           1443         163.159
           1444         163.159
           1445         163.159
           1446         163.159
           1447         163.159
           1448         163.159
           1449         163.159
           1450         164.136
           1451         164.136
           1452         164.136
           1453         164.136
           1454         163.159
           1455         163.159
           1456         162.182
           1457         161.205
           1458         161.205
           1459         161.205
           1460         161.205
           1461         160.228
           1462         160.228
           1463         160.228
           1464         160.228
           1465         160.228
           1466         160.228
           1467         159.251
           1468         159.251
           1469         159.251
           1470         159.251
           1471         159.251
           1472         159.251
           1473         159.251
           1474         158.274
           1475         158.274
           1476         158.274
           1477         158.274
           1478         158.274
           1479         158.274
           1480         158.274
           1481         158.274
           1482         158.274
           1483         158.274
           1484         158.274
           1485         158.274
           1486         158.274
           1487         158.274
           1488         158.274
           1489         158.274
           1490         158.274
           1491         158.274
           1492         158.274
           1493         157.297
           1494         157.297
           1495         157.297
           1496         157.297
           1497         157.297
           1498         157.297
           1499         157.297
           1500         156.320
           1501         156.320
           1502         156.320
           1503         156.320
           1504         156.320
           1505         156.320
           1506         156.320
           1507         155.343
           1508         155.343
           1509         155.343
           1510         155.343
           1511         155.343
           1512         155.343
           1513         155.343
           1514         155.343
           1515         155.343
           1516         155.343
           1517         155.343
           1518         155.343
           1519         155.343
           1520         155.343
           1521         155.343
           1522         155.343
           1523         155.343
           1524         155.343
           1525         155.343
           1526         155.343
           1527         155.343
           1528         155.343
           1529         155.343
           1530         155.343
           1531         154.366
           1532         154.366
           1533         154.366
           1534         154.366
           1535         154.366
           1536         153.389
           1537         153.389
           1538         153.389
           1539         152.412
           1540         152.412
           1541         152.412
           1542         152.412
           1543         152.412
           1544         152.412
           1545         152.412
           1546         152.412
           1547         152.412
           1548         152.412
           1549         152.412
           1550         151.435
           1551         151.435
           1552         150.458
           1553         150.458
           1554         149.481
           1555         149.481
           1556         149.481
           1557         148.504
           1558         148.504
           1559         148.504
           1560         147.527
           1561         147.527
           1562         147.527
           1563         146.550
           1564         146.550
           1565         146.550
           1566         145.573
           1567         145.573
           1568         145.573
           1569         144.596
           1570         144.596
           1571         144.596
           1572         144.596
           1573         143.619
           1574         143.619
           1575         143.619
           1576         143.619
           1577         142.642
           1578         142.642
           1579         142.642
           1580         142.642
           1581         142.642
           1582         142.642
           1583         141.665
           1584         141.665
           1585         141.665
           1586         141.665
           1587         141.665
           1588         141.665
           1589         141.665
           1590         140.688
           1591         140.688
           1592         140.688
           1593         140.688
           1594         140.688
           1595         140.688
           1596         140.688
           1597         140.688
           1598         140.688
           1599         140.688
           1600         140.688
           1601         140.688
           1602         140.688
           1603         140.688
           1604         140.688
           1605         140.688
           1606         140.688
           1607         140.688
           1608         140.688
           1609         139.711
           1610         139.711
           1611         139.711
           1612         139.711
           1613         139.711
           1614         139.711
           1615         139.711
           1616         139.711
           1617         139.711
           1618         139.711
           1619         139.711
           1620         139.711
           1621         139.711
           1622         139.711
           1623         139.711
           1624         138.734
           1625         138.734
           1626         138.734
           1627         138.734
           1628         138.734
           1629         138.734
           1630         138.734
           1631         138.734
           1632         138.734
