TRACENO
              1         129.941
              2         129.941
              3         129.941
              4         129.941
              5         129.941
              6         129.941
              7         129.941
              8         129.941
              9         129.941
             10         129.941
             11         129.941
             12         129.941
             13         129.941
             14         129.941
             15         129.941
             16         129.941
             17         129.941
             18         129.941
             19         129.941
             20         129.941
             21         129.941
             22         129.941
             23         129.941
             24         129.941
             25         128.964
             26         128.964
             27         128.964
             28         128.964
             29         128.964
             30         128.964
             31         128.964
             32         128.964
             33         128.964
             34         128.964
             35         128.964
             36         128.964
             37         128.964
             38         128.964
             39         128.964
             40         128.964
             41         128.964
             42         128.964
             43         128.964
             44         127.987
             45         127.987
             46         127.987
             47         127.987
             48         127.987
             49         127.987
             50         127.987
             51         127.987
             52         127.987
             53         127.987
             54         128.964
             55         128.964
             56         128.964
             57         128.964
             58         128.964
             59         128.964
             60         128.964
             61         128.964
             62         128.964
             63         128.964
             64         128.964
             65         128.964
             66         128.964
             67         128.964
             68         128.964
             69         128.964
             70         128.964
             71         128.964
             72         128.964
             73         128.964
             74         128.964
             75         128.964
             76         128.964
             77         128.964
             78         128.964
             79         128.964
             80         128.964
             81         129.941
             82         129.941
             83         129.941
             84         129.941
             85         129.941
             86         129.941
             87         129.941
             88         129.941
             89         129.941
             90         129.941
             91         129.941
             92         129.941
             93         129.941
             94         129.941
             95         129.941
             96         129.941
             97         129.941
             98         129.941
             99         129.941
            100         129.941
            101         129.941
            102         129.941
            103         129.941
            104         129.941
            105         129.941
            106         129.941
            107         129.941
            108         129.941
            109         129.941
            110         129.941
            111         129.941
            112         129.941
            113         129.941
            114         129.941
            115         129.941
            116         129.941
            117         129.941
            118         129.941
            119         129.941
            120         129.941
            121         129.941
            122         129.941
            123         129.941
            124         129.941
            125         129.941
            126         129.941
            127         129.941
            128         129.941
            129         129.941
            130         129.941
            131         129.941
            132         129.941
            133         129.941
            134         129.941
            135         129.941
            136         129.941
            137         128.964
            138         128.964
            139         128.964
            140         128.964
            141         128.964
            142         127.987
            143         127.987
            144         127.987
            145         127.987
            146         127.987
            147         127.987
            148         127.987
            149         127.987
            150         127.987
            151         127.987
            152         127.987
            153         127.987
            154         127.987
            155         127.987
            156         127.987
            157         127.987
            158         127.987
            159         127.987
            160         127.987
            161         127.987
            162         127.987
            163         127.987
            164         127.987
            165         127.987
            166         127.987
            167         127.987
            168         127.987
            169         127.987
            170         127.987
            171         127.987
            172         127.987
            173         127.987
            174         127.987
            175         127.987
            176         127.987
            177         127.987
            178         127.987
            179         127.987
            180         127.987
            181         127.987
            182         127.987
            183         127.987
            184         127.987
            185         127.987
            186         127.987
            187         127.987
            188         127.987
            189         127.987
            190         127.987
            191         127.987
            192         127.987
            193         127.987
            194         127.987
            195         127.987
            196         127.987
            197         127.987
            198         127.987
            199         127.987
            200         127.987
            201         127.987
            202         127.987
            203         127.987
            204         127.987
            205         127.987
            206         127.987
            207         127.987
            208         127.987
            209         127.987
            210         127.987
            211         127.987
            212         127.987
            213         127.987
            214         127.987
            215         127.987
            216         127.987
            217         127.987
            218         127.987
            219         127.987
            220         127.987
            221         127.987
            222         127.987
            223         127.987
            224         127.987
            225         128.964
            226         128.964
            227         128.964
            228         128.964
            229         128.964
            230         128.964
            231         128.964
            232         128.964
            233         128.964
            234         128.964
            235         128.964
            236         128.964
            237         128.964
            238         128.964
            239         128.964
            240         128.964
            241         128.964
            242         128.964
            243         128.964
            244         128.964
            245         128.964
            246         128.964
            247         128.964
            248         128.964
            249         128.964
            250         128.964
            251         128.964
            252         128.964
            253         128.964
            254         128.964
            255         128.964
            256         128.964
            257         129.941
            258         129.941
            259         129.941
            260         129.941
            261         129.941
            262         129.941
            263         129.941
            264         129.941
            265         129.941
            266         129.941
            267         129.941
            268         129.941
            269         129.941
            270         129.941
            271         129.941
            272         129.941
            273         129.941
            274         129.941
            275         129.941
            276         129.941
            277         129.941
            278         129.941
            279         129.941
            280         129.941
            281         129.941
            282         129.941
            283         129.941
            284         129.941
            285         129.941
            286         129.941
            287         129.941
            288         129.941
            289         129.941
            290         129.941
            291         129.941
            292         129.941
            293         129.941
            294         129.941
            295         129.941
            296         129.941
            297         129.941
            298         129.941
            299         129.941
            300         129.941
            301         129.941
            302         129.941
            303         129.941
            304         129.941
            305         129.941
            306         129.941
            307         129.941
            308         129.941
            309         129.941
            310         129.941
            311         129.941
            312         129.941
            313         130.918
            314         130.918
            315         130.918
            316         130.918
            317         130.918
            318         130.918
            319         130.918
            320         130.918
            321         130.918
            322         130.918
            323         130.918
            324         130.918
            325         130.918
            326         130.918
            327         130.918
            328         130.918
            329         130.918
            330         130.918
            331         130.918
            332         130.918
            333         130.918
            334         130.918
            335         130.918
            336         130.918
            337         130.918
            338         130.918
            339         130.918
            340         130.918
            341         130.918
            342         129.941
            343         129.941
            344         129.941
            345         129.941
            346         129.941
            347         129.941
            348         129.941
            349         129.941
            350         129.941
            351         128.964
            352         128.964
            353         128.964
            354         128.964
            355         128.964
            356         128.964
            357         128.964
            358         128.964
            359         128.964
            360         128.964
            361         128.964
            362         128.964
            363         128.964
            364         128.964
            365         128.964
            366         128.964
            367         128.964
            368         128.964
            369         128.964
            370         128.964
            371         128.964
            372         128.964
            373         128.964
            374         128.964
            375         128.964
            376         128.964
            377         128.964
            378         128.964
            379         128.964
            380         128.964
            381         128.964
            382         128.964
            383         128.964
            384         128.964
            385         128.964
            386         128.964
            387         128.964
            388         128.964
            389         128.964
            390         128.964
            391         128.964
            392         128.964
            393         128.964
            394         128.964
            395         128.964
            396         128.964
            397         128.964
            398         128.964
            399         128.964
            400         128.964
            401         128.964
            402         128.964
            403         128.964
            404         128.964
            405         128.964
            406         128.964
            407         128.964
            408         128.964
            409         128.964
            410         128.964
            411         128.964
            412         128.964
            413         128.964
            414         128.964
            415         128.964
            416         128.964
            417         128.964
            418         128.964
            419         128.964
            420         127.987
            421         127.987
            422         127.987
            423         127.987
            424         127.987
            425         127.987
            426         127.987
            427         127.987
            428         127.987
            429         127.987
            430         127.987
            431         127.987
            432         127.987
            433         127.987
            434         127.987
            435         127.987
            436         127.987
            437         127.987
            438         127.987
            439         127.987
            440         127.987
            441         127.987
            442         127.987
            443         127.987
            444         127.987
            445         127.987
            446         127.987
            447         127.987
            448         127.987
            449         127.987
            450         127.987
            451         127.987
            452         127.987
            453         127.987
            454         127.987
            455         127.987
            456         127.987
            457         127.987
            458         127.987
            459         127.987
            460         127.987
            461         127.987
            462         127.987
            463         127.987
            464         127.987
            465         127.987
            466         127.987
            467         127.987
            468         127.987
            469         127.987
            470         127.987
            471         127.987
            472         127.987
            473         127.987
            474         127.987
            475         127.987
            476         127.987
            477         127.987
            478         127.987
            479         127.987
            480         127.987
            481         127.987
            482         127.987
            483         127.987
            484         127.987
            485         127.987
            486         127.987
            487         127.987
            488         127.987
            489         127.010
            490         127.010
            491         127.010
            492         127.010
            493         127.010
            494         127.010
            495         127.010
            496         127.010
            497         127.010
            498         127.010
            499         127.010
            500         127.010
            501         127.010
            502         127.010
            503         127.010
            504         127.010
            505         127.010
            506         127.010
            507         127.010
            508         127.010
            509         127.010
            510         127.010
            511         127.010
            512         127.010
            513         127.010
            514         127.010
            515         127.010
            516         127.010
            517         127.010
            518         127.010
            519         127.010
            520         127.010
            521         127.010
            522         127.010
            523         127.010
            524         127.010
            525         127.010
            526         127.010
            527         127.010
            528         127.010
            529         127.010
            530         127.010
            531         127.010
            532         127.010
            533         127.010
            534         127.010
            535         127.010
            536         127.010
            537         127.010
            538         127.010
            539         127.010
            540         127.010
            541         127.010
            542         127.010
            543         127.010
            544         127.010
            545         127.010
            546         127.010
            547         127.010
            548         127.010
            549         127.010
            550         127.010
            551         127.010
            552         127.010
            553         127.010
            554         127.010
            555         127.010
            556         127.010
            557         127.010
            558         127.010
            559         127.010
            560         127.010
            561         127.010
            562         127.010
            563         127.010
            564         127.010
            565         127.010
            566         127.010
            567         127.010
            568         127.010
            569         127.010
            570         127.010
            571         127.010
            572         127.010
            573         127.010
            574         127.010
            575         127.010
            576         127.010
            577         127.010
            578         127.010
            579         127.010
            580         127.010
            581         127.010
            582         127.010
            583         127.010
            584         127.987
            585         127.987
            586         127.987
            587         127.987
            588         127.987
            589         127.987
            590         127.987
            591         127.987
            592         127.987
            593         127.987
            594         127.987
            595         127.987
            596         127.987
            597         127.987
            598         127.987
            599         127.987
            600         127.987
            601         127.987
            602         127.987
            603         127.987
            604         127.987
            605         127.987
            606         127.987
            607         127.987
            608         127.987
            609         127.987
            610         127.987
            611         127.987
            612         127.987
            613         127.987
            614         127.987
            615         127.987
            616         127.987
            617         127.987
            618         127.987
            619         127.987
            620         127.987
            621         127.987
            622         127.987
            623         127.987
            624         127.987
            625         127.987
            626         127.987
            627         127.987
            628         127.987
            629         127.987
            630         127.987
            631         127.987
            632         127.987
            633         127.987
            634         127.987
            635         127.010
            636         127.010
            637         127.010
            638         127.010
            639         127.010
            640         127.010
            641         127.010
            642         127.010
            643         127.010
            644         127.010
            645         127.010
            646         127.010
            647         127.010
            648         127.010
            649         127.010
            650         127.010
            651         127.010
            652         127.010
            653         126.033
            654         126.033
            655         126.033
            656         126.033
            657         126.033
            658         126.033
            659         126.033
            660         126.033
            661         126.033
            662         126.033
            663         126.033
            664         126.033
            665         126.033
            666         126.033
            667         126.033
            668         126.033
            669         126.033
            670         127.010
            671         127.010
            672         127.010
            673         127.010
            674         127.010
            675         127.010
            676         127.010
            677         127.010
            678         127.010
            679         127.010
            680         127.010
            681         127.010
            682         127.010
            683         127.010
            684         127.010
            685         127.010
            686         127.010
            687         127.010
            688         127.010
            689         127.010
            690         127.010
            691         127.010
            692         127.010
            693         127.010
            694         127.010
            695         127.010
            696         127.010
            697         127.010
            698         127.987
            699         127.010
            700         127.010
            701         127.010
            702         127.010
            703         127.010
            704         127.010
            705         127.010
            706         127.010
            707         127.010
            708         127.010
            709         127.010
            710         127.010
            711         127.010
            712         127.010
            713         127.010
            714         127.010
            715         127.010
            716         127.010
            717         126.033
            718         126.033
            719         126.033
            720         126.033
            721         126.033
            722         126.033
            723         126.033
            724         126.033
            725         126.033
            726         126.033
            727         126.033
            728         126.033
            729         126.033
            730         126.033
            731         126.033
            732         126.033
            733         126.033
            734         126.033
            735         126.033
            736         126.033
            737         126.033
            738         126.033
            739         126.033
            740         126.033
            741         126.033
            742         126.033
            743         126.033
            744         126.033
            745         126.033
            746         126.033
            747         126.033
            748         126.033
            749         126.033
            750         126.033
            751         126.033
            752         126.033
            753         126.033
            754         126.033
            755         126.033
            756         126.033
            757         126.033
            758         126.033
            759         126.033
            760         126.033
            761         126.033
            762         126.033
            763         126.033
            764         126.033
            765         125.056
            766         125.056
            767         125.056
            768         125.056
            769         125.056
            770         125.056
            771         125.056
            772         125.056
            773         125.056
            774         125.056
            775         125.056
            776         125.056
            777         125.056
            778         125.056
            779         125.056
            780         125.056
            781         125.056
            782         125.056
            783         125.056
            784         125.056
            785         125.056
            786         125.056
            787         124.079
            788         124.079
            789         124.079
            790         124.079
            791         124.079
            792         124.079
            793         124.079
            794         124.079
            795         124.079
            796         124.079
            797         124.079
            798         124.079
            799         124.079
            800         124.079
            801         124.079
            802         124.079
            803         124.079
            804         124.079
            805         124.079
            806         124.079
            807         124.079
            808         124.079
            809         124.079
            810         124.079
            811         124.079
            812         124.079
            813         124.079
            814         124.079
            815         124.079
            816         124.079
            817         124.079
            818         124.079
            819         124.079
            820         124.079
            821         124.079
            822         124.079
            823         124.079
            824         124.079
            825         124.079
            826         124.079
            827         124.079
            828         124.079
            829         124.079
            830         124.079
            831         124.079
            832         124.079
            833         124.079
            834         124.079
            835         124.079
            836         124.079
            837         124.079
            838         124.079
            839         124.079
            840         124.079
            841         124.079
            842         124.079
            843         124.079
            844         124.079
            845         124.079
            846         124.079
            847         124.079
            848         124.079
            849         124.079
            850         124.079
            851         124.079
            852         124.079
            853         124.079
            854         124.079
            855         124.079
            856         124.079
            857         124.079
            858         124.079
            859         124.079
            860         124.079
            861         124.079
            862         124.079
            863         124.079
            864         124.079
            865         124.079
            866         124.079
            867         124.079
            868         124.079
            869         124.079
            870         124.079
            871         124.079
            872         124.079
            873         124.079
            874         124.079
            875         124.079
            876         124.079
            877         124.079
            878         124.079
            879         124.079
            880         124.079
            881         124.079
            882         124.079
            883         124.079
            884         124.079
            885         124.079
            886         124.079
            887         124.079
            888         124.079
            889         124.079
            890         124.079
            891         124.079
            892         124.079
            893         124.079
            894         124.079
            895         124.079
            896         124.079
            897         124.079
            898         124.079
            899         124.079
            900         124.079
            901         123.102
            902         123.102
            903         123.102
            904         123.102
            905         123.102
            906         123.102
            907         123.102
            908         123.102
            909         123.102
            910         123.102
            911         123.102
            912         123.102
            913         123.102
            914         123.102
            915         123.102
            916         123.102
            917         123.102
            918         123.102
            919         123.102
            920         123.102
            921         123.102
            922         123.102
            923         123.102
            924         123.102
            925         123.102
            926         123.102
            927         123.102
            928         123.102
            929         123.102
            930         123.102
            931         123.102
            932         123.102
            933         123.102
            934         123.102
            935         123.102
            936         123.102
            937         123.102
            938         123.102
            939         123.102
            940         123.102
            941         122.125
            942         122.125
            943         122.125
            944         122.125
            945         122.125
            946         122.125
            947         122.125
            948         122.125
            949         122.125
            950         122.125
            951         122.125
            952         122.125
            953         122.125
            954         122.125
            955         121.148
            956         121.148
            957         121.148
            958         121.148
            959         121.148
            960         121.148
            961         121.148
            962         121.148
            963         121.148
            964         121.148
            965         121.148
            966         121.148
            967         121.148
            968         121.148
            969         121.148
            970         121.148
            971         121.148
            972         121.148
            973         121.148
            974         121.148
            975         121.148
            976         121.148
            977         121.148
            978         121.148
            979         121.148
            980         121.148
            981         121.148
            982         121.148
            983         121.148
            984         121.148
            985         121.148
            986         121.148
            987         121.148
            988         121.148
            989         121.148
            990         121.148
            991         121.148
            992         121.148
            993         121.148
            994         121.148
            995         121.148
            996         121.148
            997         121.148
            998         121.148
            999         121.148
           1000         121.148
           1001         121.148
           1002         121.148
           1003         121.148
           1004         121.148
           1005         121.148
           1006         120.171
           1007         120.171
           1008         120.171
           1009         120.171
           1010         120.171
           1011         120.171
           1012         120.171
           1013         120.171
           1014         120.171
           1015         120.171
           1016         120.171
           1017         120.171
           1018         120.171
           1019         120.171
           1020         120.171
           1021         120.171
           1022         120.171
           1023         120.171
           1024         120.171
           1025         120.171
           1026         120.171
           1027         120.171
           1028         120.171
           1029         120.171
           1030         120.171
           1031         120.171
           1032         120.171
           1033         120.171
           1034         120.171
           1035         120.171
           1036         120.171
           1037         120.171
           1038         120.171
           1039         120.171
           1040         120.171
           1041         120.171
           1042         120.171
           1043         120.171
           1044         120.171
           1045         120.171
           1046         120.171
           1047         120.171
           1048         120.171
           1049         120.171
           1050         120.171
           1051         120.171
           1052         120.171
           1053         120.171
           1054         120.171
           1055         120.171
           1056         120.171
           1057         120.171
           1058         120.171
           1059         120.171
           1060         120.171
           1061         120.171
           1062         120.171
           1063         120.171
           1064         120.171
           1065         120.171
           1066         120.171
           1067         120.171
           1068         120.171
           1069         120.171
           1070         120.171
           1071         120.171
           1072         120.171
           1073         120.171
           1074         120.171
           1075         120.171
           1076         120.171
           1077         120.171
           1078         120.171
           1079         120.171
           1080         120.171
           1081         120.171
           1082         120.171
           1083         120.171
           1084         120.171
           1085         120.171
           1086         120.171
           1087         120.171
           1088         120.171
           1089         120.171
           1090         120.171
           1091         120.171
           1092         120.171
           1093         120.171
           1094         120.171
           1095         120.171
           1096         120.171
           1097         120.171
           1098         120.171
           1099         120.171
           1100         120.171
           1101         120.171
           1102         120.171
           1103         120.171
           1104         120.171
           1105         120.171
           1106         120.171
           1107         120.171
           1108         120.171
           1109         120.171
           1110         119.194
           1111         119.194
           1112         119.194
           1113         119.194
           1114         119.194
           1115         119.194
           1116         119.194
           1117         119.194
           1118         119.194
           1119         119.194
           1120         119.194
           1121         119.194
           1122         119.194
           1123         119.194
           1124         119.194
           1125         119.194
           1126         119.194
           1127         119.194
           1128         119.194
           1129         119.194
           1130         119.194
           1131         119.194
           1132         119.194
           1133         119.194
           1134         119.194
           1135         119.194
           1136         119.194
           1137         119.194
           1138         119.194
           1139         119.194
           1140         119.194
           1141         119.194
           1142         119.194
           1143         119.194
           1144         119.194
           1145         119.194
           1146         119.194
           1147         119.194
           1148         119.194
           1149         119.194
           1150         119.194
           1151         119.194
           1152         119.194
           1153         119.194
           1154         119.194
           1155         119.194
           1156         119.194
           1157         119.194
           1158         119.194
           1159         119.194
           1160         119.194
           1161         119.194
           1162         119.194
           1163         119.194
           1164         119.194
           1165         119.194
           1166         119.194
           1167         119.194
           1168         119.194
           1169         119.194
           1170         119.194
           1171         119.194
           1172         119.194
           1173         119.194
           1174         119.194
           1175         119.194
           1176         119.194
           1177         119.194
           1178         119.194
           1179         119.194
           1180         119.194
           1181         119.194
           1182         119.194
           1183         119.194
           1184         119.194
           1185         119.194
           1186         119.194
           1187         119.194
           1188         119.194
           1189         119.194
           1190         119.194
           1191         119.194
           1192         119.194
           1193         119.194
           1194         119.194
           1195         119.194
           1196         119.194
           1197         119.194
           1198         119.194
           1199         119.194
           1200         119.194
           1201         119.194
           1202         119.194
           1203         119.194
           1204         119.194
           1205         119.194
           1206         119.194
           1207         119.194
           1208         119.194
           1209         119.194
           1210         119.194
           1211         119.194
           1212         119.194
           1213         119.194
           1214         119.194
           1215         119.194
           1216         119.194
           1217         119.194
           1218         119.194
           1219         119.194
           1220         119.194
           1221         119.194
           1222         119.194
           1223         119.194
           1224         119.194
           1225         119.194
           1226         119.194
           1227         119.194
           1228         119.194
           1229         119.194
           1230         119.194
           1231         119.194
           1232         119.194
           1233         119.194
           1234         119.194
           1235         119.194
           1236         119.194
           1237         119.194
           1238         119.194
           1239         119.194
           1240         119.194
           1241         120.171
           1242         120.171
           1243         120.171
           1244         120.171
           1245         120.171
           1246         120.171
           1247         120.171
           1248         120.171
           1249         120.171
           1250         120.171
           1251         120.171
           1252         120.171
           1253         120.171
           1254         120.171
           1255         120.171
           1256         120.171
           1257         120.171
           1258         120.171
           1259         120.171
           1260         120.171
           1261         120.171
           1262         120.171
           1263         120.171
           1264         120.171
           1265         120.171
           1266         120.171
           1267         120.171
           1268         120.171
           1269         120.171
           1270         120.171
           1271         120.171
           1272         120.171
           1273         120.171
           1274         120.171
           1275         120.171
           1276         120.171
           1277         120.171
           1278         120.171
           1279         120.171
           1280         120.171
           1281         120.171
           1282         120.171
           1283         120.171
           1284         120.171
           1285         120.171
           1286         120.171
           1287         120.171
           1288         120.171
           1289         120.171
           1290         120.171
           1291         120.171
           1292         120.171
           1293         120.171
           1294         120.171
           1295         120.171
           1296         120.171
           1297         120.171
           1298         120.171
           1299         120.171
           1300         120.171
           1301         120.171
           1302         120.171
           1303         120.171
           1304         120.171
           1305         120.171
           1306         120.171
           1307         120.171
           1308         120.171
           1309         120.171
           1310         120.171
           1311         120.171
           1312         120.171
           1313         120.171
           1314         120.171
           1315         120.171
           1316         120.171
           1317         120.171
           1318         120.171
           1319         120.171
           1320         120.171
           1321         120.171
           1322         120.171
           1323         120.171
           1324         120.171
           1325         120.171
           1326         120.171
           1327         120.171
           1328         120.171
           1329         120.171
           1330         120.171
           1331         120.171
           1332         120.171
           1333         120.171
           1334         120.171
           1335         120.171
           1336         120.171
           1337         120.171
           1338         120.171
           1339         120.171
           1340         120.171
           1341         120.171
           1342         120.171
           1343         120.171
           1344         120.171
           1345         120.171
           1346         120.171
           1347         120.171
           1348         120.171
           1349         120.171
           1350         120.171
           1351         120.171
           1352         120.171
           1353         120.171
           1354         120.171
           1355         120.171
           1356         120.171
           1357         120.171
           1358         120.171
           1359         120.171
           1360         120.171
           1361         120.171
           1362         120.171
           1363         120.171
           1364         120.171
           1365         120.171
           1366         120.171
           1367         120.171
           1368         120.171
           1369         120.171
           1370         120.171
           1371         120.171
           1372         120.171
           1373         120.171
           1374         120.171
           1375         120.171
           1376         120.171
           1377         120.171
           1378         120.171
           1379         120.171
           1380         120.171
           1381         120.171
           1382         120.171
           1383         120.171
           1384         120.171
           1385         120.171
           1386         120.171
           1387         120.171
           1388         120.171
           1389         120.171
           1390         120.171
           1391         120.171
           1392         120.171
           1393         120.171
           1394         120.171
           1395         120.171
           1396         120.171
           1397         120.171
           1398         120.171
           1399         120.171
           1400         120.171
           1401         120.171
           1402         120.171
           1403         120.171
           1404         120.171
           1405         120.171
           1406         120.171
           1407         120.171
           1408         120.171
           1409         120.171
           1410         120.171
           1411         120.171
           1412         120.171
           1413         120.171
           1414         120.171
           1415         120.171
           1416         120.171
           1417         120.171
           1418         120.171
           1419         120.171
           1420         120.171
           1421         120.171
           1422         120.171
           1423         120.171
           1424         120.171
           1425         120.171
           1426         120.171
           1427         120.171
           1428         120.171
           1429         120.171
           1430         120.171
           1431         120.171
           1432         120.171
           1433         120.171
           1434         120.171
           1435         120.171
           1436         120.171
           1437         120.171
           1438         120.171
           1439         120.171
           1440         120.171
           1441         120.171
           1442         120.171
           1443         120.171
           1444         120.171
           1445         120.171
           1446         120.171
           1447         120.171
           1448         120.171
           1449         120.171
           1450         120.171
           1451         120.171
           1452         120.171
           1453         120.171
           1454         120.171
           1455         120.171
           1456         120.171
           1457         120.171
           1458         120.171
           1459         120.171
           1460         120.171
           1461         120.171
           1462         120.171
           1463         120.171
           1464         120.171
           1465         120.171
           1466         120.171
           1467         120.171
           1468         120.171
           1469         120.171
           1470         120.171
           1471         120.171
           1472         120.171
           1473         120.171
           1474         120.171
           1475         120.171
           1476         120.171
           1477         120.171
           1478         120.171
           1479         120.171
           1480         120.171
           1481         120.171
           1482         120.171
           1483         120.171
           1484         120.171
           1485         119.194
           1486         119.194
           1487         119.194
           1488         119.194
           1489         119.194
           1490         119.194
           1491         119.194
           1492         119.194
           1493         119.194
           1494         119.194
           1495         119.194
           1496         119.194
           1497         119.194
           1498         119.194
           1499         119.194
           1500         119.194
           1501         119.194
           1502         119.194
           1503         119.194
           1504         119.194
           1505         119.194
           1506         119.194
           1507         119.194
           1508         119.194
           1509         119.194
           1510         119.194
           1511         119.194
           1512         119.194
           1513         119.194
           1514         119.194
           1515         119.194
           1516         119.194
           1517         119.194
           1518         119.194
           1519         119.194
           1520         119.194
           1521         119.194
           1522         119.194
           1523         119.194
           1524         119.194
           1525         119.194
           1526         119.194
           1527         119.194
           1528         119.194
           1529         118.217
           1530         118.217
           1531         118.217
           1532         118.217
           1533         118.217
           1534         118.217
           1535         118.217
           1536         118.217
           1537         118.217
           1538         118.217
           1539         118.217
           1540         118.217
           1541         118.217
           1542         118.217
           1543         118.217
           1544         118.217
           1545         118.217
           1546         118.217
           1547         118.217
           1548         118.217
           1549         118.217
           1550         118.217
           1551         118.217
           1552         118.217
           1553         118.217
           1554         118.217
           1555         118.217
           1556         118.217
           1557         118.217
           1558         118.217
           1559         118.217
           1560         118.217
           1561         118.217
           1562         118.217
           1563         118.217
           1564         118.217
           1565         118.217
           1566         118.217
           1567         118.217
           1568         118.217
           1569         118.217
           1570         118.217
           1571         118.217
           1572         118.217
           1573         118.217
           1574         118.217
           1575         118.217
           1576         118.217
           1577         118.217
           1578         118.217
           1579         118.217
           1580         118.217
           1581         118.217
           1582         118.217
           1583         118.217
           1584         118.217
           1585         118.217
           1586         118.217
           1587         118.217
           1588         118.217
           1589         118.217
           1590         118.217
           1591         118.217
           1592         118.217
           1593         118.217
           1594         118.217
           1595         118.217
           1596         118.217
           1597         118.217
           1598         118.217
           1599         118.217
           1600         118.217
           1601         118.217
           1602         118.217
           1603         118.217
           1604         118.217
           1605         118.217
           1606         118.217
           1607         118.217
           1608         118.217
           1609         118.217
           1610         118.217
           1611         118.217
           1612         118.217
           1613         118.217
           1614         118.217
           1615         118.217
           1616         118.217
           1617         118.217
           1618         118.217
           1619         118.217
           1620         118.217
           1621         118.217
           1622         118.217
           1623         118.217
           1624         118.217
           1625         118.217
           1626         118.217
           1627         118.217
           1628         118.217
           1629         118.217
           1630         118.217
           1631         118.217
           1632         118.217
           1633         118.217
           1634         118.217
           1635         118.217
           1636         118.217
           1637         118.217
           1638         118.217
           1639         118.217
           1640         118.217
           1641         118.217
           1642         118.217
           1643         118.217
           1644         118.217
           1645         118.217
           1646         118.217
           1647         118.217
           1648         118.217
           1649         118.217
           1650         118.217
           1651         118.217
           1652         118.217
           1653         118.217
           1654         118.217
           1655         118.217
           1656         118.217
           1657         118.217
           1658         118.217
           1659         118.217
           1660         118.217
           1661         118.217
           1662         118.217
           1663         118.217
           1664         118.217
           1665         118.217
           1666         118.217
           1667         118.217
           1668         118.217
           1669         118.217
           1670         118.217
           1671         118.217
           1672         118.217
           1673         118.217
           1674         118.217
           1675         118.217
           1676         118.217
           1677         118.217
           1678         118.217
           1679         118.217
           1680         118.217
           1681         118.217
           1682         118.217
           1683         118.217
           1684         118.217
           1685         118.217
           1686         118.217
           1687         118.217
           1688         118.217
           1689         118.217
           1690         118.217
           1691         118.217
           1692         118.217
           1693         118.217
           1694         118.217
           1695         118.217
           1696         118.217
           1697         118.217
           1698         118.217
           1699         118.217
           1700         118.217
           1701         118.217
           1702         118.217
           1703         117.240
           1704         117.240
           1705         117.240
           1706         117.240
           1707         117.240
           1708         117.240
           1709         117.240
           1710         117.240
           1711         117.240
           1712         117.240
           1713         117.240
           1714         117.240
           1715         117.240
           1716         117.240
           1717         117.240
           1718         117.240
           1719         117.240
           1720         117.240
           1721         117.240
           1722         117.240
           1723         117.240
           1724         117.240
           1725         117.240
           1726         117.240
           1727         117.240
           1728         117.240
           1729         117.240
           1730         117.240
           1731         117.240
           1732         117.240
           1733         117.240
           1734         117.240
           1735         117.240
           1736         117.240
           1737         117.240
           1738         117.240
           1739         116.263
           1740         116.263
           1741         116.263
           1742         116.263
           1743         116.263
           1744         116.263
           1745         116.263
           1746         116.263
           1747         116.263
           1748         116.263
           1749         116.263
           1750         116.263
           1751         116.263
           1752         116.263
           1753         116.263
           1754         116.263
           1755         116.263
           1756         116.263
           1757         116.263
           1758         116.263
           1759         116.263
           1760         116.263
           1761         116.263
           1762         116.263
           1763         116.263
           1764         116.263
           1765         116.263
           1766         116.263
           1767         116.263
           1768         116.263
           1769         116.263
           1770         116.263
           1771         116.263
           1772         116.263
           1773         116.263
           1774         116.263
           1775         116.263
           1776         116.263
           1777         116.263
           1778         116.263
           1779         116.263
           1780         116.263
           1781         116.263
           1782         116.263
           1783         116.263
           1784         116.263
           1785         116.263
           1786         116.263
           1787         116.263
           1788         116.263
           1789         116.263
           1790         116.263
           1791         116.263
           1792         116.263
           1793         116.263
           1794         116.263
           1795         116.263
           1796         116.263
           1797         116.263
           1798         116.263
           1799         116.263
           1800         116.263
           1801         116.263
           1802         116.263
           1803         116.263
           1804         116.263
           1805         116.263
           1806         116.263
           1807         116.263
           1808         116.263
           1809         116.263
           1810         116.263
           1811         116.263
           1812         116.263
           1813         116.263
           1814         116.263
           1815         116.263
           1816         115.286
           1817         115.286
           1818         115.286
           1819         115.286
           1820         115.286
           1821         115.286
           1822         115.286
           1823         115.286
           1824         115.286
           1825         115.286
           1826         115.286
           1827         115.286
           1828         115.286
           1829         115.286
           1830         115.286
           1831         115.286
           1832         115.286
           1833         115.286
           1834         115.286
           1835         115.286
           1836         115.286
           1837         115.286
           1838         115.286
           1839         115.286
           1840         115.286
           1841         115.286
           1842         115.286
           1843         115.286
           1844         115.286
           1845         115.286
           1846         115.286
           1847         115.286
           1848         115.286
           1849         115.286
           1850         115.286
           1851         115.286
           1852         115.286
           1853         115.286
           1854         115.286
           1855         115.286
           1856         115.286
           1857         115.286
           1858         115.286
           1859         115.286
           1860         115.286
           1861         115.286
           1862         115.286
           1863         115.286
           1864         115.286
           1865         115.286
           1866         115.286
           1867         115.286
           1868         116.263
           1869         116.263
           1870         116.263
           1871         116.263
           1872         116.263
           1873         116.263
           1874         116.263
           1875         116.263
           1876         116.263
           1877         116.263
           1878         116.263
           1879         116.263
           1880         116.263
           1881         116.263
           1882         116.263
           1883         116.263
           1884         116.263
           1885         116.263
           1886         116.263
           1887         116.263
           1888         116.263
           1889         116.263
           1890         116.263
           1891         116.263
           1892         116.263
           1893         116.263
           1894         116.263
           1895         116.263
           1896         116.263
           1897         116.263
           1898         116.263
           1899         116.263
           1900         116.263
           1901         116.263
           1902         116.263
           1903         116.263
           1904         116.263
           1905         116.263
           1906         116.263
           1907         116.263
           1908         116.263
           1909         116.263
           1910         116.263
           1911         116.263
           1912         116.263
           1913         116.263
           1914         116.263
           1915         116.263
           1916         116.263
           1917         116.263
           1918         116.263
           1919         116.263
           1920         116.263
           1921         116.263
           1922         116.263
           1923         116.263
           1924         116.263
           1925         116.263
           1926         116.263
           1927         116.263
           1928         116.263
           1929         116.263
           1930         116.263
           1931         116.263
           1932         116.263
           1933         116.263
           1934         116.263
           1935         116.263
           1936         116.263
           1937         116.263
           1938         116.263
           1939         116.263
           1940         116.263
           1941         116.263
           1942         116.263
           1943         116.263
           1944         116.263
           1945         116.263
           1946         116.263
           1947         116.263
           1948         116.263
           1949         116.263
           1950         116.263
           1951         116.263
           1952         116.263
           1953         116.263
           1954         116.263
           1955         116.263
           1956         116.263
           1957         116.263
           1958         116.263
           1959         116.263
           1960         115.286
           1961         115.286
           1962         115.286
           1963         115.286
           1964         115.286
           1965         115.286
           1966         115.286
           1967         115.286
           1968         115.286
           1969         115.286
           1970         115.286
           1971         115.286
           1972         115.286
           1973         115.286
           1974         115.286
           1975         115.286
           1976         115.286
           1977         115.286
           1978         115.286
           1979         115.286
           1980         115.286
           1981         115.286
           1982         115.286
           1983         115.286
           1984         115.286
           1985         115.286
           1986         115.286
           1987         115.286
           1988         115.286
           1989         115.286
           1990         115.286
           1991         115.286
           1992         115.286
           1993         115.286
           1994         115.286
           1995         115.286
           1996         115.286
           1997         115.286
           1998         115.286
           1999         115.286
           2000         115.286
           2001         115.286
           2002         115.286
           2003         115.286
           2004         115.286
           2005         115.286
           2006         114.309
           2007         114.309
           2008         114.309
           2009         114.309
           2010         114.309
           2011         114.309
           2012         114.309
           2013         114.309
           2014         114.309
           2015         114.309
           2016         114.309
           2017         114.309
           2018         114.309
           2019         114.309
           2020         114.309
           2021         114.309
           2022         114.309
           2023         114.309
           2024         114.309
           2025         114.309
           2026         114.309
           2027         114.309
           2028         114.309
           2029         114.309
           2030         114.309
           2031         114.309
           2032         114.309
           2033         113.332
           2034         113.332
           2035         113.332
           2036         113.332
           2037         113.332
           2038         113.332
           2039         113.332
           2040         113.332
           2041         113.332
           2042         113.332
           2043         113.332
           2044         113.332
           2045         113.332
           2046         113.332
           2047         113.332
           2048         113.332
           2049         113.332
           2050         113.332
           2051         112.355
           2052         112.355
           2053         112.355
           2054         112.355
           2055         112.355
           2056         112.355
           2057         112.355
           2058         112.355
           2059         112.355
           2060         112.355
           2061         112.355
           2062         112.355
           2063         112.355
           2064         112.355
           2065         112.355
           2066         112.355
           2067         112.355
           2068         112.355
           2069         112.355
           2070         111.378
           2071         111.378
           2072         111.378
           2073         111.378
           2074         111.378
           2075         111.378
           2076         111.378
           2077         111.378
           2078         111.378
           2079         111.378
           2080         111.378
           2081         111.378
           2082         111.378
           2083         111.378
           2084         111.378
           2085         111.378
           2086         111.378
           2087         111.378
           2088         111.378
           2089         111.378
           2090         111.378
           2091         111.378
           2092         110.401
           2093         110.401
           2094         110.401
           2095         110.401
           2096         110.401
           2097         110.401
           2098         110.401
           2099         110.401
           2100         110.401
           2101         110.401
           2102         110.401
           2103         110.401
           2104         110.401
           2105         110.401
           2106         110.401
           2107         110.401
           2108         110.401
           2109         110.401
           2110         110.401
           2111         110.401
           2112         110.401
           2113         110.401
           2114         110.401
           2115         110.401
           2116         110.401
           2117         110.401
           2118         110.401
           2119         110.401
           2120         110.401
           2121         110.401
           2122         110.401
           2123         110.401
           2124         110.401
           2125         110.401
           2126         110.401
           2127         110.401
           2128         110.401
           2129         110.401
           2130         110.401
           2131         110.401
           2132         110.401
           2133         110.401
           2134         110.401
           2135         110.401
           2136         110.401
           2137         110.401
           2138         110.401
           2139         110.401
           2140         110.401
           2141         110.401
           2142         110.401
           2143         110.401
           2144         110.401
           2145         110.401
           2146         110.401
           2147         110.401
           2148         110.401
           2149         110.401
           2150         110.401
           2151         110.401
           2152         110.401
           2153         110.401
           2154         110.401
           2155         110.401
           2156         110.401
           2157         110.401
           2158         110.401
           2159         110.401
           2160         110.401
           2161         110.401
           2162         110.401
           2163         110.401
           2164         110.401
           2165         110.401
           2166         110.401
           2167         110.401
           2168         110.401
           2169         110.401
           2170         110.401
           2171         110.401
           2172         109.424
           2173         109.424
           2174         109.424
           2175         109.424
           2176         109.424
           2177         109.424
           2178         109.424
           2179         109.424
           2180         109.424
           2181         109.424
           2182         109.424
           2183         109.424
           2184         109.424
           2185         109.424
           2186         109.424
           2187         109.424
           2188         109.424
           2189         109.424
           2190         109.424
           2191         109.424
           2192         108.447
           2193         108.447
           2194         108.447
           2195         108.447
           2196         108.447
           2197         108.447
           2198         108.447
           2199         108.447
           2200         108.447
           2201         108.447
           2202         108.447
           2203         107.470
           2204         107.470
           2205         107.470
           2206         107.470
           2207         107.470
           2208         106.493
           2209         106.493
           2210         106.493
           2211         106.493
           2212         106.493
           2213         105.516
           2214         105.516
           2215         105.516
           2216         105.516
           2217         105.516
           2218         105.516
           2219         105.516
           2220         105.516
           2221         105.516
           2222         105.516
           2223         105.516
           2224         105.516
           2225         105.516
           2226         105.516
           2227         105.516
           2228         105.516
           2229         105.516
           2230         105.516
           2231         105.516
           2232         105.516
           2233         105.516
           2234         105.516
           2235         105.516
           2236         105.516
           2237         105.516
           2238         105.516
           2239         105.516
           2240         105.516
           2241         105.516
           2242         105.516
           2243         105.516
           2244         105.516
           2245         105.516
           2246         105.516
           2247         105.516
           2248         105.516
           2249         105.516
           2250         105.516
           2251         105.516
           2252         105.516
           2253         105.516
           2254         105.516
           2255         104.539
           2256         104.539
           2257         104.539
           2258         104.539
           2259         104.539
           2260         104.539
           2261         104.539
           2262         104.539
           2263         104.539
           2264         104.539
           2265         104.539
           2266         104.539
           2267         104.539
           2268         104.539
           2269         104.539
           2270         104.539
           2271         103.562
           2272         103.562
           2273         103.562
           2274         103.562
           2275         103.562
           2276         103.562
           2277         103.562
           2278         103.562
           2279         103.562
           2280         103.562
           2281         103.562
           2282         103.562
           2283         103.562
           2284         103.562
           2285         103.562
           2286         103.562
           2287         102.585
           2288         102.585
           2289         102.585
           2290         102.585
           2291         102.585
           2292         102.585
           2293         102.585
           2294         102.585
           2295         102.585
           2296         102.585
           2297         102.585
           2298         102.585
           2299         102.585
           2300         102.585
           2301         102.585
           2302         102.585
           2303         101.608
           2304         101.608
           2305         101.608
           2306         101.608
           2307         101.608
           2308         101.608
           2309         101.608
           2310         101.608
           2311         101.608
           2312         101.608
           2313         101.608
           2314         101.608
           2315         101.608
           2316         101.608
           2317         101.608
           2318         101.608
           2319         100.631
           2320         100.631
           2321         100.631
           2322         100.631
           2323         100.631
           2324         100.631
           2325         100.631
           2326         100.631
           2327         100.631
           2328         100.631
           2329         100.631
           2330         100.631
           2331         100.631
           2332         100.631
           2333         100.631
           2334         100.631
           2335          99.654
           2336          99.654
           2337          99.654
           2338          99.654
           2339          99.654
           2340          99.654
           2341          99.654
           2342          99.654
           2343          99.654
           2344          99.654
           2345          99.654
           2346          99.654
           2347          99.654
