TRACENO
              1         148.504
              2         148.504
              3         148.504
              4         148.504
              5         148.504
              6         148.504
              7         148.504
              8         148.504
              9         148.504
             10         148.504
             11         148.504
             12         148.504
             13         147.527
             14         147.527
             15         147.527
             16         147.527
             17         147.527
             18         147.527
             19         147.527
             20         147.527
             21         147.527
             22         147.527
             23         148.504
             24         148.504
             25         148.504
             26         148.504
             27         148.504
             28         148.504
             29         148.504
             30         148.504
             31         148.504
             32         148.504
             33         148.504
             34         148.504
             35         148.504
             36         148.504
             37         148.504
             38         148.504
             39         148.504
             40         148.504
             41         148.504
             42         148.504
             43         148.504
             44         148.504
             45         148.504
             46         148.504
             47         148.504
             48         148.504
             49         148.504
             50         148.504
             51         149.481
             52         149.481
             53         149.481
             54         149.481
             55         149.481
             56         149.481
             57         149.481
             58         149.481
             59         149.481
             60         149.481
             61         149.481
             62         149.481
             63         149.481
             64         149.481
             65         149.481
             66         149.481
             67         149.481
             68         149.481
             69         149.481
             70         149.481
             71         149.481
             72         149.481
             73         149.481
             74         149.481
             75         149.481
             76         149.481
             77         149.481
             78         149.481
             79         149.481
             80         149.481
             81         149.481
             82         149.481
             83         149.481
             84         149.481
             85         149.481
             86         149.481
             87         150.458
             88         149.481
             89         149.481
             90         149.481
             91         149.481
             92         149.481
             93         149.481
             94         149.481
             95         149.481
             96         149.481
             97         149.481
             98         149.481
             99         149.481
            100         149.481
            101         149.481
            102         149.481
            103         149.481
            104         149.481
            105         149.481
            106         149.481
            107         149.481
            108         149.481
            109         149.481
            110         149.481
            111         149.481
            112         149.481
            113         149.481
            114         149.481
            115         149.481
            116         149.481
            117         149.481
            118         150.458
            119         150.458
            120         150.458
            121         150.458
            122         150.458
            123         150.458
            124         150.458
            125         150.458
            126         150.458
            127         150.458
            128         150.458
            129         150.458
            130         150.458
            131         150.458
            132         150.458
            133         150.458
            134         150.458
            135         150.458
            136         150.458
            137         150.458
            138         150.458
            139         150.458
            140         150.458
            141         150.458
            142         150.458
            143         150.458
            144         150.458
            145         150.458
            146         150.458
            147         150.458
            148         150.458
            149         150.458
            150         150.458
            151         150.458
            152         150.458
            153         150.458
            154         150.458
            155         150.458
            156         150.458
            157         150.458
            158         150.458
            159         150.458
            160         150.458
            161         150.458
            162         150.458
            163         150.458
            164         150.458
            165         150.458
            166         150.458
            167         150.458
            168         150.458
            169         150.458
            170         150.458
            171         150.458
            172         150.458
            173         150.458
            174         150.458
            175         150.458
            176         150.458
            177         150.458
            178         150.458
            179         150.458
            180         150.458
            181         149.481
            182         149.481
            183         149.481
            184         149.481
            185         149.481
            186         149.481
            187         149.481
            188         149.481
            189         149.481
            190         149.481
            191         149.481
            192         149.481
            193         149.481
            194         149.481
            195         149.481
            196         149.481
            197         149.481
            198         149.481
            199         149.481
            200         149.481
            201         149.481
            202         149.481
            203         149.481
            204         149.481
            205         149.481
            206         149.481
            207         149.481
            208         149.481
            209         149.481
            210         149.481
            211         149.481
            212         150.458
            213         150.458
            214         150.458
            215         150.458
            216         150.458
            217         150.458
            218         150.458
            219         150.458
            220         150.458
            221         150.458
            222         150.458
            223         150.458
            224         150.458
            225         150.458
            226         150.458
            227         150.458
            228         150.458
            229         150.458
            230         150.458
            231         150.458
            232         150.458
            233         150.458
            234         150.458
            235         150.458
            236         149.481
            237         149.481
            238         149.481
            239         149.481
            240         149.481
            241         149.481
            242         149.481
            243         149.481
            244         149.481
            245         149.481
            246         149.481
            247         149.481
            248         149.481
            249         149.481
            250         149.481
            251         149.481
            252         149.481
            253         149.481
            254         149.481
            255         149.481
            256         149.481
            257         148.504
            258         148.504
            259         148.504
            260         148.504
            261         148.504
            262         148.504
            263         148.504
            264         148.504
            265         148.504
            266         148.504
            267         148.504
            268         148.504
            269         148.504
            270         148.504
            271         148.504
            272         148.504
            273         148.504
            274         149.481
            275         149.481
            276         149.481
            277         149.481
            278         149.481
            279         148.504
            280         148.504
            281         148.504
            282         148.504
            283         148.504
            284         148.504
            285         148.504
            286         148.504
            287         148.504
            288         148.504
            289         148.504
            290         148.504
            291         148.504
            292         148.504
            293         148.504
            294         148.504
            295         148.504
            296         148.504
            297         148.504
            298         148.504
            299         148.504
            300         148.504
            301         148.504
            302         148.504
            303         148.504
            304         148.504
            305         148.504
            306         148.504
            307         148.504
            308         148.504
            309         148.504
            310         148.504
            311         148.504
            312         148.504
            313         147.527
            314         147.527
            315         147.527
            316         147.527
            317         147.527
            318         147.527
            319         147.527
            320         147.527
            321         147.527
            322         147.527
            323         147.527
            324         147.527
            325         147.527
            326         147.527
            327         147.527
            328         147.527
            329         147.527
            330         147.527
            331         147.527
            332         147.527
            333         147.527
            334         146.550
            335         146.550
            336         146.550
            337         146.550
            338         146.550
            339         146.550
            340         146.550
            341         146.550
            342         146.550
            343         146.550
            344         146.550
            345         146.550
            346         146.550
            347         146.550
            348         146.550
            349         146.550
            350         145.573
            351         145.573
            352         145.573
            353         145.573
            354         145.573
            355         145.573
            356         145.573
            357         145.573
            358         145.573
            359         145.573
            360         145.573
            361         145.573
            362         145.573
            363         145.573
            364         145.573
            365         145.573
            366         145.573
            367         145.573
            368         145.573
            369         145.573
            370         144.596
            371         144.596
            372         144.596
            373         144.596
            374         144.596
            375         144.596
            376         144.596
            377         144.596
            378         144.596
            379         144.596
            380         144.596
            381         144.596
            382         144.596
            383         144.596
            384         144.596
            385         144.596
            386         145.573
            387         145.573
            388         145.573
            389         144.596
            390         144.596
            391         144.596
            392         144.596
            393         144.596
            394         144.596
            395         144.596
            396         144.596
            397         143.619
            398         143.619
            399         143.619
            400         143.619
            401         143.619
            402         143.619
            403         143.619
            404         143.619
            405         143.619
            406         143.619
            407         143.619
            408         143.619
            409         143.619
            410         143.619
            411         143.619
            412         143.619
            413         143.619
            414         143.619
            415         143.619
            416         142.642
            417         142.642
            418         142.642
            419         142.642
            420         142.642
            421         142.642
            422         142.642
            423         142.642
            424         142.642
            425         142.642
            426         142.642
            427         142.642
            428         142.642
            429         142.642
            430         142.642
            431         142.642
            432         142.642
            433         142.642
            434         142.642
            435         142.642
            436         142.642
            437         142.642
            438         142.642
            439         142.642
            440         142.642
            441         142.642
            442         142.642
            443         141.665
            444         141.665
            445         141.665
            446         141.665
            447         141.665
            448         141.665
            449         141.665
            450         141.665
            451         141.665
            452         141.665
            453         141.665
            454         141.665
            455         141.665
            456         141.665
            457         141.665
            458         140.688
            459         140.688
            460         140.688
            461         140.688
            462         140.688
            463         139.711
            464         139.711
            465         139.711
            466         139.711
            467         139.711
            468         139.711
            469         139.711
            470         139.711
            471         139.711
            472         139.711
            473         139.711
            474         139.711
            475         139.711
            476         139.711
            477         139.711
            478         139.711
            479         139.711
            480         139.711
            481         139.711
            482         139.711
            483         139.711
            484         139.711
            485         139.711
            486         138.734
            487         138.734
            488         138.734
            489         138.734
            490         138.734
            491         138.734
            492         138.734
            493         138.734
            494         138.734
            495         138.734
            496         138.734
            497         138.734
            498         138.734
            499         138.734
            500         138.734
            501         138.734
            502         138.734
            503         138.734
            504         138.734
            505         138.734
            506         138.734
            507         138.734
            508         138.734
            509         138.734
