TRACENO
              1         111.378
              2         111.378
              3         111.378
              4         110.401
              5         110.401
              6         110.401
              7         110.401
              8         110.401
              9         110.401
             10         110.401
             11         110.401
             12         110.401
             13         110.401
             14         109.424
             15         109.424
             16         109.424
             17         109.424
             18         109.424
             19         109.424
             20         109.424
             21         109.424
             22         109.424
             23         109.424
             24         109.424
             25         109.424
             26         109.424
             27         109.424
             28         109.424
             29         109.424
             30         109.424
             31         109.424
             32         109.424
             33         109.424
             34         109.424
             35         109.424
             36         109.424
             37         109.424
             38         109.424
             39         109.424
             40         109.424
             41         109.424
             42         109.424
             43         109.424
             44         109.424
             45         109.424
             46         109.424
             47         109.424
             48         109.424
             49         109.424
             50         109.424
             51         109.424
             52         109.424
             53         109.424
             54         109.424
             55         109.424
             56         109.424
             57         109.424
             58         109.424
             59         109.424
             60         109.424
             61         109.424
             62         109.424
             63         109.424
             64         109.424
             65         109.424
             66         109.424
             67         109.424
             68         109.424
             69         109.424
             70         109.424
             71         109.424
             72         109.424
             73         109.424
             74         109.424
             75         109.424
             76         109.424
             77         109.424
             78         109.424
             79         109.424
             80         109.424
             81         109.424
             82         109.424
             83         109.424
             84         110.401
             85         110.401
             86         110.401
             87         110.401
             88         110.401
             89         110.401
             90         110.401
             91         110.401
             92         110.401
             93         110.401
             94         110.401
             95         110.401
             96         110.401
             97         110.401
             98         110.401
             99         110.401
            100         110.401
            101         110.401
            102         110.401
            103         110.401
            104         110.401
            105         110.401
            106         110.401
            107         110.401
            108         110.401
            109         110.401
            110         110.401
            111         110.401
            112         110.401
            113         110.401
            114         110.401
            115         110.401
            116         110.401
            117         110.401
            118         110.401
            119         110.401
            120         110.401
            121         110.401
            122         110.401
            123         110.401
            124         110.401
            125         110.401
            126         110.401
            127         110.401
            128         110.401
            129         110.401
            130         110.401
            131         110.401
            132         110.401
            133         110.401
            134         110.401
            135         110.401
            136         111.378
            137         111.378
            138         111.378
            139         111.378
            140         111.378
            141         111.378
            142         111.378
            143         111.378
            144         111.378
            145         111.378
            146         111.378
            147         111.378
            148         111.378
            149         111.378
            150         111.378
            151         111.378
            152         111.378
            153         111.378
            154         111.378
            155         111.378
            156         111.378
            157         111.378
            158         111.378
            159         111.378
            160         111.378
            161         111.378
            162         111.378
            163         111.378
            164         111.378
            165         111.378
            166         111.378
            167         111.378
            168         111.378
            169         111.378
            170         111.378
            171         111.378
            172         111.378
            173         111.378
            174         111.378
            175         111.378
            176         111.378
            177         111.378
            178         111.378
            179         111.378
            180         111.378
            181         111.378
            182         111.378
            183         111.378
            184         111.378
            185         111.378
            186         111.378
            187         111.378
            188         111.378
            189         111.378
            190         111.378
            191         111.378
            192         111.378
            193         111.378
            194         111.378
            195         111.378
            196         111.378
            197         111.378
            198         111.378
            199         111.378
            200         111.378
            201         111.378
            202         111.378
            203         111.378
            204         111.378
            205         111.378
            206         111.378
            207         111.378
            208         111.378
            209         111.378
            210         111.378
            211         111.378
            212         111.378
            213         111.378
            214         111.378
            215         111.378
            216         111.378
            217         111.378
            218         112.355
            219         112.355
            220         112.355
            221         112.355
            222         112.355
            223         112.355
            224         112.355
            225         112.355
            226         112.355
            227         112.355
            228         112.355
            229         112.355
            230         112.355
            231         112.355
            232         112.355
            233         112.355
            234         112.355
            235         112.355
            236         112.355
            237         112.355
            238         112.355
            239         112.355
            240         112.355
            241         112.355
            242         112.355
            243         112.355
            244         112.355
            245         112.355
            246         112.355
            247         112.355
            248         112.355
            249         112.355
            250         112.355
            251         112.355
            252         113.332
            253         113.332
            254         113.332
            255         113.332
            256         113.332
            257         113.332
            258         113.332
            259         113.332
            260         113.332
            261         113.332
            262         113.332
            263         113.332
            264         113.332
            265         113.332
            266         113.332
            267         113.332
            268         113.332
            269         113.332
            270         114.309
            271         114.309
            272         114.309
            273         114.309
            274         114.309
            275         114.309
            276         114.309
            277         114.309
            278         114.309
            279         114.309
            280         114.309
            281         114.309
            282         114.309
            283         114.309
            284         114.309
            285         113.332
            286         113.332
            287         113.332
            288         113.332
            289         113.332
            290         113.332
            291         113.332
            292         113.332
            293         113.332
            294         113.332
            295         113.332
            296         114.309
            297         114.309
            298         114.309
            299         114.309
            300         114.309
            301         114.309
            302         114.309
            303         114.309
            304         114.309
            305         114.309
            306         114.309
            307         114.309
            308         114.309
            309         114.309
            310         114.309
            311         114.309
            312         114.309
            313         114.309
            314         114.309
            315         114.309
            316         114.309
            317         114.309
            318         114.309
            319         114.309
            320         114.309
            321         114.309
            322         114.309
            323         114.309
            324         114.309
            325         114.309
            326         114.309
            327         114.309
            328         114.309
            329         114.309
            330         114.309
            331         114.309
            332         114.309
            333         114.309
            334         114.309
            335         114.309
            336         114.309
            337         114.309
            338         114.309
            339         114.309
            340         114.309
            341         114.309
            342         114.309
            343         114.309
            344         114.309
            345         114.309
            346         114.309
            347         114.309
            348         114.309
            349         114.309
            350         114.309
            351         114.309
            352         114.309
            353         114.309
            354         114.309
            355         114.309
            356         114.309
            357         114.309
            358         114.309
            359         114.309
            360         114.309
            361         114.309
            362         114.309
            363         114.309
            364         114.309
            365         114.309
            366         114.309
            367         114.309
            368         114.309
            369         114.309
            370         114.309
            371         114.309
            372         114.309
            373         114.309
            374         114.309
            375         114.309
            376         114.309
            377         114.309
            378         114.309
            379         114.309
            380         114.309
            381         114.309
            382         114.309
            383         114.309
            384         114.309
            385         114.309
            386         114.309
            387         114.309
            388         114.309
            389         114.309
            390         114.309
            391         114.309
            392         114.309
            393         114.309
            394         114.309
            395         114.309
            396         115.286
            397         115.286
            398         115.286
            399         115.286
            400         115.286
            401         115.286
            402         115.286
            403         115.286
            404         115.286
            405         115.286
            406         115.286
            407         115.286
            408         115.286
            409         115.286
            410         115.286
            411         115.286
            412         115.286
            413         115.286
            414         115.286
            415         116.263
            416         116.263
            417         116.263
            418         116.263
            419         116.263
            420         116.263
            421         116.263
            422         116.263
            423         116.263
            424         116.263
            425         116.263
            426         116.263
            427         116.263
            428         116.263
            429         116.263
            430         116.263
            431         116.263
            432         116.263
            433         117.240
            434         117.240
            435         117.240
            436         117.240
            437         117.240
            438         117.240
            439         117.240
            440         117.240
            441         117.240
            442         117.240
            443         117.240
            444         117.240
            445         117.240
            446         117.240
            447         117.240
            448         117.240
            449         117.240
            450         117.240
            451         117.240
            452         117.240
            453         117.240
            454         117.240
            455         117.240
            456         118.217
            457         118.217
            458         118.217
            459         118.217
            460         118.217
            461         118.217
            462         118.217
            463         119.194
            464         119.194
            465         119.194
            466         119.194
            467         119.194
            468         119.194
            469         120.171
            470         120.171
            471         120.171
            472         120.171
            473         120.171
            474         120.171
            475         120.171
            476         120.171
            477         120.171
            478         120.171
            479         120.171
            480         120.171
            481         120.171
            482         120.171
            483         120.171
            484         120.171
            485         120.171
            486         120.171
            487         120.171
            488         120.171
            489         120.171
            490         120.171
            491         120.171
            492         120.171
            493         120.171
            494         120.171
            495         120.171
            496         120.171
            497         120.171
            498         120.171
            499         120.171
            500         120.171
            501         120.171
            502         120.171
            503         120.171
            504         120.171
            505         120.171
            506         120.171
            507         120.171
            508         121.148
            509         121.148
            510         121.148
            511         121.148
            512         121.148
            513         121.148
            514         121.148
            515         121.148
            516         121.148
            517         121.148
            518         121.148
            519         121.148
            520         121.148
            521         121.148
            522         121.148
            523         121.148
            524         121.148
            525         121.148
            526         122.125
            527         122.125
            528         122.125
            529         122.125
            530         122.125
            531         122.125
            532         122.125
            533         122.125
            534         122.125
            535         122.125
            536         122.125
            537         122.125
            538         122.125
            539         122.125
            540         122.125
            541         122.125
            542         122.125
            543         122.125
            544         123.102
            545         123.102
            546         123.102
            547         123.102
            548         123.102
            549         123.102
            550         123.102
            551         123.102
            552         123.102
            553         123.102
            554         124.079
            555         124.079
            556         124.079
            557         124.079
            558         124.079
            559         124.079
            560         124.079
            561         125.056
            562         125.056
            563         125.056
            564         125.056
            565         125.056
            566         125.056
            567         125.056
            568         125.056
            569         125.056
            570         125.056
            571         125.056
            572         125.056
            573         125.056
            574         125.056
            575         125.056
            576         124.079
            577         124.079
            578         124.079
            579         124.079
            580         124.079
            581         124.079
            582         124.079
            583         124.079
            584         124.079
            585         124.079
            586         124.079
            587         124.079
            588         124.079
            589         124.079
            590         124.079
            591         124.079
            592         124.079
            593         124.079
            594         124.079
            595         124.079
            596         125.056
            597         125.056
            598         125.056
            599         125.056
            600         125.056
            601         125.056
            602         125.056
            603         125.056
            604         125.056
            605         125.056
            606         125.056
            607         125.056
            608         125.056
            609         125.056
            610         125.056
            611         125.056
            612         125.056
            613         125.056
            614         125.056
            615         125.056
            616         125.056
            617         125.056
            618         125.056
            619         125.056
            620         125.056
            621         125.056
            622         125.056
            623         125.056
            624         125.056
            625         125.056
            626         125.056
            627         125.056
            628         125.056
            629         125.056
            630         125.056
            631         125.056
            632         125.056
            633         125.056
            634         125.056
            635         125.056
            636         125.056
            637         125.056
            638         125.056
            639         125.056
            640         125.056
            641         125.056
            642         125.056
            643         125.056
            644         124.079
            645         124.079
            646         124.079
            647         124.079
            648         124.079
            649         124.079
            650         124.079
            651         124.079
            652         124.079
            653         124.079
            654         124.079
            655         124.079
            656         124.079
            657         124.079
            658         124.079
            659         124.079
            660         124.079
            661         124.079
            662         124.079
            663         124.079
            664         124.079
            665         124.079
            666         124.079
            667         124.079
            668         124.079
            669         124.079
            670         124.079
            671         124.079
            672         124.079
            673         124.079
            674         123.102
            675         123.102
            676         123.102
            677         123.102
            678         123.102
            679         123.102
            680         123.102
            681         123.102
            682         122.125
            683         122.125
            684         122.125
            685         122.125
            686         122.125
            687         122.125
            688         122.125
            689         122.125
            690         122.125
            691         122.125
            692         122.125
            693         122.125
            694         122.125
            695         122.125
            696         122.125
            697         123.102
            698         123.102
            699         123.102
            700         123.102
            701         123.102
            702         123.102
            703         123.102
            704         123.102
            705         123.102
            706         123.102
            707         123.102
            708         123.102
            709         123.102
            710         123.102
            711         123.102
            712         123.102
            713         124.079
            714         124.079
            715         124.079
            716         124.079
            717         124.079
            718         124.079
            719         125.056
            720         125.056
            721         125.056
            722         125.056
            723         125.056
            724         125.056
            725         126.033
            726         126.033
            727         126.033
            728         126.033
            729         126.033
            730         126.033
            731         126.033
            732         126.033
            733         126.033
            734         127.010
