TRACENO
              1         181.722
              2         181.722
              3         181.722
              4         181.722
              5         181.722
              6         181.722
              7         181.722
              8         181.722
              9         181.722
             10         181.722
             11         181.722
             12         181.722
             13         181.722
             14         181.722
             15         181.722
             16         181.722
             17         181.722
             18         181.722
             19         181.722
             20         181.722
             21         181.722
             22         181.722
             23         181.722
             24         181.722
             25         181.722
             26         181.722
             27         181.722
             28         181.722
             29         181.722
             30         181.722
             31         181.722
             32         181.722
             33         181.722
             34         181.722
             35         181.722
             36         181.722
             37         181.722
             38         181.722
             39         180.745
             40         180.745
             41         180.745
             42         180.745
             43         180.745
             44         180.745
             45         180.745
             46         180.745
             47         180.745
             48         180.745
             49         180.745
             50         180.745
             51         180.745
             52         180.745
             53         180.745
             54         180.745
             55         180.745
             56         180.745
             57         180.745
             58         180.745
             59         180.745
             60         180.745
             61         180.745
             62         180.745
             63         180.745
             64         180.745
             65         180.745
             66         180.745
             67         180.745
             68         180.745
             69         180.745
             70         180.745
             71         180.745
             72         180.745
             73         180.745
             74         180.745
             75         180.745
             76         180.745
             77         180.745
             78         180.745
             79         180.745
             80         180.745
             81         180.745
             82         180.745
             83         180.745
             84         180.745
             85         180.745
             86         181.722
             87         181.722
             88         181.722
             89         181.722
             90         181.722
             91         181.722
             92         181.722
             93         181.722
             94         181.722
             95         181.722
             96         181.722
             97         181.722
             98         181.722
             99         181.722
            100         181.722
            101         181.722
            102         181.722
            103         181.722
            104         181.722
            105         181.722
            106         181.722
            107         181.722
            108         181.722
            109         181.722
            110         181.722
            111         181.722
            112         181.722
            113         181.722
            114         181.722
            115         181.722
            116         181.722
            117         181.722
            118         181.722
            119         181.722
            120         181.722
            121         181.722
            122         181.722
            123         181.722
            124         181.722
            125         181.722
            126         181.722
            127         181.722
            128         181.722
            129         181.722
            130         181.722
            131         181.722
            132         181.722
            133         181.722
            134         181.722
            135         181.722
            136         181.722
            137         181.722
            138         181.722
            139         181.722
            140         181.722
            141         181.722
            142         181.722
            143         181.722
            144         181.722
            145         181.722
            146         181.722
            147         181.722
            148         181.722
            149         181.722
            150         181.722
            151         181.722
            152         181.722
            153         181.722
            154         181.722
            155         181.722
            156         180.745
            157         180.745
            158         180.745
            159         180.745
            160         180.745
            161         180.745
            162         180.745
            163         180.745
            164         180.745
            165         180.745
            166         180.745
            167         180.745
            168         180.745
            169         180.745
            170         180.745
            171         180.745
            172         180.745
            173         180.745
            174         180.745
            175         180.745
            176         180.745
            177         180.745
            178         180.745
            179         180.745
            180         180.745
            181         180.745
            182         180.745
            183         180.745
            184         180.745
            185         180.745
            186         180.745
            187         180.745
            188         180.745
            189         180.745
            190         180.745
            191         180.745
            192         180.745
            193         180.745
            194         180.745
            195         180.745
            196         180.745
            197         180.745
            198         180.745
            199         180.745
            200         180.745
            201         180.745
            202         180.745
            203         180.745
            204         180.745
            205         180.745
            206         180.745
            207         180.745
            208         180.745
            209         180.745
            210         180.745
            211         180.745
            212         180.745
            213         180.745
            214         180.745
            215         180.745
            216         180.745
            217         180.745
            218         180.745
            219         180.745
            220         180.745
            221         180.745
            222         180.745
            223         180.745
            224         180.745
            225         180.745
            226         180.745
            227         180.745
            228         180.745
            229         180.745
            230         180.745
            231         180.745
            232         180.745
            233         180.745
            234         180.745
            235         180.745
            236         180.745
            237         180.745
            238         180.745
            239         181.722
            240         181.722
            241         181.722
            242         181.722
            243         181.722
            244         181.722
            245         181.722
            246         181.722
            247         181.722
            248         181.722
            249         181.722
            250         181.722
            251         181.722
            252         181.722
            253         181.722
            254         181.722
            255         181.722
            256         181.722
            257         181.722
            258         181.722
            259         181.722
            260         181.722
            261         181.722
            262         181.722
            263         181.722
            264         181.722
            265         181.722
            266         181.722
            267         181.722
            268         181.722
            269         181.722
            270         181.722
            271         181.722
            272         181.722
            273         181.722
            274         181.722
            275         181.722
            276         181.722
            277         181.722
            278         181.722
            279         181.722
            280         181.722
            281         181.722
            282         181.722
            283         181.722
            284         181.722
            285         181.722
            286         181.722
            287         181.722
            288         181.722
            289         181.722
            290         181.722
            291         181.722
            292         181.722
            293         181.722
            294         181.722
            295         181.722
            296         181.722
            297         181.722
            298         181.722
            299         181.722
            300         181.722
            301         181.722
            302         181.722
            303         181.722
            304         181.722
            305         181.722
            306         181.722
            307         181.722
            308         181.722
            309         181.722
            310         181.722
            311         181.722
            312         181.722
            313         181.722
            314         181.722
            315         181.722
            316         181.722
            317         181.722
            318         181.722
            319         181.722
            320         181.722
            321         181.722
            322         181.722
            323         181.722
            324         181.722
            325         181.722
            326         181.722
            327         181.722
            328         181.722
            329         181.722
            330         181.722
            331         181.722
            332         180.745
            333         180.745
            334         180.745
            335         180.745
            336         180.745
            337         180.745
            338         180.745
            339         179.768
            340         179.768
            341         179.768
            342         179.768
            343         179.768
            344         179.768
            345         179.768
            346         179.768
            347         179.768
            348         179.768
            349         179.768
            350         179.768
            351         179.768
            352         179.768
            353         179.768
            354         179.768
            355         179.768
            356         179.768
            357         179.768
            358         179.768
            359         179.768
            360         179.768
            361         179.768
            362         179.768
            363         179.768
            364         179.768
            365         179.768
            366         179.768
            367         179.768
            368         179.768
            369         179.768
            370         179.768
            371         179.768
            372         179.768
            373         179.768
            374         179.768
            375         179.768
            376         179.768
            377         179.768
            378         179.768
            379         179.768
            380         179.768
            381         179.768
            382         179.768
            383         179.768
            384         179.768
            385         179.768
            386         179.768
            387         179.768
            388         179.768
            389         179.768
            390         179.768
            391         179.768
            392         179.768
            393         179.768
            394         179.768
            395         179.768
            396         179.768
            397         179.768
            398         179.768
            399         179.768
            400         179.768
            401         179.768
            402         179.768
            403         179.768
            404         179.768
            405         179.768
            406         179.768
            407         179.768
            408         179.768
            409         179.768
            410         179.768
            411         179.768
            412         179.768
            413         179.768
            414         179.768
            415         179.768
            416         179.768
            417         179.768
            418         179.768
            419         179.768
            420         179.768
            421         179.768
            422         179.768
            423         179.768
            424         179.768
            425         179.768
            426         179.768
            427         179.768
            428         179.768
            429         179.768
            430         179.768
            431         179.768
            432         179.768
            433         179.768
            434         179.768
            435         179.768
            436         179.768
            437         179.768
            438         178.791
            439         178.791
            440         178.791
            441         178.791
            442         178.791
            443         178.791
            444         178.791
            445         178.791
            446         178.791
            447         178.791
            448         178.791
            449         178.791
            450         178.791
            451         178.791
            452         178.791
            453         178.791
            454         178.791
            455         178.791
            456         178.791
            457         178.791
            458         178.791
            459         178.791
            460         178.791
            461         178.791
            462         178.791
            463         178.791
            464         178.791
            465         178.791
            466         178.791
            467         178.791
            468         178.791
            469         178.791
            470         178.791
            471         178.791
            472         178.791
            473         178.791
            474         178.791
            475         178.791
            476         178.791
            477         178.791
            478         178.791
            479         178.791
            480         178.791
            481         178.791
            482         178.791
            483         178.791
            484         178.791
            485         178.791
            486         178.791
            487         178.791
            488         178.791
            489         178.791
            490         178.791
            491         178.791
            492         178.791
            493         178.791
            494         178.791
            495         178.791
            496         178.791
            497         178.791
            498         178.791
            499         178.791
            500         178.791
            501         178.791
            502         178.791
            503         178.791
            504         178.791
            505         178.791
            506         178.791
            507         178.791
            508         178.791
            509         178.791
            510         178.791
            511         178.791
            512         178.791
            513         178.791
            514         178.791
            515         178.791
            516         178.791
            517         178.791
            518         178.791
            519         178.791
            520         178.791
            521         178.791
            522         178.791
            523         178.791
            524         178.791
            525         178.791
            526         178.791
            527         178.791
            528         178.791
            529         178.791
            530         178.791
            531         178.791
            532         178.791
            533         178.791
            534         178.791
            535         178.791
            536         178.791
            537         178.791
            538         178.791
            539         178.791
            540         178.791
            541         178.791
            542         178.791
            543         178.791
            544         178.791
            545         178.791
            546         178.791
            547         178.791
            548         178.791
            549         179.768
            550         179.768
            551         179.768
            552         179.768
            553         179.768
            554         179.768
            555         179.768
            556         179.768
            557         179.768
            558         179.768
            559         179.768
            560         179.768
            561         179.768
            562         179.768
            563         179.768
            564         179.768
            565         179.768
            566         179.768
            567         179.768
            568         179.768
            569         179.768
            570         179.768
            571         179.768
            572         179.768
            573         179.768
            574         179.768
            575         179.768
            576         179.768
            577         179.768
            578         179.768
            579         179.768
            580         179.768
            581         179.768
            582         179.768
            583         179.768
            584         179.768
            585         179.768
            586         179.768
            587         179.768
            588         179.768
            589         179.768
            590         179.768
            591         179.768
            592         179.768
            593         179.768
            594         179.768
            595         179.768
            596         179.768
            597         179.768
            598         179.768
            599         179.768
            600         179.768
            601         179.768
            602         179.768
            603         179.768
            604         179.768
            605         179.768
            606         179.768
            607         179.768
            608         179.768
            609         179.768
            610         179.768
            611         179.768
            612         179.768
            613         179.768
            614         179.768
            615         178.791
            616         178.791
            617         178.791
            618         178.791
            619         178.791
            620         178.791
            621         178.791
            622         178.791
            623         178.791
            624         178.791
            625         178.791
            626         178.791
            627         178.791
            628         178.791
            629         178.791
            630         178.791
            631         178.791
            632         178.791
            633         178.791
            634         178.791
            635         178.791
            636         178.791
            637         178.791
            638         178.791
            639         178.791
            640         178.791
            641         178.791
            642         178.791
            643         178.791
            644         178.791
            645         178.791
            646         178.791
            647         178.791
            648         178.791
            649         178.791
            650         178.791
            651         178.791
            652         178.791
            653         178.791
            654         178.791
            655         178.791
            656         178.791
            657         178.791
            658         178.791
            659         178.791
            660         178.791
            661         178.791
            662         178.791
            663         178.791
            664         178.791
            665         178.791
            666         178.791
            667         178.791
            668         178.791
            669         178.791
            670         178.791
            671         178.791
            672         178.791
            673         178.791
            674         178.791
            675         178.791
            676         178.791
            677         178.791
            678         178.791
            679         178.791
            680         178.791
            681         178.791
            682         178.791
            683         178.791
            684         178.791
            685         178.791
            686         178.791
            687         178.791
            688         178.791
            689         178.791
            690         178.791
            691         178.791
            692         178.791
            693         178.791
            694         178.791
            695         178.791
            696         178.791
            697         178.791
            698         178.791
            699         178.791
            700         178.791
            701         178.791
            702         178.791
            703         178.791
            704         178.791
            705         178.791
            706         178.791
            707         178.791
            708         178.791
            709         178.791
            710         178.791
            711         178.791
            712         178.791
            713         178.791
            714         178.791
            715         178.791
            716         178.791
            717         178.791
            718         178.791
            719         178.791
            720         178.791
            721         178.791
            722         178.791
            723         178.791
            724         178.791
            725         178.791
            726         178.791
            727         178.791
            728         178.791
            729         178.791
            730         178.791
            731         178.791
            732         178.791
            733         178.791
            734         178.791
            735         178.791
            736         178.791
            737         178.791
            738         178.791
            739         178.791
            740         178.791
            741         178.791
            742         178.791
            743         178.791
            744         178.791
            745         178.791
            746         178.791
            747         178.791
            748         178.791
            749         178.791
            750         178.791
            751         178.791
            752         178.791
            753         178.791
            754         178.791
            755         178.791
            756         178.791
            757         178.791
            758         178.791
            759         178.791
            760         177.814
            761         177.814
            762         177.814
            763         177.814
            764         177.814
            765         177.814
            766         177.814
            767         177.814
            768         177.814
            769         177.814
            770         177.814
            771         177.814
            772         177.814
            773         177.814
            774         177.814
            775         177.814
            776         177.814
            777         177.814
            778         177.814
            779         177.814
            780         177.814
            781         177.814
            782         177.814
            783         177.814
            784         177.814
            785         177.814
            786         177.814
            787         177.814
            788         177.814
            789         177.814
            790         177.814
            791         177.814
            792         177.814
            793         177.814
            794         177.814
            795         177.814
            796         177.814
            797         177.814
            798         177.814
            799         177.814
            800         177.814
            801         177.814
            802         177.814
            803         177.814
            804         177.814
            805         177.814
            806         177.814
            807         177.814
            808         177.814
            809         177.814
            810         177.814
            811         177.814
            812         177.814
            813         177.814
            814         177.814
            815         177.814
            816         177.814
            817         177.814
            818         177.814
            819         177.814
            820         177.814
            821         177.814
            822         177.814
            823         177.814
            824         177.814
            825         177.814
            826         177.814
            827         177.814
            828         177.814
            829         177.814
            830         177.814
            831         177.814
            832         177.814
            833         177.814
            834         177.814
            835         177.814
            836         177.814
            837         177.814
            838         177.814
            839         177.814
            840         177.814
            841         177.814
            842         177.814
            843         177.814
            844         177.814
            845         177.814
            846         177.814
            847         177.814
            848         177.814
            849         177.814
            850         177.814
            851         177.814
            852         177.814
            853         177.814
            854         177.814
            855         177.814
            856         177.814
            857         177.814
            858         177.814
            859         177.814
            860         177.814
            861         177.814
            862         177.814
            863         177.814
            864         177.814
            865         177.814
            866         177.814
            867         177.814
            868         176.837
            869         176.837
            870         176.837
            871         176.837
            872         176.837
            873         176.837
            874         176.837
            875         176.837
            876         176.837
            877         176.837
            878         176.837
            879         176.837
            880         176.837
            881         176.837
            882         176.837
            883         176.837
            884         176.837
            885         176.837
            886         176.837
            887         176.837
            888         176.837
            889         176.837
            890         176.837
            891         176.837
            892         176.837
            893         176.837
            894         176.837
            895         176.837
            896         176.837
            897         176.837
            898         176.837
            899         176.837
            900         176.837
            901         176.837
            902         176.837
            903         176.837
            904         176.837
            905         176.837
            906         176.837
            907         176.837
            908         176.837
            909         176.837
            910         176.837
            911         176.837
            912         176.837
            913         176.837
            914         176.837
            915         176.837
            916         176.837
            917         176.837
            918         176.837
            919         176.837
            920         176.837
            921         176.837
            922         176.837
            923         176.837
            924         176.837
            925         176.837
            926         176.837
            927         176.837
            928         176.837
            929         176.837
            930         176.837
            931         176.837
            932         176.837
            933         176.837
            934         176.837
            935         176.837
            936         176.837
            937         176.837
            938         176.837
            939         176.837
            940         176.837
            941         176.837
            942         176.837
            943         176.837
            944         176.837
            945         176.837
            946         176.837
            947         175.860
            948         175.860
            949         175.860
            950         175.860
            951         175.860
            952         175.860
            953         175.860
            954         175.860
            955         175.860
            956         175.860
            957         175.860
            958         175.860
            959         175.860
            960         175.860
            961         175.860
            962         175.860
            963         175.860
            964         175.860
            965         175.860
            966         175.860
            967         175.860
            968         175.860
            969         175.860
            970         175.860
            971         175.860
            972         175.860
            973         175.860
            974         175.860
            975         175.860
            976         175.860
            977         175.860
            978         175.860
            979         175.860
            980         175.860
            981         175.860
            982         175.860
            983         175.860
            984         175.860
            985         175.860
            986         175.860
            987         175.860
            988         175.860
            989         175.860
            990         174.883
            991         174.883
            992         174.883
            993         174.883
            994         174.883
            995         174.883
            996         174.883
            997         174.883
            998         174.883
            999         174.883
           1000         174.883
           1001         174.883
           1002         174.883
           1003         174.883
           1004         174.883
           1005         174.883
           1006         174.883
           1007         174.883
           1008         174.883
           1009         174.883
           1010         174.883
           1011         174.883
           1012         174.883
           1013         174.883
           1014         174.883
           1015         174.883
           1016         174.883
           1017         174.883
           1018         174.883
           1019         174.883
           1020         174.883
           1021         174.883
           1022         174.883
           1023         174.883
           1024         174.883
           1025         174.883
           1026         174.883
           1027         174.883
           1028         174.883
           1029         174.883
           1030         174.883
           1031         174.883
           1032         174.883
           1033         173.906
           1034         173.906
           1035         173.906
           1036         173.906
           1037         173.906
           1038         173.906
           1039         173.906
           1040         173.906
           1041         173.906
           1042         173.906
           1043         173.906
           1044         173.906
           1045         173.906
           1046         173.906
           1047         173.906
           1048         173.906
           1049         173.906
           1050         173.906
           1051         173.906
           1052         173.906
           1053         173.906
           1054         173.906
           1055         173.906
           1056         173.906
           1057         173.906
           1058         173.906
           1059         173.906
           1060         173.906
           1061         173.906
           1062         173.906
           1063         173.906
           1064         173.906
           1065         173.906
           1066         173.906
           1067         173.906
           1068         173.906
           1069         173.906
           1070         173.906
           1071         173.906
           1072         173.906
           1073         173.906
           1074         173.906
           1075         173.906
           1076         173.906
           1077         173.906
           1078         173.906
           1079         173.906
           1080         173.906
           1081         173.906
           1082         173.906
           1083         173.906
           1084         173.906
           1085         173.906
           1086         173.906
           1087         173.906
           1088         173.906
           1089         173.906
           1090         173.906
           1091         173.906
           1092         173.906
           1093         172.929
           1094         172.929
           1095         172.929
           1096         172.929
           1097         172.929
           1098         172.929
           1099         172.929
           1100         172.929
           1101         172.929
           1102         172.929
           1103         172.929
           1104         172.929
           1105         172.929
           1106         172.929
           1107         172.929
           1108         172.929
           1109         172.929
           1110         172.929
           1111         172.929
           1112         172.929
           1113         172.929
           1114         172.929
           1115         172.929
           1116         172.929
           1117         172.929
           1118         172.929
           1119         172.929
           1120         172.929
           1121         172.929
           1122         172.929
           1123         172.929
           1124         172.929
           1125         172.929
           1126         172.929
           1127         172.929
           1128         172.929
           1129         172.929
           1130         172.929
           1131         172.929
           1132         172.929
           1133         172.929
           1134         171.952
           1135         171.952
           1136         171.952
           1137         171.952
           1138         171.952
           1139         171.952
           1140         171.952
           1141         171.952
           1142         171.952
           1143         171.952
           1144         171.952
           1145         171.952
           1146         171.952
           1147         171.952
           1148         171.952
           1149         171.952
           1150         171.952
           1151         171.952
           1152         171.952
           1153         171.952
           1154         171.952
           1155         171.952
           1156         171.952
           1157         171.952
           1158         171.952
           1159         171.952
           1160         171.952
           1161         171.952
           1162         171.952
           1163         171.952
           1164         171.952
           1165         171.952
           1166         171.952
           1167         171.952
           1168         171.952
           1169         171.952
           1170         171.952
           1171         171.952
           1172         171.952
           1173         171.952
           1174         171.952
           1175         171.952
           1176         171.952
           1177         171.952
           1178         171.952
           1179         171.952
           1180         171.952
           1181         171.952
           1182         171.952
           1183         171.952
           1184         171.952
           1185         171.952
           1186         171.952
           1187         171.952
           1188         171.952
           1189         171.952
           1190         171.952
           1191         171.952
           1192         171.952
           1193         171.952
           1194         170.975
           1195         170.975
           1196         170.975
           1197         170.975
           1198         170.975
           1199         170.975
           1200         170.975
           1201         170.975
           1202         170.975
           1203         170.975
           1204         171.952
           1205         171.952
           1206         171.952
           1207         171.952
           1208         171.952
           1209         171.952
           1210         171.952
           1211         171.952
           1212         171.952
           1213         171.952
           1214         171.952
           1215         171.952
           1216         171.952
           1217         171.952
           1218         171.952
           1219         171.952
           1220         171.952
           1221         171.952
           1222         171.952
           1223         171.952
           1224         171.952
           1225         171.952
           1226         171.952
           1227         171.952
           1228         171.952
           1229         171.952
           1230         171.952
           1231         172.929
           1232         172.929
           1233         172.929
           1234         172.929
           1235         172.929
           1236         172.929
           1237         172.929
           1238         172.929
           1239         172.929
           1240         172.929
           1241         172.929
           1242         172.929
           1243         172.929
           1244         172.929
           1245         172.929
           1246         172.929
           1247         172.929
           1248         172.929
           1249         172.929
           1250         172.929
           1251         172.929
           1252         172.929
           1253         172.929
           1254         172.929
           1255         172.929
           1256         172.929
           1257         172.929
           1258         172.929
           1259         172.929
           1260         172.929
           1261         172.929
           1262         172.929
           1263         172.929
           1264         172.929
           1265         172.929
           1266         172.929
           1267         172.929
           1268         172.929
           1269         172.929
           1270         172.929
           1271         172.929
           1272         172.929
           1273         172.929
           1274         172.929
           1275         172.929
           1276         172.929
           1277         172.929
           1278         172.929
           1279         172.929
           1280         172.929
           1281         172.929
           1282         172.929
           1283         172.929
           1284         172.929
           1285         172.929
           1286         172.929
           1287         172.929
           1288         172.929
           1289         172.929
           1290         172.929
           1291         172.929
           1292         172.929
           1293         172.929
           1294         172.929
           1295         172.929
           1296         172.929
           1297         172.929
           1298         172.929
           1299         172.929
           1300         172.929
           1301         172.929
           1302         172.929
           1303         172.929
           1304         172.929
           1305         172.929
           1306         172.929
           1307         172.929
           1308         172.929
           1309         172.929
           1310         172.929
           1311         172.929
           1312         172.929
           1313         172.929
           1314         172.929
           1315         172.929
           1316         172.929
           1317         172.929
           1318         172.929
           1319         172.929
           1320         172.929
           1321         172.929
           1322         172.929
           1323         172.929
           1324         172.929
           1325         172.929
           1326         172.929
           1327         172.929
           1328         172.929
           1329         172.929
           1330         172.929
           1331         172.929
           1332         172.929
           1333         172.929
           1334         172.929
           1335         172.929
           1336         172.929
           1337         172.929
           1338         172.929
           1339         172.929
           1340         172.929
           1341         172.929
           1342         172.929
           1343         172.929
           1344         172.929
           1345         172.929
           1346         172.929
           1347         172.929
           1348         172.929
           1349         172.929
           1350         172.929
           1351         172.929
           1352         172.929
           1353         172.929
           1354         172.929
           1355         172.929
           1356         172.929
           1357         172.929
           1358         172.929
           1359         172.929
           1360         172.929
           1361         172.929
           1362         172.929
           1363         172.929
           1364         172.929
           1365         172.929
           1366         171.952
           1367         171.952
           1368         171.952
           1369         171.952
           1370         171.952
           1371         171.952
           1372         171.952
           1373         171.952
           1374         171.952
           1375         171.952
           1376         171.952
           1377         171.952
           1378         171.952
           1379         171.952
           1380         171.952
           1381         171.952
           1382         171.952
           1383         171.952
           1384         171.952
           1385         171.952
           1386         171.952
           1387         171.952
           1388         171.952
           1389         171.952
           1390         171.952
           1391         171.952
           1392         171.952
           1393         171.952
           1394         171.952
           1395         171.952
           1396         171.952
           1397         171.952
           1398         171.952
           1399         171.952
           1400         171.952
           1401         171.952
           1402         171.952
           1403         171.952
           1404         170.975
           1405         171.952
           1406         171.952
           1407         171.952
           1408         171.952
           1409         171.952
           1410         171.952
           1411         171.952
           1412         171.952
           1413         171.952
           1414         171.952
           1415         171.952
           1416         171.952
           1417         171.952
           1418         171.952
           1419         171.952
           1420         171.952
           1421         171.952
           1422         171.952
           1423         171.952
           1424         171.952
           1425         171.952
           1426         171.952
           1427         171.952
           1428         171.952
           1429         171.952
           1430         171.952
           1431         171.952
           1432         171.952
           1433         171.952
           1434         171.952
           1435         171.952
           1436         171.952
           1437         171.952
           1438         171.952
           1439         171.952
           1440         171.952
           1441         171.952
           1442         171.952
           1443         171.952
           1444         171.952
           1445         171.952
           1446         171.952
           1447         171.952
           1448         171.952
           1449         171.952
           1450         171.952
           1451         171.952
           1452         171.952
           1453         171.952
           1454         171.952
           1455         171.952
           1456         171.952
           1457         171.952
           1458         171.952
           1459         171.952
           1460         171.952
           1461         171.952
           1462         171.952
           1463         171.952
           1464         171.952
           1465         171.952
           1466         171.952
           1467         171.952
           1468         171.952
           1469         171.952
           1470         171.952
           1471         171.952
           1472         171.952
           1473         171.952
           1474         171.952
           1475         171.952
           1476         170.975
           1477         170.975
           1478         170.975
           1479         170.975
           1480         170.975
           1481         170.975
           1482         170.975
           1483         170.975
           1484         170.975
           1485         170.975
           1486         170.975
           1487         170.975
           1488         170.975
           1489         170.975
           1490         170.975
           1491         170.975
           1492         170.975
           1493         170.975
           1494         170.975
           1495         170.975
           1496         170.975
           1497         170.975
           1498         170.975
           1499         170.975
           1500         170.975
           1501         170.975
           1502         170.975
           1503         170.975
           1504         170.975
           1505         170.975
           1506         170.975
           1507         170.975
           1508         170.975
           1509         170.975
           1510         170.975
           1511         170.975
           1512         170.975
           1513         170.975
           1514         170.975
           1515         170.975
           1516         169.998
           1517         169.998
           1518         169.998
           1519         169.998
           1520         169.998
           1521         169.998
           1522         169.998
           1523         169.998
           1524         169.998
           1525         169.998
           1526         169.998
           1527         169.998
           1528         169.998
           1529         169.998
           1530         169.998
           1531         169.998
           1532         169.998
           1533         169.998
           1534         169.998
           1535         169.998
           1536         169.998
           1537         169.998
           1538         169.998
           1539         169.998
           1540         169.998
           1541         169.998
           1542         169.998
           1543         169.998
           1544         169.998
           1545         169.998
           1546         169.998
           1547         169.998
           1548         169.998
           1549         169.998
           1550         169.998
           1551         169.998
           1552         169.998
           1553         169.998
           1554         169.998
           1555         169.998
           1556         169.998
           1557         169.998
           1558         169.998
           1559         169.998
           1560         169.998
           1561         169.998
           1562         169.998
           1563         169.998
           1564         169.998
           1565         169.998
           1566         169.998
           1567         169.998
           1568         169.998
           1569         169.998
           1570         169.998
           1571         169.998
           1572         169.998
           1573         169.998
           1574         169.998
           1575         169.998
           1576         169.998
           1577         169.998
           1578         169.998
           1579         169.998
           1580         169.998
           1581         169.998
           1582         169.998
           1583         169.998
           1584         169.998
           1585         169.998
           1586         169.998
           1587         169.998
           1588         169.998
           1589         169.998
           1590         169.998
           1591         169.998
           1592         169.998
           1593         169.998
           1594         169.998
           1595         169.998
           1596         169.998
           1597         169.021
           1598         169.021
           1599         169.021
           1600         169.021
           1601         169.021
           1602         169.021
           1603         169.021
           1604         169.021
           1605         169.021
           1606         169.021
           1607         169.021
           1608         169.021
           1609         169.021
           1610         169.021
           1611         169.021
           1612         169.021
           1613         169.021
           1614         169.021
           1615         169.021
           1616         169.021
           1617         169.021
           1618         169.021
           1619         169.021
           1620         169.021
           1621         169.021
           1622         169.021
           1623         169.021
           1624         169.021
           1625         169.021
           1626         169.021
           1627         169.021
           1628         169.021
           1629         169.021
           1630         169.021
           1631         169.021
           1632         169.021
           1633         169.021
           1634         169.021
           1635         169.021
           1636         169.021
           1637         169.021
           1638         169.021
           1639         169.021
           1640         169.021
           1641         169.021
           1642         169.021
           1643         169.021
           1644         169.021
           1645         168.044
           1646         168.044
           1647         168.044
           1648         168.044
           1649         168.044
           1650         168.044
           1651         168.044
           1652         168.044
           1653         168.044
           1654         168.044
           1655         168.044
           1656         168.044
           1657         168.044
           1658         168.044
           1659         168.044
           1660         168.044
           1661         168.044
           1662         168.044
           1663         168.044
           1664         168.044
           1665         168.044
           1666         168.044
           1667         168.044
           1668         168.044
           1669         168.044
           1670         168.044
           1671         167.067
           1672         167.067
           1673         167.067
           1674         167.067
           1675         167.067
           1676         167.067
           1677         167.067
           1678         167.067
           1679         167.067
           1680         167.067
           1681         167.067
           1682         167.067
           1683         167.067
           1684         167.067
           1685         167.067
           1686         167.067
           1687         167.067
           1688         167.067
           1689         167.067
           1690         167.067
           1691         167.067
           1692         167.067
           1693         167.067
           1694         167.067
           1695         167.067
           1696         167.067
           1697         167.067
           1698         166.090
           1699         166.090
           1700         166.090
           1701         166.090
           1702         166.090
           1703         166.090
           1704         166.090
           1705         166.090
           1706         166.090
           1707         166.090
           1708         166.090
           1709         166.090
           1710         166.090
           1711         166.090
           1712         166.090
           1713         166.090
           1714         166.090
           1715         166.090
           1716         166.090
           1717         166.090
           1718         166.090
           1719         166.090
           1720         166.090
           1721         166.090
           1722         166.090
           1723         166.090
           1724         166.090
           1725         166.090
           1726         166.090
           1727         166.090
           1728         166.090
           1729         166.090
           1730         166.090
           1731         166.090
           1732         166.090
           1733         166.090
           1734         166.090
           1735         166.090
           1736         166.090
           1737         166.090
           1738         166.090
           1739         166.090
           1740         166.090
           1741         166.090
           1742         166.090
           1743         166.090
           1744         166.090
           1745         166.090
           1746         166.090
           1747         165.113
           1748         165.113
           1749         165.113
           1750         165.113
           1751         165.113
           1752         165.113
           1753         165.113
           1754         165.113
           1755         165.113
           1756         165.113
           1757         165.113
           1758         165.113
           1759         165.113
           1760         165.113
           1761         165.113
           1762         165.113
           1763         165.113
           1764         165.113
           1765         165.113
           1766         165.113
           1767         165.113
           1768         165.113
           1769         165.113
           1770         165.113
           1771         165.113
           1772         165.113
           1773         165.113
           1774         165.113
           1775         164.136
           1776         164.136
           1777         164.136
           1778         164.136
           1779         164.136
           1780         164.136
           1781         164.136
           1782         164.136
           1783         164.136
           1784         164.136
           1785         164.136
           1786         164.136
           1787         164.136
           1788         164.136
           1789         164.136
           1790         164.136
           1791         164.136
           1792         164.136
           1793         164.136
           1794         164.136
           1795         164.136
           1796         164.136
           1797         164.136
           1798         164.136
           1799         164.136
           1800         164.136
           1801         164.136
           1802         164.136
           1803         164.136
           1804         164.136
           1805         164.136
           1806         164.136
           1807         164.136
           1808         164.136
           1809         164.136
           1810         164.136
           1811         164.136
           1812         164.136
           1813         164.136
           1814         164.136
           1815         164.136
           1816         164.136
           1817         164.136
           1818         164.136
           1819         164.136
           1820         164.136
           1821         164.136
           1822         164.136
           1823         164.136
           1824         164.136
           1825         164.136
           1826         164.136
           1827         164.136
           1828         164.136
           1829         164.136
           1830         164.136
           1831         164.136
           1832         164.136
           1833         164.136
           1834         164.136
           1835         164.136
           1836         164.136
           1837         164.136
           1838         164.136
           1839         164.136
           1840         164.136
           1841         164.136
           1842         164.136
           1843         164.136
           1844         164.136
           1845         164.136
           1846         164.136
           1847         163.159
           1848         163.159
           1849         163.159
           1850         163.159
           1851         163.159
           1852         163.159
           1853         163.159
           1854         163.159
           1855         163.159
           1856         163.159
           1857         163.159
           1858         163.159
           1859         163.159
           1860         163.159
           1861         163.159
           1862         163.159
           1863         163.159
           1864         163.159
           1865         163.159
           1866         163.159
           1867         163.159
           1868         163.159
           1869         163.159
           1870         163.159
           1871         163.159
           1872         163.159
           1873         163.159
           1874         163.159
           1875         163.159
           1876         163.159
           1877         163.159
           1878         163.159
           1879         163.159
           1880         163.159
           1881         163.159
           1882         163.159
           1883         163.159
           1884         163.159
           1885         163.159
           1886         163.159
           1887         163.159
           1888         163.159
           1889         163.159
           1890         163.159
           1891         163.159
           1892         163.159
           1893         163.159
           1894         163.159
           1895         163.159
           1896         163.159
           1897         163.159
           1898         163.159
           1899         163.159
           1900         163.159
           1901         163.159
           1902         163.159
           1903         163.159
           1904         163.159
           1905         163.159
           1906         163.159
           1907         163.159
           1908         163.159
           1909         163.159
           1910         163.159
           1911         163.159
           1912         163.159
           1913         163.159
           1914         163.159
           1915         163.159
           1916         163.159
           1917         163.159
           1918         163.159
           1919         163.159
           1920         163.159
           1921         163.159
           1922         163.159
           1923         163.159
           1924         163.159
           1925         163.159
           1926         163.159
           1927         163.159
           1928         163.159
           1929         163.159
           1930         163.159
           1931         163.159
           1932         163.159
           1933         163.159
           1934         163.159
           1935         163.159
           1936         163.159
           1937         163.159
           1938         163.159
           1939         163.159
           1940         163.159
           1941         163.159
           1942         163.159
           1943         163.159
           1944         162.182
           1945         162.182
           1946         162.182
           1947         162.182
           1948         162.182
           1949         162.182
           1950         162.182
           1951         162.182
           1952         162.182
           1953         162.182
           1954         162.182
           1955         162.182
           1956         162.182
           1957         162.182
           1958         162.182
           1959         162.182
           1960         162.182
           1961         162.182
           1962         162.182
           1963         162.182
           1964         162.182
           1965         162.182
           1966         162.182
           1967         162.182
           1968         162.182
           1969         162.182
           1970         162.182
           1971         162.182
           1972         162.182
           1973         162.182
           1974         162.182
           1975         162.182
           1976         162.182
           1977         162.182
           1978         162.182
           1979         162.182
           1980         162.182
           1981         162.182
           1982         162.182
           1983         162.182
           1984         162.182
           1985         162.182
           1986         162.182
           1987         162.182
           1988         162.182
           1989         162.182
           1990         162.182
           1991         162.182
           1992         162.182
           1993         162.182
           1994         162.182
           1995         162.182
           1996         162.182
           1997         162.182
           1998         162.182
           1999         162.182
           2000         162.182
           2001         162.182
           2002         162.182
           2003         162.182
           2004         162.182
           2005         162.182
           2006         162.182
           2007         162.182
           2008         162.182
           2009         161.205
           2010         161.205
           2011         161.205
           2012         161.205
           2013         161.205
           2014         161.205
           2015         161.205
           2016         161.205
           2017         161.205
           2018         161.205
           2019         161.205
           2020         161.205
           2021         161.205
           2022         161.205
           2023         161.205
           2024         161.205
           2025         161.205
           2026         161.205
           2027         161.205
           2028         161.205
           2029         161.205
           2030         161.205
           2031         161.205
           2032         161.205
           2033         161.205
           2034         161.205
           2035         161.205
           2036         161.205
           2037         160.228
           2038         160.228
           2039         160.228
           2040         160.228
           2041         160.228
           2042         160.228
           2043         160.228
           2044         160.228
           2045         160.228
           2046         160.228
           2047         160.228
           2048         160.228
           2049         160.228
           2050         160.228
           2051         160.228
           2052         160.228
           2053         160.228
           2054         160.228
           2055         160.228
           2056         160.228
           2057         160.228
           2058         159.251
           2059         159.251
           2060         159.251
           2061         159.251
           2062         159.251
           2063         159.251
           2064         159.251
           2065         159.251
           2066         159.251
           2067         159.251
           2068         159.251
           2069         159.251
           2070         159.251
           2071         159.251
           2072         159.251
           2073         159.251
           2074         159.251
           2075         158.274
           2076         158.274
           2077         158.274
           2078         158.274
           2079         158.274
           2080         158.274
           2081         158.274
           2082         158.274
           2083         158.274
           2084         158.274
           2085         158.274
           2086         158.274
           2087         158.274
           2088         157.297
           2089         157.297
           2090         157.297
           2091         157.297
           2092         157.297
           2093         157.297
           2094         157.297
           2095         157.297
           2096         157.297
           2097         157.297
           2098         157.297
           2099         157.297
           2100         157.297
           2101         156.320
           2102         156.320
           2103         156.320
           2104         156.320
           2105         156.320
           2106         156.320
           2107         156.320
           2108         156.320
           2109         156.320
           2110         156.320
           2111         156.320
           2112         156.320
           2113         156.320
           2114         155.343
           2115         155.343
           2116         155.343
           2117         155.343
           2118         155.343
           2119         155.343
           2120         155.343
           2121         155.343
           2122         155.343
           2123         155.343
           2124         155.343
           2125         155.343
           2126         154.366
           2127         154.366
           2128         154.366
           2129         154.366
           2130         154.366
           2131         154.366
           2132         154.366
           2133         154.366
           2134         154.366
           2135         154.366
           2136         154.366
           2137         154.366
           2138         154.366
           2139         153.389
           2140         153.389
           2141         153.389
           2142         153.389
           2143         153.389
           2144         153.389
           2145         153.389
           2146         153.389
           2147         153.389
           2148         153.389
           2149         153.389
           2150         153.389
           2151         152.412
           2152         152.412
           2153         152.412
           2154         152.412
           2155         152.412
           2156         152.412
           2157         152.412
           2158         152.412
           2159         152.412
           2160         152.412
           2161         152.412
           2162         152.412
           2163         151.435
           2164         151.435
           2165         151.435
           2166         151.435
           2167         151.435
           2168         151.435
           2169         151.435
           2170         151.435
           2171         151.435
           2172         151.435
           2173         151.435
           2174         151.435
           2175         151.435
           2176         150.458
           2177         150.458
           2178         150.458
           2179         150.458
           2180         150.458
           2181         150.458
           2182         150.458
           2183         150.458
           2184         150.458
           2185         150.458
           2186         149.481
           2187         149.481
           2188         149.481
           2189         149.481
           2190         149.481
           2191         149.481
           2192         149.481
           2193         149.481
           2194         149.481
           2195         149.481
           2196         148.504
           2197         148.504
           2198         148.504
           2199         148.504
           2200         148.504
           2201         148.504
           2202         148.504
           2203         148.504
           2204         148.504
           2205         148.504
           2206         147.527
           2207         147.527
           2208         147.527
           2209         147.527
           2210         147.527
           2211         147.527
           2212         147.527
           2213         147.527
           2214         147.527
           2215         146.550
           2216         146.550
           2217         146.550
           2218         146.550
           2219         146.550
           2220         146.550
           2221         146.550
           2222         146.550
           2223         146.550
           2224         146.550
           2225         145.573
           2226         145.573
           2227         145.573
           2228         145.573
           2229         145.573
           2230         145.573
           2231         145.573
           2232         145.573
           2233         145.573
           2234         145.573
           2235         144.596
           2236         144.596
           2237         144.596
           2238         144.596
           2239         144.596
           2240         144.596
           2241         144.596
           2242         144.596
           2243         144.596
           2244         144.596
           2245         143.619
           2246         143.619
           2247         143.619
           2248         143.619
           2249         143.619
           2250         143.619
           2251         143.619
           2252         143.619
           2253         143.619
           2254         143.619
           2255         143.619
           2256         143.619
           2257         143.619
           2258         142.642
           2259         142.642
           2260         142.642
           2261         142.642
           2262         142.642
           2263         142.642
           2264         142.642
           2265         142.642
           2266         142.642
           2267         142.642
           2268         142.642
           2269         142.642
           2270         141.665
           2271         141.665
           2272         141.665
           2273         141.665
           2274         141.665
           2275         141.665
           2276         141.665
           2277         141.665
           2278         140.688
           2279         140.688
           2280         140.688
           2281         140.688
           2282         140.688
           2283         140.688
           2284         140.688
           2285         140.688
           2286         140.688
           2287         139.711
           2288         139.711
           2289         139.711
           2290         139.711
           2291         139.711
           2292         139.711
           2293         139.711
           2294         139.711
           2295         139.711
           2296         138.734
           2297         138.734
           2298         138.734
           2299         138.734
           2300         138.734
           2301         138.734
           2302         138.734
           2303         138.734
           2304         137.757
           2305         137.757
           2306         137.757
           2307         137.757
           2308         137.757
           2309         137.757
           2310         137.757
           2311         137.757
           2312         137.757
           2313         136.780
           2314         136.780
           2315         136.780
           2316         136.780
           2317         136.780
           2318         136.780
           2319         136.780
           2320         136.780
           2321         136.780
           2322         136.780
           2323         136.780
           2324         136.780
           2325         136.780
           2326         136.780
           2327         136.780
           2328         136.780
           2329         135.803
           2330         135.803
           2331         135.803
           2332         135.803
           2333         135.803
           2334         135.803
           2335         135.803
           2336         135.803
           2337         135.803
           2338         135.803
           2339         134.826
           2340         134.826
           2341         134.826
           2342         134.826
           2343         134.826
           2344         134.826
           2345         134.826
           2346         134.826
           2347         134.826
           2348         134.826
           2349         134.826
           2350         134.826
           2351         133.849
           2352         133.849
           2353         133.849
           2354         132.872
           2355         132.872
