TRACENO
              1         108.447
              2         108.447
              3         108.447
              4         108.447
              5         108.447
              6         108.447
              7         108.447
              8         108.447
              9         108.447
             10         108.447
             11         108.447
             12         109.424
             13         109.424
             14         109.424
             15         109.424
             16         109.424
             17         109.424
             18         109.424
             19         109.424
             20         109.424
             21         109.424
             22         109.424
             23         109.424
             24         109.424
             25         109.424
             26         109.424
             27         110.401
             28         110.401
             29         110.401
             30         110.401
             31         110.401
             32         110.401
             33         110.401
             34         111.378
             35         111.378
             36         111.378
             37         111.378
             38         111.378
             39         111.378
             40         111.378
             41         111.378
             42         112.355
             43         112.355
             44         112.355
             45         112.355
             46         112.355
             47         112.355
             48         112.355
             49         112.355
             50         112.355
             51         112.355
             52         112.355
             53         112.355
             54         112.355
             55         112.355
             56         112.355
             57         112.355
             58         112.355
             59         113.332
             60         113.332
             61         114.309
             62         114.309
             63         114.309
             64         114.309
             65         114.309
             66         114.309
             67         114.309
             68         114.309
             69         114.309
             70         114.309
             71         114.309
             72         114.309
             73         114.309
             74         114.309
             75         114.309
             76         114.309
             77         114.309
             78         114.309
             79         114.309
             80         114.309
             81         115.286
             82         115.286
             83         115.286
             84         115.286
             85         115.286
             86         115.286
             87         115.286
             88         116.263
             89         116.263
             90         116.263
             91         116.263
             92         116.263
             93         116.263
             94         116.263
             95         116.263
             96         117.240
             97         117.240
             98         117.240
             99         117.240
            100         117.240
            101         117.240
            102         118.217
            103         118.217
            104         118.217
            105         118.217
            106         118.217
            107         118.217
            108         119.194
            109         119.194
            110         119.194
            111         119.194
            112         119.194
            113         119.194
            114         120.171
            115         120.171
            116         120.171
            117         120.171
            118         120.171
            119         120.171
            120         121.148
            121         121.148
            122         121.148
            123         121.148
            124         121.148
            125         121.148
            126         121.148
            127         121.148
            128         121.148
            129         121.148
            130         121.148
            131         120.171
            132         120.171
            133         120.171
            134         120.171
            135         120.171
            136         120.171
            137         120.171
            138         121.148
            139         121.148
            140         121.148
            141         121.148
            142         121.148
            143         121.148
            144         121.148
            145         121.148
            146         121.148
            147         121.148
            148         121.148
            149         122.125
            150         122.125
            151         122.125
            152         123.102
            153         123.102
            154         123.102
            155         123.102
            156         123.102
            157         123.102
            158         123.102
            159         123.102
            160         123.102
            161         123.102
            162         123.102
            163         123.102
            164         123.102
            165         123.102
            166         123.102
            167         123.102
            168         123.102
            169         123.102
            170         124.079
            171         123.102
            172         123.102
            173         123.102
            174         123.102
            175         123.102
            176         123.102
            177         123.102
            178         123.102
            179         124.079
            180         124.079
            181         124.079
            182         124.079
            183         124.079
            184         124.079
            185         124.079
            186         125.056
            187         125.056
            188         125.056
            189         126.033
            190         126.033
            191         126.033
            192         126.033
            193         126.033
            194         127.010
            195         127.010
            196         127.010
            197         126.033
            198         126.033
            199         126.033
            200         126.033
            201         126.033
            202         126.033
            203         126.033
            204         126.033
            205         126.033
            206         126.033
            207         126.033
            208         126.033
            209         126.033
            210         126.033
            211         126.033
            212         127.010
            213         127.010
            214         127.010
            215         127.010
            216         127.010
            217         127.010
            218         127.987
            219         127.987
            220         127.987
            221         127.987
            222         127.987
            223         128.964
            224         128.964
            225         128.964
            226         128.964
            227         128.964
            228         128.964
            229         128.964
            230         128.964
            231         128.964
            232         128.964
            233         129.941
            234         129.941
            235         129.941
            236         129.941
            237         129.941
            238         129.941
            239         129.941
            240         129.941
            241         129.941
            242         129.941
            243         129.941
            244         129.941
            245         129.941
            246         129.941
            247         129.941
            248         129.941
            249         129.941
            250         129.941
            251         129.941
            252         130.918
            253         130.918
            254         130.918
            255         130.918
            256         130.918
            257         130.918
            258         130.918
            259         130.918
            260         131.895
            261         131.895
            262         131.895
            263         131.895
            264         131.895
            265         131.895
            266         132.872
            267         132.872
            268         132.872
            269         132.872
            270         132.872
            271         132.872
            272         132.872
            273         132.872
            274         132.872
            275         132.872
            276         132.872
            277         133.849
            278         133.849
            279         133.849
            280         133.849
            281         133.849
            282         133.849
            283         133.849
            284         133.849
            285         133.849
            286         133.849
            287         133.849
            288         133.849
            289         134.826
            290         134.826
            291         134.826
            292         134.826
            293         134.826
            294         134.826
            295         134.826
            296         134.826
            297         134.826
            298         134.826
            299         134.826
            300         135.803
            301         135.803
            302         135.803
            303         135.803
            304         135.803
            305         135.803
            306         135.803
            307         135.803
            308         135.803
            309         135.803
            310         136.780
            311         136.780
            312         136.780
            313         136.780
            314         136.780
            315         136.780
            316         136.780
            317         136.780
            318         136.780
            319         136.780
            320         136.780
            321         136.780
            322         136.780
            323         136.780
            324         136.780
            325         136.780
            326         136.780
            327         136.780
            328         137.757
            329         137.757
            330         137.757
            331         137.757
            332         137.757
            333         137.757
            334         137.757
            335         137.757
            336         137.757
            337         137.757
            338         137.757
            339         137.757
            340         137.757
            341         137.757
            342         137.757
            343         138.734
            344         138.734
            345         138.734
            346         138.734
            347         138.734
            348         138.734
            349         138.734
            350         138.734
            351         138.734
            352         138.734
            353         138.734
            354         138.734
            355         138.734
            356         139.711
            357         139.711
            358         139.711
            359         139.711
            360         139.711
            361         139.711
            362         139.711
            363         139.711
            364         139.711
            365         139.711
            366         139.711
            367         139.711
            368         139.711
            369         139.711
            370         139.711
            371         139.711
            372         139.711
            373         139.711
            374         139.711
            375         139.711
            376         139.711
            377         139.711
            378         139.711
            379         139.711
            380         139.711
            381         140.688
            382         140.688
            383         140.688
            384         140.688
            385         140.688
            386         140.688
            387         140.688
            388         140.688
            389         140.688
            390         140.688
            391         140.688
            392         140.688
            393         140.688
            394         140.688
            395         140.688
            396         140.688
            397         140.688
            398         140.688
            399         140.688
            400         140.688
            401         140.688
            402         140.688
            403         140.688
            404         140.688
            405         140.688
            406         140.688
            407         140.688
            408         140.688
            409         140.688
            410         140.688
            411         140.688
            412         140.688
            413         140.688
            414         140.688
            415         140.688
            416         140.688
            417         140.688
            418         140.688
            419         140.688
            420         140.688
            421         140.688
            422         140.688
            423         140.688
            424         140.688
            425         140.688
            426         140.688
            427         140.688
            428         140.688
            429         140.688
            430         140.688
            431         140.688
            432         140.688
            433         140.688
            434         141.665
            435         141.665
            436         141.665
            437         141.665
            438         141.665
            439         141.665
            440         141.665
            441         141.665
            442         141.665
            443         141.665
            444         141.665
            445         140.688
            446         140.688
            447         140.688
            448         140.688
            449         140.688
            450         140.688
            451         140.688
            452         140.688
            453         140.688
            454         140.688
            455         140.688
            456         140.688
            457         140.688
            458         140.688
            459         140.688
            460         140.688
            461         140.688
            462         140.688
            463         139.711
            464         139.711
            465         139.711
            466         139.711
            467         139.711
            468         139.711
            469         139.711
            470         139.711
            471         139.711
            472         139.711
            473         139.711
            474         139.711
            475         139.711
            476         139.711
            477         139.711
            478         139.711
            479         139.711
            480         139.711
            481         138.734
            482         138.734
            483         138.734
            484         138.734
            485         138.734
            486         138.734
            487         138.734
            488         138.734
            489         138.734
            490         138.734
            491         138.734
            492         138.734
            493         138.734
            494         138.734
            495         138.734
            496         138.734
            497         138.734
            498         138.734
            499         138.734
            500         137.757
            501         137.757
            502         137.757
            503         137.757
            504         137.757
            505         137.757
            506         137.757
            507         137.757
            508         137.757
            509         137.757
            510         137.757
            511         137.757
            512         137.757
            513         137.757
            514         137.757
            515         136.780
            516         136.780
            517         136.780
            518         136.780
            519         136.780
            520         136.780
            521         136.780
            522         136.780
            523         136.780
            524         136.780
            525         136.780
            526         136.780
            527         136.780
            528         136.780
            529         136.780
            530         136.780
            531         136.780
            532         136.780
            533         136.780
            534         136.780
            535         136.780
            536         136.780
            537         136.780
            538         136.780
            539         136.780
            540         136.780
            541         136.780
            542         136.780
            543         136.780
            544         136.780
            545         136.780
            546         136.780
            547         136.780
            548         135.803
            549         135.803
            550         135.803
