TRACENO
              1         218.848
              2         218.848
              3         218.848
              4         218.848
              5         218.848
              6         218.848
              7         219.825
              8         219.825
              9         219.825
             10         219.825
             11         219.825
             12         219.825
             13         219.825
             14         219.825
             15         219.825
             16         219.825
             17         219.825
             18         219.825
             19         219.825
             20         219.825
             21         219.825
             22         219.825
             23         219.825
             24         219.825
             25         219.825
             26         219.825
             27         219.825
             28         219.825
             29         219.825
             30         219.825
             31         219.825
             32         219.825
             33         219.825
             34         219.825
             35         219.825
             36         219.825
             37         219.825
             38         219.825
             39         219.825
             40         219.825
             41         219.825
             42         219.825
             43         219.825
             44         219.825
             45         219.825
             46         219.825
             47         219.825
             48         219.825
             49         219.825
             50         219.825
             51         219.825
             52         219.825
             53         219.825
             54         219.825
             55         219.825
             56         219.825
             57         219.825
             58         219.825
             59         219.825
             60         219.825
             61         219.825
             62         219.825
             63         219.825
             64         218.848
             65         218.848
             66         218.848
             67         218.848
             68         218.848
             69         218.848
             70         218.848
             71         218.848
             72         218.848
             73         218.848
             74         218.848
             75         218.848
             76         218.848
             77         218.848
             78         217.871
             79         217.871
             80         217.871
             81         217.871
             82         217.871
             83         217.871
             84         217.871
             85         217.871
             86         217.871
             87         217.871
             88         217.871
             89         217.871
             90         217.871
             91         217.871
             92         217.871
             93         217.871
             94         217.871
             95         217.871
             96         217.871
             97         217.871
             98         217.871
             99         217.871
            100         217.871
            101         217.871
            102         217.871
            103         217.871
            104         217.871
            105         217.871
            106         217.871
            107         217.871
            108         217.871
            109         217.871
            110         217.871
            111         217.871
            112         217.871
            113         217.871
            114         217.871
            115         217.871
            116         217.871
            117         217.871
            118         217.871
            119         217.871
            120         217.871
            121         217.871
            122         217.871
            123         217.871
            124         217.871
            125         217.871
            126         217.871
            127         217.871
            128         217.871
            129         217.871
            130         217.871
            131         217.871
            132         217.871
            133         216.894
            134         216.894
            135         216.894
            136         216.894
            137         216.894
            138         216.894
            139         216.894
            140         216.894
            141         216.894
            142         216.894
            143         216.894
            144         216.894
            145         216.894
            146         216.894
            147         216.894
            148         216.894
            149         216.894
            150         216.894
            151         216.894
            152         216.894
            153         216.894
            154         216.894
            155         216.894
            156         216.894
            157         216.894
            158         216.894
            159         216.894
            160         216.894
            161         216.894
            162         216.894
            163         216.894
            164         216.894
            165         216.894
            166         216.894
            167         216.894
            168         216.894
            169         216.894
            170         216.894
            171         216.894
            172         216.894
            173         216.894
            174         216.894
            175         216.894
            176         216.894
            177         216.894
            178         216.894
            179         216.894
            180         216.894
            181         216.894
            182         216.894
            183         216.894
            184         216.894
            185         216.894
            186         216.894
            187         216.894
            188         216.894
            189         216.894
            190         216.894
            191         216.894
            192         216.894
            193         216.894
            194         216.894
            195         216.894
            196         216.894
            197         216.894
            198         216.894
            199         216.894
            200         216.894
            201         216.894
            202         216.894
            203         216.894
            204         216.894
            205         216.894
            206         216.894
            207         216.894
            208         216.894
            209         216.894
            210         217.871
            211         217.871
            212         217.871
            213         217.871
            214         217.871
            215         217.871
            216         217.871
            217         217.871
            218         217.871
            219         217.871
            220         217.871
            221         217.871
            222         217.871
            223         217.871
            224         217.871
            225         217.871
            226         217.871
            227         217.871
            228         217.871
            229         217.871
            230         217.871
            231         217.871
            232         217.871
            233         217.871
            234         217.871
            235         217.871
            236         217.871
            237         217.871
            238         217.871
            239         217.871
            240         217.871
            241         217.871
            242         217.871
            243         217.871
            244         217.871
            245         217.871
            246         217.871
            247         217.871
            248         217.871
            249         217.871
            250         217.871
            251         217.871
            252         217.871
            253         217.871
            254         217.871
            255         217.871
            256         217.871
            257         217.871
            258         217.871
            259         217.871
            260         217.871
            261         217.871
            262         217.871
            263         217.871
            264         217.871
            265         217.871
            266         217.871
            267         217.871
            268         217.871
            269         217.871
            270         217.871
            271         217.871
            272         217.871
            273         217.871
            274         217.871
            275         217.871
            276         217.871
            277         217.871
            278         217.871
            279         217.871
            280         217.871
            281         217.871
            282         217.871
            283         217.871
            284         217.871
            285         217.871
            286         217.871
            287         217.871
            288         217.871
            289         217.871
            290         217.871
            291         217.871
            292         217.871
            293         217.871
            294         217.871
            295         217.871
            296         217.871
            297         217.871
            298         217.871
            299         217.871
            300         217.871
            301         217.871
            302         217.871
            303         217.871
            304         217.871
            305         217.871
            306         217.871
            307         217.871
            308         217.871
            309         217.871
            310         217.871
            311         217.871
            312         217.871
            313         217.871
            314         217.871
            315         217.871
            316         217.871
            317         217.871
            318         217.871
            319         217.871
            320         217.871
            321         217.871
            322         217.871
            323         217.871
            324         217.871
            325         217.871
            326         217.871
            327         217.871
            328         217.871
            329         217.871
            330         217.871
            331         217.871
            332         217.871
            333         217.871
            334         217.871
            335         217.871
            336         217.871
            337         217.871
            338         217.871
            339         217.871
            340         217.871
            341         217.871
            342         217.871
            343         217.871
            344         217.871
            345         217.871
            346         217.871
            347         217.871
            348         217.871
            349         217.871
            350         217.871
            351         217.871
            352         217.871
            353         217.871
            354         217.871
            355         217.871
            356         217.871
            357         217.871
            358         217.871
            359         217.871
            360         217.871
            361         217.871
            362         217.871
            363         217.871
            364         217.871
            365         217.871
            366         217.871
            367         217.871
            368         217.871
            369         217.871
            370         217.871
            371         217.871
            372         217.871
            373         217.871
            374         217.871
            375         217.871
            376         217.871
            377         218.848
            378         218.848
            379         218.848
            380         218.848
            381         218.848
            382         218.848
            383         218.848
            384         218.848
            385         218.848
            386         218.848
            387         218.848
            388         218.848
            389         218.848
            390         218.848
            391         218.848
            392         218.848
            393         218.848
            394         218.848
            395         218.848
            396         218.848
            397         218.848
            398         218.848
            399         218.848
            400         218.848
            401         218.848
            402         218.848
            403         218.848
            404         218.848
            405         218.848
            406         217.871
            407         217.871
            408         217.871
            409         217.871
            410         217.871
            411         217.871
            412         217.871
            413         217.871
            414         217.871
            415         217.871
            416         217.871
            417         218.848
            418         218.848
            419         218.848
            420         218.848
            421         218.848
            422         218.848
            423         218.848
            424         218.848
            425         218.848
            426         218.848
            427         218.848
            428         218.848
            429         218.848
            430         217.871
            431         217.871
            432         217.871
            433         217.871
            434         217.871
            435         217.871
            436         217.871
            437         217.871
            438         217.871
            439         217.871
            440         217.871
            441         217.871
            442         217.871
            443         217.871
            444         217.871
            445         217.871
            446         217.871
            447         217.871
            448         217.871
            449         217.871
            450         217.871
            451         217.871
            452         217.871
            453         217.871
            454         217.871
            455         217.871
            456         217.871
            457         217.871
            458         217.871
            459         218.848
            460         218.848
            461         218.848
            462         218.848
            463         218.848
            464         218.848
            465         218.848
            466         218.848
            467         218.848
            468         218.848
            469         218.848
            470         218.848
            471         218.848
            472         218.848
            473         218.848
            474         218.848
            475         218.848
            476         218.848
            477         218.848
            478         218.848
            479         217.871
            480         217.871
            481         217.871
            482         218.848
            483         218.848
            484         218.848
            485         218.848
            486         218.848
            487         218.848
            488         218.848
            489         218.848
            490         218.848
            491         218.848
            492         218.848
            493         218.848
            494         218.848
            495         218.848
            496         218.848
            497         218.848
            498         218.848
            499         218.848
            500         218.848
            501         218.848
            502         218.848
            503         218.848
            504         218.848
            505         218.848
            506         218.848
            507         218.848
            508         218.848
            509         218.848
            510         218.848
            511         218.848
            512         218.848
            513         218.848
            514         218.848
            515         218.848
            516         218.848
            517         218.848
            518         218.848
            519         218.848
            520         218.848
            521         218.848
            522         218.848
            523         218.848
            524         218.848
            525         218.848
            526         218.848
            527         218.848
            528         218.848
            529         218.848
            530         218.848
            531         218.848
            532         218.848
            533         218.848
            534         218.848
            535         218.848
            536         218.848
            537         218.848
            538         218.848
            539         218.848
            540         217.871
            541         217.871
            542         217.871
            543         217.871
            544         217.871
            545         217.871
            546         217.871
            547         217.871
            548         217.871
            549         217.871
            550         217.871
            551         217.871
            552         217.871
            553         217.871
            554         217.871
            555         217.871
            556         217.871
            557         217.871
            558         217.871
            559         217.871
            560         217.871
            561         217.871
            562         217.871
            563         217.871
            564         217.871
            565         217.871
            566         217.871
            567         217.871
            568         217.871
            569         217.871
            570         217.871
            571         217.871
            572         217.871
            573         217.871
            574         216.894
            575         216.894
            576         216.894
            577         216.894
            578         216.894
            579         216.894
            580         216.894
            581         216.894
            582         216.894
            583         216.894
            584         216.894
            585         216.894
            586         216.894
            587         216.894
            588         216.894
            589         216.894
            590         216.894
            591         216.894
            592         216.894
            593         216.894
            594         216.894
            595         216.894
            596         216.894
            597         216.894
            598         216.894
            599         216.894
            600         216.894
            601         216.894
            602         216.894
            603         216.894
            604         216.894
            605         216.894
            606         216.894
            607         216.894
            608         216.894
            609         216.894
            610         216.894
            611         216.894
            612         216.894
            613         216.894
            614         216.894
            615         216.894
            616         216.894
            617         216.894
            618         216.894
            619         216.894
            620         216.894
            621         216.894
            622         216.894
            623         216.894
            624         216.894
            625         216.894
            626         216.894
            627         216.894
            628         216.894
            629         216.894
            630         216.894
            631         216.894
            632         216.894
            633         216.894
            634         216.894
            635         216.894
            636         216.894
            637         215.917
            638         215.917
            639         215.917
            640         215.917
            641         215.917
            642         215.917
            643         215.917
            644         215.917
            645         215.917
            646         215.917
            647         215.917
            648         215.917
            649         215.917
            650         215.917
            651         215.917
            652         215.917
            653         215.917
            654         215.917
            655         215.917
            656         215.917
            657         215.917
            658         215.917
            659         216.894
            660         216.894
            661         216.894
            662         216.894
            663         216.894
            664         216.894
            665         216.894
            666         216.894
            667         216.894
            668         216.894
            669         216.894
            670         216.894
            671         216.894
            672         216.894
            673         216.894
            674         216.894
            675         216.894
            676         216.894
            677         216.894
            678         216.894
            679         216.894
            680         216.894
            681         216.894
            682         216.894
            683         216.894
            684         216.894
            685         216.894
            686         216.894
            687         216.894
            688         216.894
            689         216.894
            690         216.894
            691         216.894
            692         216.894
            693         216.894
            694         216.894
            695         216.894
            696         216.894
            697         216.894
            698         216.894
            699         216.894
            700         216.894
            701         216.894
            702         216.894
            703         216.894
            704         216.894
            705         216.894
            706         216.894
            707         216.894
            708         216.894
            709         216.894
            710         216.894
            711         216.894
            712         216.894
            713         216.894
            714         216.894
            715         216.894
            716         216.894
            717         216.894
            718         216.894
            719         216.894
            720         216.894
            721         216.894
            722         216.894
            723         216.894
            724         216.894
            725         216.894
            726         216.894
            727         216.894
            728         215.917
            729         215.917
            730         215.917
            731         215.917
            732         215.917
            733         215.917
            734         214.940
            735         214.940
            736         214.940
            737         214.940
            738         214.940
            739         214.940
            740         213.963
            741         213.963
            742         214.940
            743         214.940
            744         214.940
            745         214.940
            746         214.940
            747         214.940
            748         214.940
            749         214.940
            750         214.940
            751         214.940
            752         214.940
            753         214.940
            754         214.940
            755         214.940
            756         214.940
            757         214.940
            758         214.940
            759         214.940
            760         214.940
            761         214.940
            762         214.940
            763         214.940
            764         214.940
            765         214.940
            766         214.940
            767         214.940
            768         214.940
            769         214.940
            770         214.940
            771         214.940
            772         214.940
            773         214.940
            774         214.940
            775         214.940
            776         214.940
            777         214.940
            778         214.940
            779         214.940
            780         214.940
            781         214.940
            782         214.940
            783         213.963
            784         213.963
            785         213.963
            786         213.963
            787         213.963
            788         213.963
            789         213.963
            790         213.963
            791         213.963
            792         213.963
            793         213.963
            794         213.963
            795         213.963
            796         213.963
            797         213.963
            798         213.963
            799         213.963
            800         213.963
            801         213.963
            802         213.963
            803         213.963
            804         213.963
            805         213.963
            806         213.963
            807         213.963
            808         212.986
            809         212.986
            810         212.986
            811         212.986
            812         212.986
            813         212.986
            814         212.986
            815         212.986
            816         212.986
            817         212.986
            818         212.986
            819         212.986
            820         212.986
            821         212.986
            822         212.986
            823         212.986
            824         212.986
            825         212.986
            826         212.986
            827         212.986
            828         212.986
            829         212.986
            830         212.986
            831         212.986
            832         212.986
            833         212.986
            834         212.986
            835         212.986
            836         212.986
            837         212.986
            838         212.986
            839         212.986
            840         212.986
            841         212.986
            842         212.986
            843         212.986
            844         212.986
            845         212.986
            846         212.986
            847         212.986
            848         212.986
            849         212.986
            850         212.986
            851         212.986
            852         212.986
            853         212.986
            854         212.986
            855         212.986
            856         212.986
            857         212.986
            858         212.986
            859         212.986
            860         212.986
            861         212.986
            862         212.009
            863         212.009
            864         212.009
            865         212.009
            866         212.009
            867         212.009
            868         212.009
            869         212.009
            870         212.009
            871         212.009
            872         212.009
            873         212.009
            874         212.009
            875         212.009
            876         212.009
            877         212.009
            878         212.009
            879         212.009
            880         212.009
            881         212.009
            882         212.009
            883         212.009
            884         211.032
            885         211.032
            886         211.032
            887         211.032
            888         211.032
            889         211.032
            890         211.032
            891         211.032
            892         211.032
            893         211.032
            894         211.032
            895         211.032
            896         211.032
            897         211.032
            898         211.032
            899         211.032
            900         211.032
            901         211.032
            902         211.032
            903         211.032
            904         211.032
            905         211.032
            906         211.032
            907         211.032
            908         211.032
            909         210.055
            910         210.055
            911         210.055
            912         210.055
            913         210.055
            914         210.055
            915         210.055
            916         210.055
            917         210.055
            918         210.055
            919         210.055
            920         210.055
            921         210.055
            922         210.055
            923         210.055
            924         210.055
            925         210.055
            926         210.055
            927         210.055
            928         210.055
            929         210.055
            930         210.055
            931         210.055
            932         210.055
            933         210.055
            934         210.055
            935         210.055
            936         210.055
            937         210.055
            938         210.055
            939         210.055
            940         209.078
            941         209.078
            942         209.078
            943         209.078
            944         209.078
            945         209.078
            946         209.078
            947         209.078
            948         209.078
            949         209.078
            950         209.078
            951         209.078
            952         209.078
            953         209.078
            954         209.078
            955         209.078
            956         209.078
            957         209.078
            958         209.078
            959         209.078
            960         209.078
            961         209.078
            962         209.078
            963         209.078
            964         209.078
            965         209.078
            966         209.078
            967         209.078
            968         209.078
            969         209.078
            970         209.078
            971         209.078
            972         209.078
            973         209.078
            974         209.078
            975         209.078
            976         209.078
            977         209.078
            978         209.078
            979         209.078
            980         209.078
            981         209.078
            982         209.078
            983         209.078
            984         209.078
            985         209.078
            986         209.078
            987         209.078
            988         209.078
            989         209.078
            990         209.078
            991         209.078
            992         209.078
            993         209.078
            994         209.078
            995         209.078
            996         209.078
            997         209.078
            998         209.078
            999         209.078
           1000         209.078
           1001         209.078
           1002         209.078
           1003         209.078
           1004         208.101
           1005         208.101
           1006         208.101
           1007         208.101
           1008         208.101
           1009         208.101
           1010         208.101
           1011         208.101
           1012         208.101
           1013         208.101
           1014         208.101
           1015         208.101
           1016         208.101
           1017         208.101
           1018         208.101
           1019         208.101
           1020         208.101
           1021         208.101
           1022         208.101
           1023         208.101
           1024         208.101
           1025         208.101
           1026         207.124
           1027         207.124
           1028         207.124
           1029         207.124
           1030         207.124
           1031         207.124
           1032         207.124
           1033         207.124
           1034         207.124
           1035         207.124
           1036         207.124
           1037         207.124
           1038         207.124
           1039         207.124
           1040         207.124
           1041         206.147
           1042         206.147
           1043         206.147
           1044         206.147
           1045         206.147
           1046         206.147
           1047         206.147
           1048         206.147
           1049         206.147
           1050         206.147
           1051         206.147
           1052         206.147
           1053         206.147
           1054         205.170
           1055         205.170
           1056         205.170
           1057         205.170
           1058         205.170
           1059         205.170
           1060         205.170
           1061         205.170
           1062         205.170
           1063         205.170
           1064         205.170
           1065         205.170
           1066         205.170
           1067         205.170
           1068         205.170
           1069         205.170
           1070         205.170
           1071         205.170
           1072         205.170
           1073         205.170
           1074         205.170
           1075         205.170
           1076         204.193
           1077         204.193
           1078         204.193
           1079         204.193
           1080         204.193
           1081         204.193
           1082         204.193
           1083         204.193
           1084         204.193
           1085         204.193
           1086         204.193
           1087         204.193
           1088         204.193
           1089         204.193
           1090         204.193
           1091         204.193
           1092         204.193
           1093         204.193
           1094         204.193
           1095         204.193
           1096         204.193
           1097         204.193
           1098         204.193
           1099         204.193
           1100         204.193
           1101         204.193
           1102         204.193
           1103         204.193
           1104         204.193
           1105         204.193
           1106         204.193
           1107         204.193
           1108         204.193
           1109         204.193
           1110         204.193
           1111         204.193
           1112         204.193
           1113         204.193
           1114         204.193
           1115         204.193
           1116         204.193
           1117         204.193
           1118         204.193
           1119         204.193
           1120         204.193
           1121         204.193
           1122         204.193
           1123         204.193
           1124         204.193
           1125         204.193
           1126         204.193
           1127         204.193
           1128         204.193
           1129         204.193
           1130         204.193
           1131         204.193
           1132         204.193
           1133         204.193
           1134         204.193
           1135         204.193
           1136         204.193
           1137         204.193
           1138         204.193
           1139         204.193
           1140         204.193
           1141         204.193
           1142         204.193
           1143         204.193
           1144         204.193
           1145         204.193
           1146         204.193
           1147         204.193
           1148         204.193
           1149         204.193
           1150         204.193
           1151         204.193
           1152         204.193
           1153         204.193
           1154         204.193
           1155         204.193
           1156         204.193
           1157         204.193
           1158         204.193
           1159         204.193
           1160         204.193
           1161         204.193
           1162         204.193
           1163         204.193
           1164         204.193
           1165         204.193
           1166         204.193
           1167         204.193
           1168         204.193
           1169         204.193
           1170         204.193
           1171         204.193
           1172         204.193
           1173         204.193
           1174         204.193
           1175         204.193
           1176         204.193
           1177         204.193
           1178         204.193
           1179         204.193
           1180         204.193
           1181         203.216
           1182         203.216
           1183         203.216
           1184         203.216
           1185         203.216
           1186         203.216
           1187         203.216
           1188         203.216
           1189         203.216
           1190         203.216
           1191         203.216
           1192         203.216
           1193         203.216
           1194         203.216
           1195         203.216
           1196         203.216
           1197         203.216
           1198         203.216
           1199         203.216
           1200         203.216
           1201         203.216
           1202         203.216
           1203         203.216
           1204         203.216
           1205         203.216
           1206         203.216
           1207         203.216
           1208         203.216
           1209         203.216
           1210         203.216
           1211         203.216
           1212         203.216
           1213         203.216
           1214         203.216
           1215         203.216
           1216         203.216
           1217         202.239
           1218         202.239
           1219         202.239
           1220         202.239
           1221         202.239
           1222         202.239
           1223         202.239
           1224         202.239
           1225         202.239
           1226         202.239
           1227         202.239
           1228         202.239
           1229         202.239
           1230         202.239
           1231         202.239
           1232         202.239
           1233         202.239
           1234         202.239
           1235         202.239
           1236         202.239
           1237         202.239
           1238         201.262
           1239         201.262
           1240         201.262
           1241         201.262
           1242         201.262
           1243         201.262
           1244         201.262
           1245         201.262
           1246         201.262
           1247         201.262
           1248         201.262
           1249         201.262
           1250         201.262
           1251         201.262
           1252         201.262
           1253         201.262
           1254         201.262
           1255         201.262
           1256         201.262
           1257         200.285
           1258         200.285
           1259         200.285
           1260         200.285
           1261         200.285
           1262         200.285
           1263         200.285
           1264         200.285
           1265         200.285
           1266         200.285
           1267         200.285
           1268         200.285
           1269         200.285
           1270         200.285
           1271         200.285
           1272         200.285
           1273         200.285
           1274         200.285
           1275         200.285
           1276         200.285
           1277         200.285
           1278         200.285
           1279         200.285
           1280         200.285
           1281         200.285
           1282         200.285
           1283         199.308
           1284         199.308
           1285         199.308
           1286         199.308
           1287         199.308
           1288         199.308
           1289         199.308
           1290         199.308
           1291         199.308
           1292         199.308
           1293         199.308
           1294         199.308
           1295         199.308
           1296         199.308
           1297         199.308
           1298         199.308
           1299         199.308
           1300         199.308
           1301         199.308
           1302         199.308
           1303         199.308
           1304         199.308
           1305         199.308
           1306         199.308
           1307         199.308
           1308         199.308
           1309         199.308
           1310         199.308
           1311         199.308
           1312         199.308
           1313         199.308
           1314         199.308
           1315         199.308
           1316         199.308
           1317         199.308
           1318         199.308
           1319         199.308
           1320         199.308
           1321         199.308
           1322         199.308
           1323         199.308
           1324         199.308
           1325         199.308
           1326         199.308
           1327         199.308
           1328         199.308
           1329         199.308
           1330         199.308
           1331         199.308
           1332         199.308
           1333         199.308
           1334         199.308
           1335         199.308
           1336         199.308
           1337         199.308
           1338         199.308
           1339         199.308
           1340         199.308
           1341         199.308
           1342         199.308
           1343         199.308
           1344         199.308
           1345         199.308
           1346         199.308
           1347         199.308
           1348         199.308
           1349         199.308
           1350         199.308
           1351         199.308
           1352         199.308
           1353         199.308
           1354         199.308
           1355         199.308
           1356         199.308
           1357         199.308
           1358         199.308
           1359         199.308
           1360         199.308
           1361         199.308
           1362         199.308
           1363         199.308
           1364         199.308
           1365         199.308
           1366         199.308
           1367         199.308
           1368         199.308
           1369         199.308
           1370         199.308
           1371         199.308
           1372         199.308
           1373         199.308
           1374         199.308
           1375         199.308
           1376         199.308
           1377         199.308
           1378         199.308
           1379         199.308
           1380         199.308
           1381         199.308
           1382         199.308
           1383         199.308
           1384         199.308
           1385         199.308
           1386         199.308
           1387         199.308
           1388         199.308
           1389         199.308
           1390         199.308
           1391         199.308
           1392         199.308
           1393         199.308
           1394         199.308
           1395         199.308
           1396         199.308
           1397         199.308
           1398         199.308
           1399         199.308
           1400         199.308
           1401         199.308
           1402         199.308
           1403         199.308
           1404         199.308
           1405         199.308
           1406         199.308
           1407         199.308
           1408         199.308
           1409         199.308
           1410         199.308
           1411         199.308
           1412         199.308
           1413         199.308
           1414         199.308
           1415         200.285
           1416         200.285
           1417         200.285
           1418         200.285
           1419         200.285
           1420         200.285
           1421         200.285
           1422         200.285
           1423         200.285
           1424         200.285
           1425         200.285
           1426         200.285
           1427         201.262
           1428         201.262
           1429         201.262
           1430         201.262
           1431         201.262
           1432         201.262
           1433         201.262
           1434         201.262
           1435         201.262
           1436         201.262
           1437         200.285
           1438         200.285
           1439         200.285
           1440         200.285
           1441         200.285
           1442         200.285
           1443         200.285
           1444         200.285
           1445         200.285
           1446         200.285
           1447         200.285
           1448         200.285
           1449         200.285
           1450         200.285
           1451         199.308
           1452         199.308
           1453         199.308
           1454         199.308
           1455         199.308
           1456         199.308
           1457         199.308
           1458         199.308
           1459         199.308
           1460         199.308
           1461         199.308
           1462         199.308
           1463         199.308
           1464         199.308
           1465         199.308
           1466         199.308
           1467         199.308
           1468         199.308
           1469         199.308
           1470         199.308
           1471         199.308
           1472         199.308
           1473         199.308
           1474         199.308
           1475         199.308
           1476         199.308
           1477         199.308
           1478         199.308
           1479         199.308
           1480         199.308
           1481         199.308
           1482         199.308
           1483         199.308
           1484         199.308
           1485         199.308
           1486         199.308
           1487         199.308
           1488         199.308
           1489         199.308
           1490         199.308
           1491         199.308
           1492         199.308
           1493         199.308
           1494         199.308
           1495         199.308
           1496         199.308
           1497         199.308
           1498         199.308
           1499         199.308
           1500         199.308
           1501         199.308
           1502         199.308
           1503         199.308
           1504         199.308
           1505         199.308
           1506         199.308
           1507         199.308
           1508         199.308
           1509         199.308
           1510         199.308
           1511         199.308
           1512         199.308
           1513         199.308
           1514         199.308
           1515         199.308
           1516         199.308
           1517         199.308
           1518         199.308
           1519         199.308
           1520         199.308
           1521         199.308
           1522         199.308
           1523         199.308
           1524         199.308
           1525         199.308
           1526         199.308
           1527         199.308
           1528         198.331
           1529         198.331
           1530         198.331
           1531         198.331
           1532         198.331
           1533         198.331
           1534         198.331
           1535         198.331
           1536         198.331
           1537         198.331
           1538         198.331
           1539         198.331
           1540         198.331
           1541         198.331
           1542         198.331
           1543         198.331
           1544         199.308
           1545         199.308
           1546         199.308
           1547         199.308
           1548         199.308
           1549         199.308
           1550         199.308
           1551         199.308
           1552         199.308
           1553         199.308
           1554         199.308
           1555         199.308
           1556         199.308
           1557         199.308
           1558         199.308
           1559         199.308
           1560         199.308
           1561         199.308
           1562         199.308
           1563         199.308
           1564         199.308
           1565         199.308
           1566         199.308
           1567         199.308
           1568         199.308
           1569         199.308
           1570         199.308
           1571         199.308
           1572         199.308
           1573         199.308
           1574         199.308
           1575         199.308
           1576         199.308
           1577         199.308
           1578         199.308
           1579         199.308
           1580         199.308
           1581         199.308
           1582         199.308
           1583         199.308
           1584         199.308
           1585         199.308
           1586         199.308
           1587         199.308
           1588         199.308
           1589         199.308
           1590         199.308
           1591         199.308
           1592         199.308
           1593         199.308
           1594         199.308
           1595         199.308
           1596         199.308
           1597         199.308
           1598         199.308
           1599         199.308
           1600         199.308
           1601         199.308
           1602         199.308
           1603         199.308
           1604         199.308
           1605         199.308
           1606         199.308
           1607         199.308
           1608         199.308
           1609         199.308
           1610         199.308
           1611         199.308
           1612         199.308
           1613         199.308
           1614         200.285
           1615         200.285
           1616         200.285
           1617         200.285
           1618         200.285
           1619         200.285
           1620         200.285
           1621         200.285
           1622         200.285
           1623         200.285
           1624         200.285
           1625         200.285
           1626         200.285
           1627         200.285
           1628         200.285
           1629         200.285
           1630         200.285
           1631         200.285
           1632         200.285
           1633         200.285
           1634         200.285
           1635         200.285
           1636         200.285
           1637         200.285
           1638         200.285
           1639         200.285
           1640         200.285
           1641         200.285
           1642         200.285
           1643         200.285
           1644         200.285
           1645         200.285
           1646         200.285
           1647         200.285
           1648         200.285
           1649         200.285
           1650         200.285
           1651         200.285
           1652         200.285
           1653         200.285
           1654         200.285
           1655         200.285
           1656         200.285
           1657         200.285
           1658         200.285
           1659         200.285
           1660         200.285
           1661         200.285
           1662         200.285
           1663         200.285
           1664         200.285
           1665         200.285
           1666         200.285
