TRACENO
              2         132.872
              3         132.872
              4         132.872
              5         132.872
              6         132.872
              7         132.872
              8         132.872
              9         132.872
             10         132.872
             11         132.872
             12         132.872
             13         132.872
             14         132.872
             15         132.872
             16         132.872
             17         132.872
             18         132.872
             19         132.872
             20         132.872
             21         132.872
             22         132.872
             23         132.872
             24         132.872
             25         132.872
             26         132.872
             27         132.872
             28         132.872
             29         132.872
             30         132.872
             31         132.872
             32         132.872
             33         132.872
             34         132.872
             35         132.872
             36         132.872
             37         132.872
             38         132.872
             39         132.872
             40         132.872
             41         132.872
             42         132.872
             43         132.872
             44         132.872
             45         132.872
             46         132.872
             47         132.872
             48         132.872
             49         132.872
             50         132.872
             51         132.872
             52         132.872
             53         132.872
             54         132.872
             55         132.872
             56         132.872
             57         132.872
             58         132.872
             59         132.872
             60         132.872
             61         132.872
             62         133.849
             63         133.849
             64         133.849
             65         133.849
             66         133.849
             67         133.849
             68         133.849
             69         133.849
             70         133.849
             71         133.849
             72         133.849
             73         133.849
             74         133.849
             75         133.849
             76         133.849
             77         133.849
             78         133.849
             79         133.849
             80         133.849
             81         133.849
             82         133.849
             83         133.849
             84         133.849
             85         133.849
             86         133.849
             87         133.849
             88         133.849
             89         133.849
             90         133.849
             91         133.849
             92         133.849
             93         133.849
             94         133.849
             95         133.849
             96         133.849
             97         133.849
             98         133.849
             99         133.849
            100         133.849
            101         133.849
            102         133.849
            103         133.849
            104         133.849
            105         133.849
            106         133.849
            107         133.849
            108         133.849
            109         133.849
            110         133.849
            111         133.849
            112         133.849
            113         133.849
            114         133.849
            115         133.849
            116         133.849
            117         133.849
            118         133.849
            119         133.849
            120         133.849
            121         133.849
            122         133.849
            123         133.849
            124         133.849
            125         133.849
            126         133.849
            127         133.849
            128         133.849
            129         133.849
            130         133.849
            131         133.849
            132         133.849
            133         133.849
            134         133.849
            135         133.849
            136         133.849
            137         133.849
            138         133.849
            139         133.849
            140         133.849
            141         133.849
            142         133.849
            143         133.849
            144         133.849
            145         133.849
            146         133.849
            147         133.849
            148         133.849
            149         133.849
            150         133.849
            151         133.849
            152         133.849
            153         133.849
            154         133.849
            155         133.849
            156         133.849
            157         133.849
            158         133.849
            159         133.849
            160         133.849
            161         133.849
            162         133.849
            163         133.849
            164         134.826
            165         134.826
            166         134.826
            167         134.826
            168         134.826
            169         134.826
            170         134.826
            171         134.826
            172         134.826
            173         134.826
            174         134.826
            175         134.826
            176         134.826
            177         134.826
            178         134.826
            179         134.826
            180         134.826
            181         134.826
            182         134.826
            183         134.826
            184         134.826
            185         134.826
            186         134.826
            187         134.826
            188         134.826
            189         134.826
            190         134.826
            191         134.826
            192         134.826
            193         134.826
            194         134.826
            195         135.803
            196         135.803
            197         135.803
            198         135.803
            199         135.803
            200         135.803
            201         135.803
            202         135.803
            203         135.803
            204         135.803
            205         135.803
            206         135.803
            207         135.803
            208         135.803
            209         135.803
            210         135.803
            211         135.803
            212         135.803
            213         135.803
            214         135.803
            215         135.803
            216         135.803
            217         135.803
            218         135.803
            219         135.803
            220         135.803
            221         135.803
            222         135.803
            223         135.803
            224         135.803
            225         135.803
            226         135.803
            227         136.780
            228         136.780
            229         136.780
            230         136.780
            231         136.780
            232         136.780
            233         136.780
            234         136.780
            235         136.780
            236         136.780
            237         136.780
            238         136.780
            239         136.780
            240         136.780
            241         136.780
            242         136.780
            243         136.780
            244         136.780
            245         136.780
            246         136.780
            247         136.780
            248         136.780
            249         136.780
            250         136.780
            251         136.780
            252         136.780
            253         136.780
            254         136.780
            255         136.780
            256         136.780
            257         136.780
            258         136.780
            259         136.780
            260         136.780
            261         136.780
            262         136.780
            263         136.780
            264         136.780
            265         136.780
            266         136.780
            267         136.780
            268         136.780
            269         136.780
            270         136.780
            271         136.780
            272         136.780
            273         136.780
            274         136.780
            275         136.780
            276         136.780
            277         136.780
            278         136.780
            279         137.757
            280         137.757
            281         137.757
            282         137.757
            283         137.757
            284         137.757
            285         137.757
            286         137.757
            287         137.757
            288         137.757
            289         137.757
            290         137.757
            291         137.757
            292         137.757
            293         137.757
            294         137.757
            295         137.757
            296         137.757
            297         137.757
            298         137.757
            299         137.757
            300         137.757
            301         137.757
            302         137.757
            303         137.757
            304         137.757
            305         137.757
            306         137.757
            307         137.757
            308         137.757
            309         137.757
            310         137.757
            311         137.757
            312         137.757
            313         137.757
            314         137.757
            315         137.757
            316         137.757
            317         137.757
            318         137.757
            319         137.757
            320         137.757
            321         137.757
            322         137.757
            323         137.757
            324         137.757
            325         137.757
            326         137.757
            327         137.757
            328         137.757
            329         137.757
            330         137.757
            331         137.757
            332         137.757
            333         137.757
            334         137.757
            335         137.757
            336         137.757
            337         137.757
            338         137.757
            339         137.757
            340         137.757
            341         137.757
            342         137.757
            343         137.757
            344         137.757
            345         137.757
            346         137.757
            347         138.734
            348         138.734
            349         138.734
            350         138.734
            351         138.734
            352         138.734
            353         138.734
            354         138.734
            355         138.734
            356         138.734
            357         138.734
            358         138.734
            359         138.734
            360         138.734
            361         138.734
            362         138.734
            363         138.734
            364         138.734
            365         138.734
            366         138.734
            367         138.734
            368         138.734
            369         138.734
            370         138.734
            371         138.734
            372         138.734
            373         138.734
            374         138.734
            375         138.734
            376         138.734
            377         138.734
            378         138.734
            379         138.734
            380         138.734
            381         138.734
            382         138.734
            383         138.734
            384         138.734
            385         138.734
            386         138.734
            387         138.734
            388         138.734
            389         138.734
            390         138.734
            391         138.734
            392         138.734
            393         138.734
            394         138.734
            395         138.734
            396         138.734
            397         138.734
            398         138.734
            399         138.734
            400         138.734
            401         138.734
            402         138.734
            403         138.734
            404         138.734
            405         138.734
            406         138.734
            407         138.734
            408         138.734
            409         138.734
            410         138.734
            411         138.734
            412         138.734
            413         138.734
            414         138.734
            415         138.734
            416         138.734
            417         138.734
            418         138.734
            419         138.734
            420         138.734
            421         138.734
            422         138.734
            423         138.734
            424         138.734
            425         138.734
            426         138.734
            427         138.734
            428         138.734
            429         138.734
            430         138.734
            431         138.734
            432         138.734
            433         138.734
            434         138.734
            435         138.734
            436         138.734
            437         138.734
            438         138.734
            439         138.734
            440         138.734
            441         138.734
            442         138.734
            443         138.734
            444         138.734
            445         138.734
            446         138.734
            447         138.734
            448         138.734
            449         138.734
            450         138.734
            451         138.734
            452         138.734
            453         138.734
            454         138.734
            455         138.734
            456         138.734
            457         138.734
            458         138.734
            459         138.734
            460         138.734
            461         138.734
            462         138.734
            463         138.734
            464         138.734
            465         138.734
            466         138.734
            467         138.734
            468         138.734
            469         138.734
            470         138.734
            471         138.734
            472         138.734
            473         138.734
            474         138.734
            475         138.734
            476         138.734
            477         138.734
            478         138.734
            479         138.734
            480         138.734
            481         138.734
            482         138.734
            483         138.734
            484         138.734
            485         138.734
            486         138.734
            487         138.734
            488         138.734
            489         138.734
            490         139.711
            491         139.711
            492         139.711
            493         139.711
            494         139.711
            495         139.711
            496         139.711
            497         139.711
            498         139.711
            499         139.711
            500         139.711
            501         139.711
            502         139.711
            503         139.711
            504         139.711
            505         139.711
            506         139.711
            507         139.711
            508         139.711
            509         139.711
            510         139.711
            511         139.711
            512         139.711
            513         139.711
            514         139.711
            515         139.711
            516         139.711
            517         139.711
            518         139.711
            519         139.711
            520         139.711
            521         139.711
            522         139.711
            523         139.711
            524         139.711
            525         139.711
            526         139.711
            527         139.711
            528         140.688
            529         140.688
            530         140.688
            531         140.688
            532         140.688
            533         140.688
            534         140.688
            535         140.688
            536         140.688
            537         140.688
            538         140.688
            539         140.688
            540         140.688
            541         140.688
            542         140.688
            543         140.688
            544         140.688
            545         140.688
            546         140.688
            547         140.688
            548         140.688
            549         140.688
            550         140.688
            551         140.688
            552         140.688
            553         140.688
            554         140.688
            555         140.688
            556         140.688
            557         140.688
            558         140.688
            559         140.688
            560         140.688
            561         140.688
            562         141.665
            563         141.665
            564         141.665
            565         141.665
            566         141.665
            567         141.665
            568         141.665
            569         141.665
            570         141.665
            571         142.642
            572         142.642
            573         142.642
            574         142.642
            575         142.642
            576         142.642
            577         142.642
            578         142.642
            579         142.642
            580         142.642
            581         142.642
            582         143.619
            583         143.619
            584         143.619
            585         143.619
            586         143.619
            587         143.619
            588         143.619
            589         143.619
            590         142.642
            591         142.642
            592         142.642
            593         142.642
            594         142.642
            595         142.642
            596         142.642
            597         142.642
            598         142.642
            599         142.642
            600         142.642
            601         142.642
            602         142.642
            603         142.642
            604         142.642
            605         142.642
            606         142.642
            607         142.642
            608         142.642
            609         142.642
            610         142.642
            611         142.642
            612         142.642
            613         142.642
            614         142.642
            615         142.642
            616         142.642
            617         142.642
            618         142.642
            619         142.642
            620         142.642
            621         142.642
            622         142.642
            623         142.642
            624         142.642
            625         142.642
            626         142.642
            627         142.642
            628         142.642
            629         142.642
            630         142.642
            631         142.642
            632         142.642
            633         142.642
            634         142.642
            635         142.642
            636         142.642
            637         142.642
            638         142.642
            639         142.642
            640         142.642
            641         142.642
            642         142.642
            643         143.619
            644         143.619
            645         143.619
            646         143.619
            647         143.619
            648         143.619
            649         143.619
            650         143.619
            651         143.619
            652         143.619
            653         143.619
            654         143.619
            655         143.619
            656         143.619
            657         143.619
            658         143.619
            659         143.619
            660         143.619
            661         143.619
            662         143.619
            663         143.619
            664         143.619
            665         144.596
            666         144.596
            667         144.596
            668         144.596
            669         144.596
            670         144.596
            671         144.596
            672         144.596
            673         144.596
            674         144.596
            675         144.596
            676         144.596
            677         144.596
            678         144.596
            679         144.596
            680         144.596
            681         144.596
            682         144.596
            683         144.596
            684         144.596
            685         144.596
            686         144.596
            687         144.596
            688         144.596
            689         144.596
            690         144.596
            691         144.596
            692         144.596
            693         144.596
            694         144.596
            695         144.596
            696         144.596
            697         144.596
            698         144.596
            699         144.596
            700         144.596
            701         144.596
            702         144.596
            703         144.596
            704         144.596
            705         144.596
            706         144.596
            707         145.573
            708         145.573
            709         145.573
            710         145.573
            711         145.573
            712         145.573
            713         145.573
            714         145.573
            715         145.573
            716         145.573
            717         145.573
            718         145.573
            719         145.573
            720         145.573
            721         145.573
            722         145.573
            723         146.550
            724         146.550
            725         146.550
            726         146.550
            727         146.550
            728         146.550
            729         146.550
            730         146.550
            731         146.550
            732         146.550
            733         146.550
            734         146.550
            735         146.550
            736         146.550
            737         146.550
            738         146.550
            739         146.550
            740         146.550
            741         146.550
            742         146.550
            743         146.550
            744         146.550
            745         146.550
            746         146.550
            747         146.550
            748         146.550
            749         146.550
            750         146.550
            751         146.550
            752         146.550
            753         146.550
            754         146.550
            755         146.550
            756         146.550
            757         146.550
            758         146.550
            759         147.527
            760         147.527
            761         147.527
            762         147.527
            763         147.527
            764         147.527
            765         147.527
            766         147.527
            767         147.527
            768         147.527
            769         147.527
            770         147.527
            771         147.527
            772         147.527
            773         147.527
            774         147.527
            775         147.527
            776         147.527
            777         147.527
            778         147.527
            779         147.527
            780         147.527
            781         147.527
            782         147.527
            783         147.527
            784         147.527
            785         147.527
            786         147.527
            787         147.527
            788         147.527
            789         147.527
            790         147.527
            791         147.527
            792         147.527
            793         147.527
            794         147.527
            795         147.527
            796         148.504
            797         148.504
            798         148.504
            799         148.504
            800         148.504
            801         148.504
            802         148.504
            803         148.504
            804         148.504
            805         148.504
            806         148.504
            807         148.504
            808         148.504
            809         148.504
            810         148.504
            811         148.504
            812         148.504
            813         148.504
            814         148.504
            815         148.504
            816         148.504
            817         148.504
            818         148.504
            819         148.504
            820         148.504
            821         148.504
            822         148.504
            823         148.504
            824         148.504
            825         148.504
            826         148.504
            827         148.504
            828         148.504
            829         148.504
            830         148.504
            831         148.504
            832         148.504
            833         148.504
            834         148.504
            835         149.481
            836         149.481
            837         149.481
            838         149.481
            839         149.481
            840         149.481
            841         149.481
            842         149.481
            843         149.481
            844         149.481
            845         149.481
            846         149.481
            847         149.481
            848         149.481
            849         149.481
            850         149.481
            851         149.481
            852         149.481
            853         149.481
            854         149.481
            855         149.481
            856         149.481
            857         149.481
            858         149.481
            859         149.481
            860         149.481
            861         149.481
            862         150.458
            863         150.458
            864         150.458
            865         150.458
            866         150.458
            867         150.458
            868         150.458
            869         150.458
            870         150.458
            871         150.458
            872         150.458
            873         150.458
            874         150.458
            875         150.458
            876         150.458
            877         150.458
            878         150.458
            879         150.458
            880         150.458
            881         150.458
            882         150.458
            883         150.458
            884         150.458
            885         150.458
            886         150.458
            887         150.458
            888         150.458
            889         150.458
            890         150.458
            891         150.458
            892         150.458
            893         150.458
            894         150.458
            895         150.458
            896         150.458
            897         150.458
            898         150.458
            899         150.458
            900         150.458
            901         151.435
            902         151.435
            903         151.435
            904         151.435
            905         151.435
            906         151.435
            907         151.435
            908         151.435
            909         151.435
            910         151.435
            911         151.435
            912         151.435
            913         151.435
            914         151.435
            915         151.435
            916         151.435
            917         151.435
            918         151.435
            919         151.435
            920         152.412
            921         152.412
            922         152.412
            923         152.412
            924         152.412
            925         152.412
            926         152.412
            927         152.412
            928         152.412
            929         152.412
            930         152.412
            931         152.412
            932         152.412
            933         152.412
            934         152.412
            935         152.412
            936         152.412
            937         152.412
            938         152.412
            939         152.412
            940         152.412
            941         152.412
            942         152.412
            943         152.412
            944         152.412
            945         153.389
            946         153.389
            947         153.389
            948         153.389
            949         153.389
            950         153.389
            951         153.389
            952         153.389
            953         153.389
            954         153.389
            955         154.366
            956         154.366
            957         154.366
            958         154.366
            959         154.366
            960         154.366
            961         154.366
            962         154.366
            963         154.366
            964         155.343
            965         155.343
            966         155.343
            967         155.343
            968         155.343
            969         155.343
            970         155.343
            971         155.343
            972         155.343
            973         155.343
            974         155.343
            975         155.343
            976         155.343
            977         155.343
            978         155.343
            979         155.343
            980         155.343
            981         155.343
            982         155.343
            983         155.343
            984         155.343
            985         155.343
            986         155.343
            987         155.343
            988         155.343
            989         155.343
            990         155.343
            991         155.343
            992         156.320
            993         156.320
            994         156.320
            995         156.320
            996         156.320
            997         156.320
            998         156.320
            999         156.320
           1000         156.320
           1001         156.320
           1002         156.320
           1003         156.320
           1004         156.320
           1005         156.320
           1006         156.320
           1007         156.320
           1008         156.320
           1009         156.320
           1010         156.320
           1011         156.320
           1012         156.320
           1013         156.320
           1014         156.320
           1015         157.297
           1016         157.297
           1017         157.297
           1018         157.297
           1019         157.297
           1020         157.297
           1021         157.297
           1022         157.297
           1023         157.297
           1024         157.297
           1025         157.297
           1026         157.297
           1027         157.297
           1028         157.297
           1029         157.297
           1030         157.297
           1031         157.297
           1032         157.297
           1033         157.297
           1034         157.297
           1035         157.297
           1036         157.297
           1037         157.297
           1038         157.297
           1039         157.297
           1040         157.297
           1041         157.297
           1042         157.297
           1043         157.297
           1044         157.297
           1045         157.297
           1046         157.297
           1047         157.297
           1048         157.297
           1049         157.297
           1050         157.297
           1051         157.297
           1052         157.297
           1053         157.297
           1054         157.297
           1055         157.297
           1056         157.297
           1057         157.297
           1058         157.297
           1059         158.274
           1060         158.274
           1061         158.274
           1062         158.274
           1063         158.274
           1064         158.274
           1065         158.274
           1066         158.274
           1067         158.274
           1068         158.274
           1069         158.274
           1070         158.274
           1071         158.274
           1072         158.274
           1073         158.274
           1074         158.274
           1075         158.274
           1076         158.274
           1077         158.274
           1078         158.274
           1079         158.274
           1080         158.274
           1081         158.274
           1082         158.274
           1083         158.274
           1084         158.274
           1085         159.251
           1086         159.251
           1087         159.251
           1088         159.251
           1089         159.251
           1090         159.251
           1091         159.251
           1092         159.251
           1093         159.251
           1094         159.251
           1095         159.251
           1096         159.251
           1097         159.251
           1098         159.251
           1099         159.251
           1100         160.228
           1101         160.228
           1102         160.228
           1103         160.228
           1104         160.228
           1105         160.228
           1106         160.228
           1107         160.228
           1108         160.228
           1109         160.228
           1110         160.228
           1111         160.228
           1112         160.228
           1113         160.228
           1114         160.228
           1115         160.228
           1116         160.228
           1117         160.228
           1118         160.228
           1119         160.228
           1120         160.228
           1121         160.228
           1122         160.228
           1123         160.228
           1124         160.228
           1125         160.228
           1126         160.228
           1127         160.228
           1128         160.228
           1129         160.228
           1130         160.228
           1131         160.228
           1132         160.228
           1133         160.228
           1134         160.228
           1135         160.228
           1136         160.228
           1137         160.228
           1138         161.205
           1139         161.205
           1140         161.205
           1141         161.205
           1142         161.205
           1143         161.205
           1144         161.205
           1145         161.205
           1146         161.205
           1147         161.205
           1148         161.205
           1149         161.205
           1150         161.205
           1151         161.205
           1152         161.205
           1153         161.205
           1154         161.205
           1155         161.205
           1156         162.182
           1157         162.182
           1158         162.182
           1159         162.182
           1160         162.182
           1161         162.182
           1162         162.182
           1163         162.182
           1164         162.182
           1165         162.182
           1166         162.182
           1167         162.182
           1168         162.182
           1169         162.182
           1170         162.182
           1171         162.182
           1172         162.182
           1173         162.182
           1174         162.182
           1175         162.182
           1176         162.182
           1177         163.159
           1178         163.159
           1179         163.159
           1180         163.159
           1181         163.159
           1182         163.159
           1183         163.159
           1184         163.159
           1185         163.159
           1186         163.159
           1187         163.159
           1188         163.159
           1189         163.159
           1190         163.159
           1191         163.159
           1192         163.159
           1193         163.159
           1194         163.159
           1195         163.159
           1196         163.159
           1197         163.159
           1198         163.159
           1199         163.159
           1200         163.159
           1201         164.136
           1202         164.136
           1203         164.136
           1204         164.136
           1205         164.136
           1206         164.136
           1207         164.136
           1208         164.136
           1209         164.136
           1210         164.136
           1211         164.136
           1212         164.136
           1213         164.136
           1214         164.136
           1215         164.136
           1216         164.136
           1217         165.113
           1218         165.113
           1219         165.113
           1220         165.113
           1221         165.113
           1222         165.113
           1223         165.113
           1224         165.113
           1225         165.113
           1226         165.113
           1227         165.113
           1228         165.113
           1229         165.113
           1230         165.113
           1231         165.113
           1232         165.113
           1233         166.090
           1234         166.090
           1235         166.090
           1236         166.090
           1237         166.090
           1238         166.090
           1239         166.090
           1240         166.090
           1241         166.090
           1242         166.090
           1243         166.090
           1244         166.090
           1245         166.090
           1246         166.090
           1247         166.090
           1248         166.090
           1249         166.090
           1250         166.090
           1251         166.090
           1252         167.067
           1253         167.067
           1254         167.067
           1255         167.067
           1256         167.067
           1257         167.067
           1258         167.067
           1259         167.067
           1260         167.067
           1261         167.067
           1262         167.067
           1263         167.067
           1264         167.067
           1265         167.067
           1266         167.067
           1267         167.067
           1268         167.067
           1269         167.067
           1270         167.067
           1271         167.067
           1272         167.067
           1273         168.044
           1274         168.044
           1275         168.044
           1276         168.044
           1277         168.044
           1278         168.044
           1279         168.044
           1280         168.044
           1281         168.044
           1282         168.044
           1283         168.044
           1284         168.044
           1285         168.044
           1286         168.044
           1287         168.044
           1288         168.044
           1289         168.044
           1290         168.044
           1291         168.044
           1292         168.044
           1293         169.021
           1294         169.021
           1295         169.021
           1296         169.021
           1297         169.021
           1298         169.021
           1299         169.021
           1300         169.021
           1301         169.021
           1302         169.021
           1303         169.021
           1304         169.021
           1305         169.021
           1306         169.021
           1307         169.021
           1308         169.021
           1309         169.021
           1310         169.021
           1311         169.021
           1312         169.021
           1313         169.021
           1314         169.021
           1315         169.998
           1316         169.998
           1317         169.998
           1318         169.998
           1319         169.998
           1320         169.998
           1321         169.998
           1322         169.998
           1323         169.998
           1324         169.998
           1325         169.998
           1326         169.998
           1327         169.998
           1328         169.998
           1329         169.998
           1330         169.998
           1331         169.998
           1332         169.998
           1333         169.998
           1334         170.975
           1335         170.975
           1336         170.975
           1337         170.975
           1338         170.975
           1339         170.975
           1340         170.975
           1341         170.975
           1342         170.975
           1343         170.975
           1344         170.975
           1345         170.975
           1346         170.975
           1347         170.975
           1348         170.975
           1349         171.952
           1350         171.952
           1351         171.952
           1352         171.952
           1353         171.952
           1354         171.952
           1355         171.952
           1356         171.952
           1357         171.952
           1358         171.952
           1359         171.952
           1360         171.952
           1361         171.952
           1362         171.952
           1363         171.952
           1364         171.952
           1365         171.952
           1366         171.952
           1367         171.952
           1368         171.952
           1369         171.952
           1370         171.952
           1371         171.952
           1372         171.952
           1373         171.952
           1374         171.952
           1375         171.952
           1376         171.952
           1377         171.952
           1378         171.952
           1379         171.952
           1380         171.952
           1381         171.952
           1382         171.952
           1383         171.952
           1384         171.952
           1385         171.952
           1386         171.952
           1387         171.952
           1388         171.952
           1389         171.952
           1390         171.952
           1391         172.929
           1392         172.929
           1393         172.929
           1394         172.929
           1395         172.929
           1396         172.929
           1397         172.929
           1398         172.929
           1399         172.929
           1400         172.929
           1401         172.929
           1402         172.929
           1403         172.929
           1404         172.929
           1405         172.929
           1406         173.906
           1407         173.906
           1408         173.906
           1409         173.906
           1410         173.906
           1411         173.906
           1412         173.906
           1413         173.906
           1414         173.906
           1415         173.906
           1416         173.906
           1417         173.906
           1418         173.906
           1419         173.906
           1420         173.906
           1421         173.906
           1422         173.906
           1423         173.906
           1424         173.906
           1425         173.906
           1426         173.906
           1427         173.906
           1428         173.906
           1429         173.906
           1430         173.906
           1431         173.906
           1432         173.906
           1433         173.906
           1434         173.906
           1435         173.906
           1436         173.906
           1437         173.906
           1438         173.906
           1439         173.906
           1440         173.906
           1441         173.906
           1442         173.906
           1443         173.906
           1444         173.906
           1445         174.883
           1446         174.883
           1447         174.883
           1448         174.883
           1449         174.883
           1450         175.860
           1451         175.860
           1452         175.860
           1453         175.860
           1454         175.860
           1455         175.860
           1456         175.860
           1457         174.883
           1458         174.883
           1459         174.883
           1460         174.883
           1461         174.883
           1462         174.883
           1463         174.883
           1464         174.883
           1465         174.883
           1466         174.883
           1467         174.883
           1468         175.860
           1469         175.860
           1470         174.883
           1471         174.883
           1472         174.883
           1473         174.883
           1474         174.883
           1475         174.883
           1476         174.883
           1477         174.883
           1478         174.883
           1479         174.883
           1480         174.883
           1481         173.906
           1482         173.906
           1483         173.906
           1484         173.906
           1485         173.906
           1486         173.906
           1487         173.906
           1488         173.906
           1489         173.906
           1490         173.906
           1491         173.906
           1492         173.906
           1493         173.906
           1494         173.906
           1495         173.906
           1496         173.906
           1497         173.906
           1498         173.906
           1499         173.906
           1500         173.906
           1501         173.906
           1502         173.906
           1503         173.906
           1504         173.906
           1505         173.906
           1506         173.906
           1507         173.906
           1508         173.906
           1509         173.906
           1510         173.906
           1511         173.906
           1512         173.906
           1513         173.906
           1514         173.906
           1515         173.906
           1516         173.906
           1517         173.906
           1518         173.906
           1519         173.906
           1520         173.906
           1521         173.906
           1522         173.906
           1523         173.906
           1524         173.906
           1525         173.906
           1526         173.906
           1527         173.906
           1528         173.906
           1529         173.906
           1530         173.906
           1531         173.906
           1532         173.906
           1533         173.906
           1534         173.906
           1535         173.906
           1536         173.906
           1537         173.906
           1538         173.906
           1539         173.906
           1540         173.906
           1541         173.906
           1542         173.906
           1543         173.906
           1544         173.906
           1545         173.906
           1546         173.906
           1547         173.906
           1548         173.906
           1549         173.906
           1550         173.906
           1551         173.906
           1552         173.906
           1553         173.906
           1554         173.906
           1555         173.906
           1556         173.906
           1557         173.906
           1558         173.906
           1559         173.906
           1560         173.906
           1561         173.906
           1562         173.906
           1563         173.906
           1564         173.906
           1565         173.906
           1566         173.906
           1567         173.906
           1568         173.906
           1569         173.906
           1570         173.906
           1571         173.906
           1572         173.906
           1573         173.906
           1574         173.906
           1575         173.906
           1576         173.906
           1577         173.906
           1578         173.906
           1579         173.906
           1580         173.906
           1581         173.906
           1582         173.906
           1583         173.906
           1584         173.906
           1585         172.929
           1586         172.929
           1587         172.929
           1588         172.929
           1589         172.929
           1590         172.929
           1591         172.929
           1592         172.929
           1593         172.929
           1594         172.929
           1595         172.929
           1596         172.929
           1597         172.929
           1598         172.929
           1599         172.929
           1600         172.929
           1601         172.929
           1602         172.929
           1603         171.952
           1604         171.952
           1605         171.952
           1606         171.952
           1607         171.952
           1608         171.952
           1609         171.952
           1610         171.952
           1611         171.952
           1612         171.952
           1613         171.952
           1614         171.952
           1615         171.952
           1616         171.952
           1617         171.952
           1618         171.952
           1619         171.952
           1620         171.952
           1621         171.952
           1622         171.952
           1623         171.952
           1624         170.975
           1625         170.975
           1626         170.975
           1627         170.975
           1628         170.975
           1629         170.975
           1630         170.975
           1631         170.975
           1632         170.975
           1633         170.975
           1634         170.975
           1635         170.975
           1636         170.975
           1637         170.975
           1638         170.975
           1639         170.975
           1640         170.975
           1641         170.975
           1642         170.975
           1643         170.975
           1644         170.975
           1645         170.975
           1646         170.975
           1647         170.975
           1648         170.975
           1649         170.975
           1650         169.998
           1651         169.998
           1652         169.998
           1653         169.998
           1654         169.998
           1655         169.998
           1656         169.998
           1657         169.998
           1658         169.998
           1659         169.998
           1660         169.998
           1661         169.998
           1662         169.998
           1663         169.998
           1664         169.998
           1665         169.998
           1666         169.998
           1667         169.998
           1668         169.998
           1669         169.998
           1670         169.998
           1671         169.998
           1672         169.998
           1673         169.998
           1674         169.998
           1675         169.998
           1676         169.998
           1677         169.998
           1678         169.998
           1679         169.021
           1680         169.021
           1681         169.021
           1682         169.021
           1683         169.021
           1684         169.021
           1685         169.021
           1686         169.021
           1687         169.021
           1688         169.021
           1689         169.021
           1690         169.021
           1691         169.021
           1692         169.021
           1693         169.021
           1694         169.021
           1695         169.021
           1696         169.021
           1697         169.021
           1698         169.021
           1699         169.021
           1700         169.021
           1701         169.021
           1702         169.021
           1703         169.021
           1704         169.021
           1705         169.021
           1706         169.021
           1707         169.021
           1708         169.021
           1709         168.044
           1710         168.044
           1711         168.044
           1712         168.044
           1713         168.044
           1714         168.044
           1715         168.044
           1716         168.044
           1717         168.044
           1718         168.044
           1719         168.044
           1720         168.044
           1721         168.044
           1722         168.044
           1723         168.044
           1724         168.044
           1725         168.044
           1726         168.044
           1727         168.044
           1728         168.044
           1729         167.067
           1730         167.067
           1731         167.067
           1732         167.067
           1733         167.067
           1734         167.067
           1735         167.067
           1736         167.067
           1737         167.067
           1738         167.067
           1739         167.067
           1740         167.067
           1741         167.067
           1742         167.067
           1743         167.067
           1744         167.067
           1745         167.067
           1746         167.067
           1747         167.067
           1748         167.067
           1749         167.067
           1750         167.067
           1751         167.067
           1752         167.067
           1753         167.067
           1754         167.067
           1755         166.090
           1756         166.090
           1757         166.090
           1758         166.090
           1759         166.090
           1760         166.090
           1761         166.090
           1762         166.090
           1763         166.090
           1764         166.090
           1765         166.090
           1766         166.090
           1767         166.090
           1768         166.090
           1769         166.090
           1770         166.090
           1771         166.090
           1772         166.090
           1773         166.090
           1774         166.090
           1775         166.090
           1776         166.090
           1777         165.113
           1778         165.113
           1779         165.113
           1780         165.113
           1781         165.113
           1782         165.113
           1783         165.113
           1784         165.113
           1785         165.113
           1786         165.113
           1787         165.113
           1788         165.113
           1789         165.113
           1790         165.113
           1791         165.113
           1792         165.113
           1793         164.136
           1794         164.136
           1795         164.136
           1796         164.136
           1797         164.136
           1798         164.136
           1799         164.136
           1800         164.136
           1801         164.136
           1802         163.159
           1803         163.159
           1804         163.159
           1805         163.159
           1806         163.159
           1807         163.159
           1808         163.159
           1809         163.159
           1810         163.159
           1811         163.159
           1812         163.159
           1813         163.159
           1814         163.159
           1815         163.159
           1816         163.159
           1817         162.182
           1818         162.182
           1819         162.182
           1820         162.182
           1821         162.182
           1822         162.182
           1823         162.182
           1824         162.182
           1825         162.182
           1826         162.182
           1827         162.182
           1828         162.182
           1829         162.182
           1830         162.182
           1831         162.182
           1832         162.182
           1833         162.182
           1834         162.182
           1835         162.182
           1836         162.182
           1837         162.182
           1838         162.182
           1839         162.182
           1840         162.182
           1841         162.182
           1842         162.182
           1843         162.182
           1844         162.182
           1845         162.182
           1846         162.182
           1847         162.182
           1848         162.182
           1849         162.182
           1850         162.182
           1851         162.182
           1852         162.182
           1853         162.182
           1854         162.182
           1855         162.182
           1856         162.182
           1857         162.182
           1858         162.182
           1859         162.182
           1860         162.182
           1861         162.182
           1862         161.205
           1863         161.205
           1864         161.205
           1865         161.205
           1866         161.205
           1867         161.205
           1868         161.205
           1869         161.205
           1870         161.205
           1871         161.205
           1872         161.205
           1873         161.205
           1874         161.205
           1875         161.205
           1876         161.205
           1877         161.205
           1878         161.205
           1879         161.205
           1880         161.205
           1881         161.205
           1882         161.205
           1883         161.205
           1884         161.205
           1885         161.205
           1886         161.205
           1887         161.205
           1888         161.205
           1889         161.205
           1890         161.205
           1891         161.205
           1892         161.205
           1893         161.205
           1894         161.205
           1895         161.205
           1896         161.205
           1897         161.205
           1898         161.205
           1899         161.205
