TRACENO
              1         178.791
              2         178.791
              3         178.791
              4         178.791
              5         178.791
              6         178.791
              7         178.791
              8         178.791
              9         178.791
             10         178.791
             11         178.791
             12         178.791
             13         178.791
             14         178.791
             15         178.791
             16         178.791
             17         178.791
             18         178.791
             19         178.791
             20         178.791
             21         178.791
             22         178.791
             23         178.791
             24         178.791
             25         178.791
             26         177.814
             27         177.814
             28         177.814
             29         177.814
             30         176.837
             31         176.837
             32         176.837
             33         176.837
             34         176.837
             35         176.837
             36         176.837
             37         176.837
             38         175.860
             39         175.860
             40         175.860
             41         175.860
             42         175.860
             43         175.860
             44         175.860
             45         175.860
             46         175.860
             47         175.860
             48         175.860
             49         175.860
             50         175.860
             51         175.860
             52         175.860
             53         175.860
             54         175.860
             55         175.860
             56         175.860
             57         175.860
             58         175.860
             59         175.860
             60         175.860
             61         175.860
             62         175.860
             63         175.860
             64         175.860
             65         175.860
             66         175.860
             67         175.860
             68         175.860
             69         175.860
             70         175.860
             71         175.860
             72         175.860
             73         175.860
             74         175.860
             75         175.860
             76         175.860
             77         175.860
             78         175.860
             79         175.860
             80         175.860
             81         175.860
             82         175.860
             83         175.860
             84         175.860
             85         175.860
             86         175.860
             87         175.860
             88         175.860
             89         175.860
             90         175.860
             91         175.860
             92         175.860
             93         175.860
             94         175.860
             95         175.860
             96         175.860
             97         175.860
             98         175.860
             99         175.860
            100         175.860
            101         175.860
            102         175.860
            103         175.860
            104         175.860
            105         175.860
            106         175.860
            107         175.860
            108         175.860
            109         175.860
            110         175.860
            111         175.860
            112         175.860
            113         175.860
            114         176.837
            115         176.837
            116         176.837
            117         176.837
            118         176.837
            119         176.837
            120         176.837
            121         176.837
            122         176.837
            123         176.837
            124         176.837
            125         176.837
            126         176.837
            127         176.837
            128         176.837
            129         176.837
            130         176.837
            131         176.837
            132         176.837
            133         176.837
            134         176.837
            135         176.837
            136         176.837
            137         176.837
            138         176.837
            139         176.837
            140         176.837
            141         176.837
            142         176.837
            143         176.837
            144         176.837
            145         176.837
            146         176.837
            147         175.860
            148         175.860
            149         175.860
            150         175.860
            151         175.860
            152         175.860
            153         175.860
            154         175.860
            155         175.860
            156         175.860
            157         175.860
            158         175.860
            159         175.860
            160         175.860
            161         175.860
            162         175.860
            163         174.883
            164         174.883
            165         174.883
            166         174.883
            167         174.883
            168         174.883
            169         174.883
            170         174.883
            171         174.883
            172         174.883
            173         174.883
            174         174.883
            175         174.883
            176         174.883
            177         174.883
            178         174.883
            179         174.883
            180         174.883
            181         174.883
            182         174.883
            183         174.883
            184         174.883
            185         173.906
            186         173.906
            187         173.906
            188         173.906
            189         173.906
            190         173.906
            191         173.906
            192         173.906
            193         173.906
            194         173.906
            195         173.906
            196         173.906
            197         173.906
            198         173.906
            199         173.906
            200         173.906
            201         172.929
            202         172.929
            203         172.929
            204         172.929
            205         172.929
            206         172.929
            207         172.929
            208         172.929
            209         172.929
            210         172.929
            211         172.929
            212         171.952
            213         171.952
            214         171.952
            215         171.952
            216         171.952
            217         171.952
            218         171.952
            219         171.952
            220         170.975
            221         170.975
            222         170.975
            223         170.975
            224         170.975
            225         170.975
            226         170.975
            227         170.975
            228         169.998
            229         169.998
            230         169.998
            231         169.998
            232         169.998
            233         169.998
            234         169.998
            235         169.021
            236         169.021
            237         169.021
            238         169.021
            239         169.021
            240         169.021
            241         169.021
            242         168.044
            243         168.044
            244         168.044
            245         168.044
            246         168.044
            247         168.044
            248         168.044
            249         168.044
            250         167.067
            251         167.067
            252         167.067
            253         167.067
            254         167.067
            255         167.067
            256         167.067
            257         167.067
            258         167.067
            259         167.067
            260         166.090
            261         166.090
            262         166.090
            263         166.090
            264         166.090
            265         165.113
            266         165.113
            267         165.113
            268         165.113
            269         165.113
            270         164.136
            271         164.136
            272         164.136
            273         164.136
            274         164.136
            275         163.159
            276         163.159
            277         163.159
            278         163.159
            279         163.159
            280         162.182
            281         162.182
            282         162.182
            283         162.182
            284         162.182
            285         162.182
            286         162.182
            287         162.182
            288         162.182
            289         162.182
            290         161.205
            291         161.205
            292         161.205
            293         161.205
            294         161.205
            295         161.205
            296         161.205
            297         161.205
            298         161.205
            299         161.205
            300         160.228
            301         160.228
            302         160.228
            303         160.228
            304         159.251
            305         159.251
            306         159.251
            307         159.251
            308         158.274
            309         158.274
            310         158.274
            311         158.274
            312         158.274
            313         158.274
            314         157.297
            315         157.297
            316         157.297
            317         157.297
            318         157.297
            319         157.297
            320         157.297
            321         156.320
            322         156.320
            323         156.320
            324         156.320
            325         156.320
            326         156.320
            327         156.320
            328         156.320
            329         155.343
            330         155.343
            331         155.343
            332         155.343
            333         155.343
            334         155.343
            335         155.343
            336         155.343
            337         154.366
            338         154.366
            339         154.366
            340         154.366
            341         154.366
            342         154.366
            343         154.366
            344         153.389
            345         153.389
            346         153.389
            347         153.389
            348         153.389
            349         153.389
            350         152.412
            351         152.412
            352         152.412
            353         152.412
            354         152.412
            355         152.412
            356         151.435
            357         151.435
            358         151.435
            359         151.435
            360         151.435
            361         151.435
            362         150.458
            363         150.458
            364         150.458
            365         150.458
            366         150.458
            367         150.458
            368         150.458
            369         149.481
            370         149.481
            371         149.481
            372         149.481
            373         149.481
            374         148.504
            375         148.504
            376         148.504
            377         148.504
            378         148.504
            379         147.527
            380         147.527
            381         147.527
            382         147.527
            383         147.527
            384         146.550
            385         146.550
            386         146.550
            387         146.550
            388         146.550
            389         145.573
            390         145.573
            391         145.573
            392         145.573
            393         145.573
            394         144.596
            395         144.596
            396         144.596
            397         144.596
            398         144.596
            399         143.619
            400         143.619
            401         143.619
            402         143.619
            403         143.619
            404         143.619
            405         142.642
            406         142.642
            407         142.642
            408         142.642
            409         142.642
            410         142.642
            411         141.665
            412         141.665
            413         141.665
            414         141.665
            415         140.688
            416         140.688
            417         140.688
            418         140.688
            419         139.711
            420         139.711
            421         139.711
            422         139.711
            423         138.734
            424         138.734
            425         138.734
            426         138.734
            427         137.757
            428         137.757
            429         137.757
            430         137.757
            431         136.780
            432         136.780
            433         136.780
            434         136.780
            435         136.780
            436         135.803
            437         135.803
            438         135.803
            439         135.803
            440         135.803
            441         134.826
            442         134.826
            443         134.826
            444         134.826
            445         133.849
            446         133.849
            447         133.849
            448         133.849
            449         132.872
            450         132.872
            451         132.872
            452         132.872
            453         131.895
            454         131.895
            455         131.895
            456         130.918
            457         130.918
            458         130.918
            459         130.918
            460         129.941
            461         129.941
            462         129.941
            463         129.941
            464         128.964
            465         128.964
            466         128.964
            467         128.964
            468         127.987
            469         127.987
            470         127.987
            471         127.987
            472         127.987
            473         127.010
            474         127.010
            475         127.010
            476         127.010
            477         127.010
            478         126.033
            479         126.033
            480         126.033
            481         125.056
            482         125.056
            483         125.056
            484         124.079
            485         124.079
            486         124.079
            487         123.102
            488         123.102
            489         123.102
            490         123.102
            491         122.125
            492         122.125
            493         122.125
            494         122.125
            495         122.125
            496         122.125
            497         122.125
            498         122.125
            499         122.125
            500         121.148
            501         121.148
            502         121.148
            503         121.148
            504         121.148
            505         121.148
            506         121.148
            507         120.171
            508         120.171
            509         120.171
            510         119.194
            511         119.194
            512         119.194
            513         118.217
            514         118.217
            515         118.217
            516         117.240
            517         117.240
            518         117.240
            519         117.240
            520         117.240
            521         117.240
            522         117.240
            523         116.263
            524         116.263
            525         116.263
            526         116.263
            527         116.263
            528         116.263
            529         116.263
            530         116.263
            531         116.263
            532         116.263
            533         115.286
            534         115.286
            535         115.286
            536         115.286
            537         114.309
            538         114.309
            539         114.309
            540         114.309
            541         113.332
            542         113.332
            543         113.332
            544         113.332
            545         113.332
            546         112.355
            547         112.355
            548         112.355
            549         111.378
            550         111.378
            551         111.378
            552         111.378
            553         110.401
            554         110.401
            555         110.401
            556         110.401
            557         109.424
            558         109.424
            559         109.424
            560         109.424
            561         108.447
            562         108.447
            563         108.447
            564         108.447
            565         107.470
            566         107.470
            567         107.470
            568         107.470
            569         107.470
            570         106.493
            571         106.493
            572         106.493
            573         106.493
            574         105.516
            575         105.516
            576         105.516
            577         105.516
            578         105.516
            579         104.539
            580         104.539
            581         104.539
            582         103.562
            583         103.562
            584         103.562
            585         103.562
            586         102.585
            587         102.585
            588         102.585
            589         101.608
            590         101.608
            591         101.608
            592         101.608
            593         100.631
            594         100.631
            595         100.631
            596         100.631
            597         100.631
            598          99.654
            599          99.654
            600          99.654
            601          99.654
            602          98.677
            603          98.677
            604          98.677
            605          98.677
            606          98.677
            607          97.700
            608          97.700
            609          97.700
            610          97.700
            611          96.723
            612          96.723
            613          96.723
            614          96.723
            615          96.723
            616          95.746
            617          95.746
            618          95.746
            619          95.746
            620          95.746
            621          94.769
            622          94.769
            623          94.769
            624          94.769
            625          94.769
            626          94.769
            627          94.769
            628          93.792
            629          93.792
            630          93.792
            631          93.792
            632          93.792
            633          92.815
            634          92.815
            635          91.838
            636          91.838
            637          91.838
            638          90.861
            639          90.861
            640          90.861
            641          90.861
            642          90.861
            643          89.884
            644          89.884
            645          89.884
            646          89.884
            647          89.884
            648          89.884
            649          89.884
            650          89.884
            651          89.884
            652          89.884
            653          89.884
            654          90.861
            655          90.861
            656          90.861
            657          90.861
            658          90.861
            659          90.861
            660          90.861
            661          89.884
            662          89.884
            663          89.884
            664          89.884
            665          89.884
            666          88.907
            667          88.907
            668          88.907
            669          88.907
            670          88.907
            671          87.930
            672          87.930
            673          87.930
            674          87.930
            675          87.930
            676          87.930
            677          87.930
            678          87.930
            679          87.930
            680          88.907
            681          88.907
            682          88.907
            683          89.884
            684          89.884
            685          89.884
            686          90.861
            687          90.861
            688          90.861
            689          90.861
            690          90.861
            691          90.861
            692          90.861
            693          90.861
            694          90.861
            695          90.861
            696          90.861
            697          90.861
            698          89.884
            699          89.884
            700          88.907
