TRACENO
              1         204.193
              2         204.193
              3         204.193
              4         204.193
              5         204.193
              6         204.193
              7         205.170
              8         206.147
              9         207.124
             10         208.101
             11         208.101
             12         208.101
             13         208.101
             14         208.101
             15         208.101
             16         208.101
             17         208.101
             18         208.101
             19         208.101
             20         208.101
             21         208.101
             22         208.101
             23         208.101
             24         208.101
             25         208.101
             26         208.101
             27         208.101
             28         208.101
             29         208.101
             30         208.101
             31         208.101
             32         208.101
             33         208.101
             34         208.101
             35         207.124
             36         207.124
             37         207.124
             38         206.147
             39         206.147
             40         206.147
             41         205.170
             42         205.170
             43         205.170
             44         205.170
             45         205.170
             46         205.170
             47         205.170
             48         205.170
             49         205.170
             50         205.170
             51         205.170
             52         205.170
             53         204.193
             54         204.193
             55         204.193
             56         204.193
             57         204.193
             58         204.193
             59         204.193
             60         204.193
             61         204.193
             62         204.193
             63         204.193
             64         204.193
             65         204.193
             66         204.193
             67         203.216
             68         203.216
             69         203.216
             70         203.216
             71         203.216
             72         203.216
             73         203.216
             74         203.216
             75         203.216
             76         203.216
             77         203.216
             78         203.216
             79         203.216
             80         203.216
             81         203.216
             82         203.216
             83         203.216
             84         203.216
             85         203.216
             86         203.216
             87         203.216
             88         203.216
             89         203.216
             90         203.216
             91         203.216
             92         203.216
             93         203.216
             94         203.216
             95         203.216
             96         203.216
             97         203.216
             98         203.216
             99         203.216
            100         203.216
            101         203.216
            102         203.216
            103         203.216
            104         203.216
            105         203.216
            106         203.216
            107         203.216
            108         203.216
            109         203.216
            110         203.216
            111         203.216
            112         203.216
            113         203.216
            114         203.216
            115         203.216
            116         203.216
            117         203.216
            118         203.216
            119         203.216
            120         203.216
            121         203.216
            122         203.216
            123         203.216
            124         203.216
            125         203.216
            126         203.216
            127         203.216
            128         202.239
            129         202.239
            130         202.239
            131         202.239
            132         202.239
            133         202.239
            134         202.239
            135         202.239
            136         202.239
            137         202.239
            138         202.239
            139         202.239
            140         202.239
            141         202.239
            142         202.239
            143         202.239
            144         202.239
            145         202.239
            146         202.239
            147         202.239
            148         202.239
            149         202.239
            150         202.239
            151         202.239
            152         202.239
            153         202.239
            154         202.239
            155         202.239
            156         202.239
            157         202.239
            158         202.239
            159         202.239
            160         202.239
            161         202.239
            162         202.239
            163         202.239
            164         201.262
            165         201.262
            166         201.262
            167         201.262
            168         201.262
            169         201.262
            170         201.262
            171         201.262
            172         201.262
            173         201.262
            174         201.262
            175         201.262
            176         201.262
            177         201.262
            178         201.262
            179         201.262
            180         201.262
            181         201.262
            182         201.262
            183         201.262
            184         201.262
            185         201.262
            186         201.262
            187         201.262
            188         200.285
            189         200.285
            190         200.285
            191         200.285
            192         200.285
            193         200.285
            194         200.285
            195         200.285
            196         200.285
            197         200.285
            198         200.285
            199         200.285
            200         200.285
            201         200.285
            202         200.285
            203         200.285
            204         200.285
            205         200.285
            206         200.285
            207         200.285
            208         200.285
            209         200.285
            210         200.285
            211         200.285
            212         200.285
            213         200.285
            214         200.285
            215         200.285
            216         200.285
            217         200.285
            218         200.285
            219         200.285
            220         200.285
            221         200.285
            222         200.285
            223         200.285
            224         200.285
            225         200.285
            226         200.285
            227         200.285
            228         200.285
            229         200.285
            230         200.285
            231         200.285
            232         200.285
            233         200.285
            234         200.285
            235         200.285
            236         200.285
            237         200.285
            238         200.285
            239         200.285
            240         200.285
            241         200.285
            242         200.285
            243         200.285
            244         200.285
            245         200.285
            246         200.285
            247         200.285
            248         200.285
            249         200.285
            250         200.285
            251         200.285
            252         200.285
            253         200.285
            254         200.285
            255         200.285
            256         200.285
            257         200.285
            258         200.285
            259         200.285
            260         200.285
            261         200.285
            262         200.285
            263         200.285
            264         200.285
            265         200.285
            266         200.285
            267         200.285
            268         200.285
            269         200.285
            270         200.285
            271         200.285
            272         200.285
            273         200.285
            274         200.285
            275         200.285
            276         200.285
            277         200.285
            278         200.285
            279         200.285
            280         200.285
            281         200.285
            282         200.285
            283         200.285
            284         200.285
            285         200.285
            286         200.285
            287         200.285
            288         200.285
            289         200.285
            290         200.285
            291         200.285
            292         200.285
            293         200.285
            294         200.285
            295         200.285
            296         200.285
            297         200.285
            298         200.285
            299         200.285
            300         200.285
            301         201.262
            302         201.262
            303         201.262
            304         201.262
            305         201.262
            306         201.262
            307         201.262
            308         201.262
            309         201.262
            310         201.262
            311         201.262
            312         201.262
            313         201.262
            314         201.262
            315         201.262
            316         201.262
            317         201.262
            318         201.262
            319         201.262
            320         201.262
            321         201.262
            322         201.262
            323         201.262
            324         201.262
            325         201.262
            326         201.262
            327         201.262
            328         201.262
            329         201.262
            330         201.262
            331         201.262
            332         201.262
            333         201.262
            334         201.262
            335         201.262
            336         201.262
            337         201.262
            338         201.262
            339         202.239
            340         202.239
            341         202.239
            342         202.239
            343         202.239
            344         202.239
            345         202.239
            346         202.239
            347         202.239
            348         202.239
            349         202.239
            350         202.239
            351         202.239
            352         202.239
            353         202.239
            354         202.239
            355         202.239
            356         202.239
            357         202.239
            358         202.239
            359         202.239
            360         202.239
            361         202.239
            362         202.239
            363         202.239
            364         202.239
            365         202.239
            366         202.239
            367         203.216
            368         203.216
            369         203.216
            370         203.216
            371         203.216
            372         203.216
            373         203.216
            374         203.216
            375         203.216
            376         203.216
            377         203.216
            378         203.216
            379         203.216
            380         203.216
            381         203.216
            382         203.216
            383         203.216
            384         203.216
            385         203.216
            386         203.216
            387         203.216
            388         203.216
            389         203.216
            390         203.216
            391         203.216
            392         203.216
            393         203.216
            394         203.216
            395         203.216
            396         203.216
            397         204.193
            398         204.193
            399         204.193
            400         204.193
            401         204.193
            402         204.193
            403         204.193
            404         204.193
            405         204.193
            406         204.193
            407         204.193
            408         204.193
            409         204.193
            410         204.193
            411         204.193
            412         204.193
            413         204.193
            414         204.193
            415         204.193
            416         204.193
            417         204.193
            418         204.193
            419         204.193
            420         204.193
            421         204.193
            422         204.193
            423         204.193
            424         204.193
            425         204.193
            426         204.193
            427         204.193
            428         204.193
            429         204.193
            430         204.193
            431         204.193
            432         204.193
            433         204.193
            434         204.193
            435         204.193
            436         204.193
            437         204.193
            438         204.193
            439         204.193
            440         204.193
            441         204.193
            442         204.193
            443         204.193
            444         204.193
            445         204.193
            446         204.193
            447         204.193
            448         204.193
            449         204.193
            450         204.193
            451         204.193
            452         204.193
            453         204.193
            454         204.193
            455         204.193
            456         204.193
            457         204.193
            458         204.193
            459         204.193
            460         204.193
            461         204.193
            462         204.193
            463         204.193
            464         204.193
            465         204.193
            466         204.193
            467         204.193
            468         205.170
            469         205.170
            470         205.170
            471         205.170
            472         205.170
            473         205.170
            474         205.170
            475         205.170
            476         205.170
            477         205.170
            478         205.170
            479         205.170
            480         205.170
            481         205.170
            482         205.170
            483         205.170
            484         205.170
            485         205.170
            486         205.170
            487         205.170
            488         205.170
            489         205.170
            490         205.170
            491         205.170
            492         205.170
            493         206.147
            494         206.147
            495         206.147
            496         206.147
            497         206.147
            498         206.147
            499         206.147
            500         206.147
            501         206.147
            502         206.147
            503         206.147
            504         206.147
            505         206.147
            506         206.147
            507         206.147
            508         206.147
            509         206.147
            510         206.147
            511         205.170
            512         205.170
            513         205.170
            514         205.170
            515         205.170
            516         205.170
            517         205.170
            518         205.170
            519         205.170
            520         205.170
            521         205.170
            522         205.170
            523         205.170
            524         205.170
            525         205.170
            526         205.170
            527         205.170
            528         205.170
            529         205.170
            530         205.170
            531         205.170
            532         205.170
            533         205.170
            534         205.170
            535         205.170
            536         205.170
            537         206.147
            538         206.147
            539         206.147
            540         206.147
            541         206.147
            542         206.147
            543         206.147
            544         206.147
            545         206.147
            546         206.147
            547         206.147
            548         206.147
            549         206.147
            550         206.147
            551         206.147
            552         206.147
            553         206.147
            554         206.147
            555         206.147
            556         206.147
            557         206.147
            558         206.147
            559         206.147
            560         206.147
            561         207.124
            562         207.124
            563         207.124
            564         207.124
            565         207.124
            566         207.124
            567         207.124
            568         207.124
            569         207.124
            570         207.124
            571         207.124
            572         207.124
            573         207.124
            574         207.124
            575         207.124
            576         207.124
            577         207.124
            578         207.124
            579         207.124
            580         207.124
            581         207.124
            582         207.124
            583         207.124
            584         207.124
            585         207.124
            586         207.124
            587         207.124
            588         208.101
            589         208.101
            590         208.101
            591         208.101
            592         208.101
            593         208.101
            594         208.101
            595         208.101
            596         208.101
            597         208.101
            598         208.101
            599         208.101
            600         208.101
            601         208.101
            602         208.101
            603         208.101
            604         208.101
            605         208.101
            606         208.101
            607         208.101
            608         208.101
            609         208.101
            610         208.101
            611         208.101
            612         208.101
            613         208.101
            614         208.101
            615         208.101
            616         208.101
            617         208.101
            618         208.101
            619         208.101
            620         208.101
            621         208.101
            622         208.101
            623         208.101
            624         208.101
            625         208.101
            626         208.101
            627         208.101
            628         208.101
            629         208.101
            630         208.101
            631         208.101
            632         208.101
            633         208.101
            634         208.101
            635         208.101
            636         208.101
            637         208.101
            638         208.101
            639         208.101
            640         208.101
            641         208.101
            642         208.101
            643         208.101
            644         208.101
            645         208.101
            646         208.101
            647         207.124
            648         207.124
            649         207.124
            650         207.124
            651         207.124
            652         207.124
            653         207.124
            654         207.124
            655         207.124
            656         207.124
            657         207.124
            658         207.124
            659         207.124
            660         207.124
            661         207.124
            662         207.124
            663         207.124
            664         207.124
            665         207.124
            666         207.124
            667         207.124
            668         207.124
            669         207.124
            670         207.124
            671         207.124
            672         207.124
            673         207.124
            674         207.124
            675         207.124
            676         207.124
            677         207.124
            678         207.124
            679         207.124
            680         207.124
            681         207.124
            682         207.124
            683         207.124
            684         206.147
            685         206.147
            686         206.147
            687         206.147
            688         206.147
            689         206.147
            690         206.147
            691         206.147
            692         206.147
            693         206.147
            694         206.147
            695         206.147
            696         206.147
            697         206.147
            698         206.147
            699         206.147
            700         206.147
            701         206.147
            702         206.147
            703         206.147
            704         206.147
            705         206.147
            706         206.147
            707         206.147
            708         206.147
            709         205.170
            710         205.170
            711         205.170
            712         205.170
            713         205.170
            714         205.170
            715         205.170
            716         205.170
            717         205.170
            718         205.170
            719         205.170
            720         204.193
            721         204.193
            722         204.193
            723         204.193
            724         204.193
            725         204.193
            726         204.193
            727         204.193
            728         204.193
            729         204.193
            730         204.193
            731         203.216
            732         203.216
            733         203.216
            734         203.216
            735         203.216
            736         203.216
            737         203.216
            738         203.216
            739         203.216
            740         203.216
            741         203.216
            742         202.239
            743         202.239
            744         202.239
            745         202.239
            746         202.239
            747         202.239
            748         202.239
            749         202.239
            750         202.239
            751         202.239
            752         202.239
            753         202.239
            754         202.239
            755         202.239
            756         201.262
            757         201.262
            758         201.262
            759         201.262
            760         201.262
            761         201.262
            762         201.262
            763         201.262
            764         201.262
            765         201.262
            766         201.262
            767         201.262
            768         201.262
            769         201.262
            770         200.285
            771         200.285
            772         200.285
            773         200.285
            774         200.285
            775         200.285
            776         200.285
            777         200.285
            778         200.285
            779         200.285
            780         200.285
            781         199.308
            782         199.308
            783         199.308
            784         199.308
            785         199.308
            786         199.308
            787         199.308
            788         199.308
            789         199.308
            790         198.331
            791         198.331
            792         198.331
            793         198.331
            794         198.331
            795         198.331
            796         198.331
            797         198.331
            798         197.354
            799         197.354
            800         197.354
            801         197.354
            802         197.354
            803         197.354
            804         197.354
            805         197.354
            806         196.377
            807         196.377
            808         196.377
            809         196.377
            810         196.377
            811         196.377
            812         196.377
            813         196.377
            814         196.377
            815         195.400
            816         195.400
            817         195.400
            818         195.400
            819         195.400
            820         195.400
            821         194.423
            822         194.423
            823         194.423
            824         194.423
            825         194.423
            826         193.446
            827         193.446
            828         193.446
            829         193.446
            830         193.446
            831         193.446
            832         193.446
            833         193.446
            834         193.446
            835         192.469
            836         192.469
            837         192.469
            838         192.469
            839         192.469
            840         192.469
            841         192.469
            842         192.469
            843         192.469
            844         191.492
            845         191.492
            846         191.492
            847         191.492
            848         191.492
            849         191.492
            850         191.492
            851         191.492
            852         191.492
            853         191.492
            854         191.492
            855         191.492
            856         191.492
            857         191.492
            858         191.492
            859         191.492
            860         191.492
            861         191.492
            862         191.492
            863         191.492
            864         191.492
            865         191.492
            866         191.492
            867         191.492
            868         191.492
            869         190.515
            870         190.515
            871         190.515
            872         190.515
            873         190.515
            874         190.515
            875         189.538
            876         189.538
            877         189.538
            878         189.538
            879         189.538
            880         189.538
            881         188.561
            882         188.561
            883         188.561
            884         188.561
            885         188.561
            886         188.561
            887         188.561
            888         188.561
            889         188.561
            890         188.561
            891         188.561
            892         188.561
            893         188.561
            894         187.584
            895         187.584
            896         187.584
            897         187.584
            898         187.584
            899         187.584
            900         187.584
            901         187.584
            902         187.584
            903         187.584
            904         187.584
            905         187.584
            906         187.584
            907         187.584
            908         187.584
            909         187.584
            910         187.584
            911         187.584
            912         187.584
            913         187.584
            914         187.584
            915         186.607
            916         186.607
            917         186.607
            918         186.607
            919         186.607
            920         186.607
            921         186.607
            922         186.607
            923         185.630
            924         185.630
            925         185.630
            926         185.630
            927         185.630
            928         185.630
            929         185.630
            930         185.630
            931         185.630
            932         184.653
            933         184.653
            934         184.653
            935         184.653
            936         184.653
            937         184.653
            938         184.653
            939         184.653
            940         183.676
            941         183.676
            942         183.676
            943         183.676
            944         183.676
            945         183.676
            946         183.676
            947         182.699
            948         182.699
            949         182.699
            950         182.699
            951         182.699
            952         182.699
            953         182.699
            954         182.699
            955         182.699
            956         182.699
            957         182.699
            958         182.699
            959         182.699
            960         182.699
            961         182.699
            962         182.699
            963         182.699
            964         182.699
            965         182.699
            966         182.699
            967         182.699
            968         182.699
            969         181.722
            970         181.722
            971         181.722
            972         181.722
            973         181.722
            974         181.722
            975         181.722
            976         181.722
            977         181.722
            978         181.722
            979         181.722
            980         181.722
            981         181.722
            982         181.722
            983         181.722
            984         181.722
            985         181.722
            986         181.722
            987         181.722
            988         181.722
            989         181.722
            990         181.722
            991         180.745
            992         180.745
            993         180.745
            994         180.745
            995         180.745
            996         180.745
            997         180.745
            998         180.745
            999         180.745
           1000         180.745
           1001         180.745
           1002         180.745
           1003         180.745
           1004         180.745
           1005         180.745
           1006         180.745
           1007         180.745
           1008         180.745
           1009         180.745
           1010         181.722
           1011         181.722
           1012         181.722
           1013         181.722
           1014         181.722
           1015         181.722
           1016         181.722
           1017         181.722
           1018         180.745
           1019         181.722
           1020         182.699
