TRACENO
              2          65.459
              3          65.459
              4          65.459
              5          65.459
              6          65.459
              7          65.459
              8          65.459
              9          65.459
             10          65.459
             11          65.459
             12          65.459
             13          65.459
             14          65.459
             15          65.459
             16          65.459
             17          65.459
             18          65.459
             19          66.436
             20          66.436
             21          66.436
             22          66.436
             23          66.436
             24          66.436
             25          66.436
             26          66.436
             27          66.436
             28          66.436
             29          66.436
             30          66.436
             31          66.436
             32          66.436
             33          66.436
             34          66.436
             35          66.436
             36          66.436
             37          66.436
             38          66.436
             39          66.436
             40          66.436
             41          66.436
             42          66.436
             43          66.436
             44          66.436
             45          65.459
             46          65.459
             47          65.459
             48          65.459
             49          65.459
             50          65.459
             51          65.459
             52          65.459
             53          65.459
             54          65.459
             55          65.459
             56          65.459
             57          65.459
             58          65.459
             59          65.459
             60          65.459
             61          65.459
             62          65.459
             63          65.459
             64          65.459
             65          65.459
             66          65.459
             67          65.459
             68          65.459
             69          65.459
             70          65.459
             71          65.459
             72          65.459
             73          65.459
             74          65.459
             75          65.459
             76          65.459
             77          65.459
             78          65.459
             79          65.459
             80          65.459
             81          65.459
             82          65.459
             83          65.459
             84          66.436
             85          66.436
             86          66.436
             87          66.436
             88          66.436
             89          66.436
             90          66.436
             91          66.436
             92          66.436
             93          66.436
             94          66.436
             95          66.436
             96          66.436
             97          66.436
             98          66.436
             99          66.436
            100          66.436
            101          66.436
            102          66.436
            103          66.436
            104          66.436
            105          66.436
            106          66.436
            107          66.436
            108          66.436
            109          66.436
            110          66.436
            111          66.436
            112          66.436
            113          66.436
            114          66.436
            115          66.436
            116          66.436
            117          66.436
            118          66.436
            119          66.436
            120          66.436
            121          66.436
            122          66.436
            123          67.413
            124          67.413
            125          67.413
            126          67.413
            127          67.413
            128          67.413
            129          67.413
            130          67.413
            131          67.413
            132          67.413
            133          67.413
            134          67.413
            135          67.413
            136          67.413
            137          67.413
            138          67.413
            139          67.413
            140          67.413
            141          67.413
            142          67.413
            143          67.413
            144          67.413
            145          67.413
            146          67.413
            147          67.413
            148          67.413
            149          67.413
            150          67.413
            151          67.413
            152          67.413
            153          67.413
            154          67.413
            155          67.413
            156          67.413
            157          67.413
            158          67.413
            159          67.413
            160          67.413
            161          67.413
            162          67.413
            163          67.413
            164          67.413
            165          67.413
            166          67.413
            167          67.413
            168          67.413
            169          67.413
            170          67.413
            171          67.413
            172          67.413
            173          67.413
            174          67.413
            175          67.413
            176          67.413
            177          67.413
            178          68.390
            179          68.390
            180          68.390
            181          68.390
            182          68.390
            183          68.390
            184          68.390
            185          68.390
            186          68.390
            187          68.390
            188          68.390
            189          68.390
            190          68.390
            191          68.390
            192          68.390
            193          68.390
            194          68.390
            195          68.390
            196          68.390
            197          68.390
            198          68.390
            199          68.390
            200          68.390
            201          68.390
            202          68.390
            203          68.390
            204          68.390
            205          68.390
            206          68.390
            207          68.390
            208          68.390
            209          68.390
            210          68.390
            211          68.390
            212          68.390
            213          68.390
            214          68.390
            215          68.390
            216          68.390
            217          68.390
            218          68.390
            219          68.390
            220          68.390
            221          68.390
            222          68.390
            223          68.390
            224          68.390
            225          68.390
            226          68.390
            227          68.390
            228          68.390
            229          68.390
            230          68.390
            231          68.390
            232          68.390
            233          68.390
            234          68.390
            235          69.367
            236          69.367
            237          69.367
            238          69.367
            239          69.367
            240          69.367
            241          69.367
            242          69.367
            243          69.367
            244          69.367
            245          69.367
            246          69.367
            247          69.367
            248          69.367
            249          69.367
            250          69.367
            251          69.367
            252          69.367
            253          69.367
            254          69.367
            255          69.367
            256          69.367
            257          69.367
            258          69.367
            259          69.367
            260          69.367
            261          69.367
            262          69.367
            263          69.367
            264          69.367
            265          69.367
            266          69.367
            267          69.367
            268          69.367
            269          69.367
            270          69.367
            271          69.367
            272          69.367
            273          69.367
            274          69.367
            275          69.367
            276          69.367
            277          69.367
            278          69.367
            279          69.367
            280          69.367
            281          69.367
            282          69.367
            283          69.367
            284          69.367
            285          69.367
            286          69.367
            287          69.367
            288          69.367
            289          69.367
            290          69.367
            291          69.367
            292          69.367
            293          69.367
            294          69.367
            295          69.367
            296          69.367
            297          69.367
            298          69.367
            299          69.367
            300          69.367
            301          69.367
            302          69.367
            303          69.367
            304          69.367
            305          69.367
            306          69.367
            307          69.367
            308          69.367
            309          69.367
            310          69.367
            311          69.367
            312          69.367
            313          69.367
            314          69.367
            315          69.367
            316          69.367
            317          69.367
            318          69.367
            319          69.367
            320          69.367
            321          69.367
            322          69.367
            323          69.367
            324          69.367
            325          69.367
            326          69.367
            327          69.367
            328          69.367
            329          69.367
            330          69.367
            331          69.367
            332          69.367
            333          70.344
            334          70.344
            335          70.344
            336          70.344
            337          70.344
            338          70.344
            339          70.344
            340          70.344
            341          70.344
            342          70.344
            343          70.344
            344          70.344
            345          70.344
            346          70.344
            347          70.344
            348          70.344
            349          70.344
            350          70.344
            351          70.344
            352          70.344
            353          70.344
            354          70.344
            355          70.344
            356          70.344
            357          70.344
            358          70.344
            359          70.344
            360          70.344
            361          71.321
            362          71.321
            363          71.321
            364          71.321
            365          71.321
            366          71.321
            367          71.321
            368          71.321
            369          71.321
            370          71.321
            371          71.321
            372          71.321
            373          71.321
            374          71.321
            375          71.321
            376          71.321
            377          71.321
            378          71.321
            379          71.321
            380          71.321
            381          71.321
            382          71.321
            383          71.321
            384          72.298
            385          72.298
            386          72.298
            387          72.298
            388          72.298
            389          72.298
            390          72.298
            391          72.298
            392          72.298
            393          72.298
            394          72.298
            395          72.298
            396          72.298
            397          72.298
            398          72.298
            399          72.298
            400          72.298
            401          72.298
            402          72.298
            403          72.298
            404          72.298
            405          72.298
            406          72.298
            407          73.275
            408          73.275
            409          73.275
            410          73.275
            411          73.275
            412          73.275
            413          73.275
            414          73.275
            415          73.275
            416          73.275
            417          73.275
            418          73.275
            419          73.275
            420          73.275
            421          73.275
            422          73.275
            423          73.275
            424          73.275
            425          73.275
            426          73.275
            427          73.275
            428          73.275
            429          74.252
            430          74.252
            431          74.252
            432          74.252
            433          74.252
            434          74.252
            435          74.252
            436          74.252
            437          74.252
            438          74.252
            439          74.252
            440          74.252
            441          74.252
            442          74.252
            443          74.252
            444          74.252
            445          74.252
            446          74.252
            447          74.252
            448          74.252
            449          74.252
            450          74.252
            451          74.252
            452          75.229
            453          75.229
            454          75.229
            455          75.229
            456          75.229
            457          75.229
            458          75.229
            459          75.229
            460          75.229
            461          75.229
            462          75.229
            463          75.229
            464          75.229
            465          75.229
            466          75.229
            467          75.229
            468          75.229
            469          75.229
            470          75.229
            471          75.229
            472          75.229
            473          75.229
            474          75.229
            475          76.206
            476          76.206
            477          76.206
            478          76.206
            479          76.206
            480          76.206
            481          76.206
            482          76.206
            483          76.206
            484          76.206
            485          76.206
            486          76.206
            487          76.206
            488          76.206
            489          76.206
            490          76.206
            491          76.206
            492          76.206
            493          76.206
            494          76.206
            495          76.206
            496          76.206
            497          76.206
            498          76.206
            499          76.206
            500          77.183
            501          77.183
            502          77.183
            503          77.183
            504          77.183
            505          77.183
            506          77.183
            507          77.183
            508          77.183
            509          77.183
            510          77.183
            511          77.183
            512          77.183
            513          77.183
            514          77.183
            515          77.183
            516          77.183
            517          77.183
            518          77.183
            519          77.183
            520          77.183
            521          77.183
            522          77.183
            523          77.183
            524          77.183
            525          77.183
            526          77.183
            527          77.183
            528          77.183
            529          77.183
            530          77.183
            531          78.160
            532          78.160
            533          78.160
            534          78.160
            535          78.160
            536          78.160
            537          78.160
            538          78.160
            539          78.160
            540          78.160
            541          78.160
            542          78.160
            543          78.160
            544          78.160
            545          78.160
            546          78.160
            547          78.160
            548          78.160
            549          78.160
            550          78.160
            551          79.137
            552          79.137
            553          79.137
            554          79.137
            555          79.137
            556          79.137
            557          79.137
            558          79.137
            559          79.137
            560          79.137
            561          79.137
            562          79.137
            563          79.137
            564          80.114
            565          80.114
            566          80.114
            567          80.114
            568          80.114
            569          80.114
            570          80.114
            571          80.114
            572          80.114
            573          80.114
            574          80.114
            575          80.114
            576          80.114
            577          80.114
            578          81.091
            579          81.091
            580          81.091
            581          81.091
            582          81.091
            583          81.091
            584          81.091
            585          81.091
            586          81.091
            587          81.091
            588          81.091
            589          81.091
            590          81.091
            591          81.091
            592          82.068
            593          82.068
            594          82.068
            595          82.068
            596          82.068
            597          82.068
            598          82.068
            599          82.068
            600          82.068
            601          82.068
            602          82.068
            603          82.068
            604          82.068
            605          82.068
            606          83.045
            607          83.045
            608          83.045
            609          83.045
            610          83.045
            611          83.045
            612          83.045
            613          83.045
            614          83.045
            615          83.045
            616          83.045
            617          83.045
            618          83.045
            619          83.045
            620          84.022
            621          84.022
            622          84.022
            623          84.022
            624          84.022
            625          84.022
            626          84.022
            627          84.022
            628          84.022
            629          84.022
            630          84.022
            631          84.022
            632          84.022
            633          84.022
            634          84.022
            635          84.022
            636          84.022
            637          84.022
            638          84.022
            639          84.999
            640          84.999
            641          84.999
            642          84.999
            643          84.999
            644          84.999
            645          84.999
            646          84.999
            647          84.999
            648          84.999
            649          84.999
            650          84.999
            651          84.999
            652          84.999
            653          84.999
            654          84.999
            655          84.999
            656          84.999
            657          84.999
            658          84.999
            659          84.999
            660          84.999
            661          84.999
            662          84.999
            663          85.976
            664          85.976
            665          85.976
            666          85.976
            667          85.976
            668          85.976
            669          85.976
            670          85.976
            671          85.976
            672          85.976
            673          85.976
            674          85.976
            675          85.976
            676          85.976
            677          85.976
            678          85.976
            679          85.976
            680          85.976
            681          85.976
            682          85.976
            683          85.976
            684          85.976
            685          85.976
            686          85.976
            687          86.953
            688          86.953
            689          86.953
            690          86.953
            691          86.953
            692          86.953
            693          86.953
            694          86.953
            695          86.953
            696          86.953
            697          86.953
            698          86.953
            699          86.953
            700          86.953
            701          86.953
            702          86.953
            703          86.953
            704          86.953
            705          86.953
            706          87.930
            707          87.930
            708          87.930
            709          87.930
            710          87.930
            711          87.930
            712          87.930
            713          87.930
            714          87.930
            715          87.930
            716          87.930
            717          87.930
            718          87.930
            719          87.930
            720          87.930
            721          87.930
            722          87.930
            723          88.907
            724          88.907
            725          88.907
            726          88.907
            727          88.907
            728          88.907
            729          88.907
            730          88.907
            731          88.907
            732          88.907
            733          88.907
            734          88.907
            735          88.907
            736          88.907
            737          88.907
            738          88.907
            739          88.907
            740          89.884
            741          89.884
            742          89.884
            743          89.884
            744          89.884
            745          89.884
            746          89.884
            747          89.884
            748          89.884
            749          89.884
            750          89.884
            751          89.884
            752          89.884
            753          89.884
            754          89.884
            755          89.884
            756          89.884
            757          89.884
            758          90.861
            759          90.861
            760          90.861
            761          90.861
            762          90.861
            763          90.861
            764          90.861
            765          90.861
            766          90.861
            767          90.861
            768          90.861
            769          90.861
            770          90.861
            771          90.861
            772          90.861
            773          90.861
            774          90.861
            775          90.861
            776          91.838
            777          91.838
            778          91.838
            779          91.838
            780          91.838
            781          91.838
            782          91.838
            783          91.838
            784          91.838
            785          91.838
            786          91.838
            787          91.838
            788          91.838
            789          91.838
            790          91.838
            791          91.838
            792          91.838
            793          91.838
            794          91.838
            795          91.838
            796          91.838
            797          91.838
            798          91.838
            799          91.838
            800          91.838
            801          91.838
            802          91.838
            803          91.838
            804          91.838
            805          91.838
            806          91.838
            807          91.838
            808          91.838
            809          91.838
            810          91.838
            811          91.838
            812          91.838
            813          91.838
            814          91.838
            815          91.838
            816          91.838
            817          91.838
            818          91.838
            819          91.838
            820          91.838
            821          91.838
            822          91.838
            823          91.838
            824          91.838
            825          91.838
            826          92.815
            827          92.815
            828          92.815
            829          92.815
            830          92.815
            831          92.815
            832          92.815
            833          92.815
            834          92.815
            835          92.815
            836          92.815
            837          92.815
            838          92.815
            839          92.815
            840          92.815
            841          92.815
            842          92.815
            843          92.815
            844          92.815
            845          92.815
            846          92.815
            847          92.815
            848          92.815
            849          92.815
            850          92.815
            851          92.815
            852          92.815
            853          92.815
            854          92.815
            855          92.815
            856          92.815
            857          92.815
            858          92.815
            859          92.815
            860          92.815
            861          92.815
            862          92.815
            863          92.815
            864          92.815
            865          92.815
            866          92.815
            867          92.815
            868          92.815
            869          92.815
            870          92.815
            871          92.815
            872          92.815
            873          92.815
            874          92.815
            875          92.815
            876          92.815
            877          92.815
            878          92.815
            879          92.815
            880          92.815
            881          92.815
            882          92.815
            883          92.815
            884          92.815
            885          92.815
            886          92.815
            887          92.815
            888          92.815
            889          92.815
            890          92.815
            891          92.815
            892          92.815
            893          92.815
            894          92.815
            895          92.815
            896          92.815
            897          92.815
            898          92.815
            899          92.815
            900          92.815
            901          92.815
            902          92.815
            903          92.815
            904          92.815
            905          92.815
            906          92.815
            907          92.815
            908          92.815
            909          92.815
            910          92.815
            911          92.815
            912          92.815
            913          92.815
            914          92.815
            915          92.815
            916          92.815
            917          92.815
            918          92.815
            919          92.815
            920          92.815
            921          92.815
            922          92.815
            923          92.815
            924          92.815
            925          92.815
            926          92.815
            927          93.792
            928          93.792
            929          93.792
            930          93.792
            931          93.792
            932          93.792
            933          93.792
            934          93.792
            935          93.792
            936          93.792
            937          93.792
            938          93.792
            939          93.792
            940          93.792
            941          93.792
            942          93.792
            943          93.792
            944          93.792
            945          93.792
            946          93.792
            947          93.792
            948          93.792
            949          93.792
            950          93.792
            951          93.792
            952          93.792
            953          93.792
            954          93.792
            955          93.792
            956          93.792
            957          93.792
            958          93.792
            959          93.792
            960          93.792
            961          93.792
            962          93.792
            963          93.792
            964          93.792
            965          93.792
            966          93.792
            967          93.792
            968          93.792
            969          93.792
            970          93.792
            971          93.792
            972          93.792
            973          93.792
            974          93.792
            975          93.792
            976          93.792
            977          93.792
            978          93.792
            979          93.792
            980          93.792
            981          93.792
            982          93.792
            983          93.792
            984          93.792
            985          93.792
            986          93.792
            987          93.792
            988          93.792
            989          93.792
            990          93.792
            991          93.792
            992          93.792
            993          93.792
            994          93.792
            995          93.792
            996          93.792
            997          93.792
            998          93.792
            999          93.792
           1000          93.792
           1001          93.792
           1002          93.792
           1003          94.769
           1004          94.769
           1005          94.769
           1006          94.769
           1007          94.769
           1008          94.769
           1009          94.769
           1010          94.769
           1011          94.769
           1012          94.769
           1013          94.769
           1014          94.769
           1015          94.769
           1016          94.769
           1017          94.769
           1018          94.769
           1019          94.769
           1020          94.769
           1021          94.769
           1022          94.769
           1023          94.769
           1024          94.769
           1025          94.769
           1026          94.769
           1027          94.769
           1028          94.769
           1029          94.769
           1030          94.769
           1031          94.769
           1032          94.769
           1033          94.769
           1034          94.769
           1035          94.769
           1036          94.769
           1037          94.769
           1038          94.769
           1039          94.769
           1040          94.769
           1041          94.769
           1042          94.769
           1043          94.769
           1044          94.769
           1045          94.769
           1046          94.769
           1047          94.769
           1048          94.769
           1049          94.769
           1050          94.769
           1051          94.769
           1052          94.769
           1053          94.769
           1054          94.769
           1055          94.769
           1056          94.769
           1057          94.769
           1058          94.769
           1059          94.769
           1060          94.769
           1061          94.769
           1062          94.769
           1063          94.769
           1064          94.769
           1065          94.769
           1066          95.746
           1067          95.746
           1068          95.746
           1069          95.746
           1070          95.746
           1071          95.746
           1072          95.746
           1073          95.746
           1074          95.746
           1075          95.746
           1076          95.746
           1077          95.746
           1078          95.746
           1079          95.746
           1080          95.746
           1081          95.746
           1082          95.746
           1083          95.746
           1084          95.746
           1085          95.746
           1086          95.746
           1087          95.746
           1088          95.746
           1089          95.746
           1090          95.746
           1091          95.746
           1092          95.746
           1093          95.746
           1094          95.746
           1095          95.746
           1096          95.746
           1097          95.746
           1098          95.746
           1099          95.746
           1100          95.746
           1101          95.746
           1102          95.746
           1103          95.746
           1104          95.746
           1105          95.746
           1106          95.746
           1107          95.746
           1108          95.746
           1109          95.746
           1110          95.746
           1111          95.746
           1112          95.746
           1113          95.746
           1114          95.746
           1115          95.746
           1116          95.746
           1117          95.746
           1118          95.746
           1119          95.746
           1120          95.746
           1121          95.746
           1122          95.746
           1123          95.746
           1124          95.746
           1125          95.746
           1126          95.746
           1127          95.746
           1128          95.746
           1129          95.746
           1130          95.746
           1131          95.746
           1132          95.746
           1133          95.746
           1134          95.746
           1135          95.746
           1136          95.746
           1137          95.746
           1138          95.746
           1139          95.746
           1140          95.746
           1141          95.746
           1142          95.746
           1143          95.746
           1144          95.746
           1145          95.746
           1146          95.746
           1147          95.746
           1148          95.746
           1149          95.746
           1150          95.746
           1151          95.746
           1152          95.746
           1153          95.746
           1154          95.746
           1155          95.746
           1156          95.746
           1157          95.746
           1158          95.746
           1159          95.746
           1160          95.746
           1161          95.746
           1162          95.746
           1163          95.746
           1164          95.746
           1165          94.769
           1166          95.746
           1167          95.746
           1168          95.746
           1169          95.746
           1170          95.746
           1171          95.746
           1172          95.746
           1173          95.746
           1174          95.746
           1175          95.746
           1176          95.746
           1177          95.746
           1178          95.746
           1179          95.746
           1180          95.746
           1181          95.746
           1182          95.746
           1183          95.746
           1184          95.746
           1185          95.746
           1186          95.746
           1187          95.746
           1188          95.746
           1189          95.746
           1190          95.746
           1191          95.746
           1192          95.746
           1193          95.746
           1194          95.746
           1195          95.746
           1196          95.746
           1197          95.746
           1198          95.746
           1199          95.746
           1200          95.746
           1201          95.746
           1202          95.746
           1203          95.746
           1204          95.746
           1205          95.746
           1206          95.746
           1207          95.746
           1208          95.746
           1209          95.746
           1210          95.746
           1211          95.746
           1212          95.746
           1213          95.746
           1214          95.746
           1215          95.746
           1216          95.746
           1217          95.746
           1218          95.746
           1219          95.746
           1220          95.746
           1221          95.746
           1222          95.746
           1223          95.746
           1224          95.746
           1225          95.746
           1226          95.746
           1227          95.746
           1228          95.746
           1229          95.746
           1230          95.746
           1231          95.746
           1232          96.723
           1233          96.723
           1234          96.723
           1235          96.723
           1236          96.723
           1237          96.723
           1238          96.723
           1239          96.723
           1240          96.723
           1241          96.723
           1242          96.723
           1243          96.723
           1244          96.723
           1245          96.723
           1246          96.723
           1247          96.723
           1248          96.723
           1249          96.723
           1250          96.723
           1251          96.723
           1252          96.723
           1253          96.723
           1254          96.723
           1255          96.723
           1256          96.723
           1257          96.723
           1258          96.723
           1259          96.723
           1260          96.723
           1261          96.723
           1262          96.723
           1263          96.723
           1264          96.723
           1265          96.723
           1266          96.723
           1267          96.723
           1268          96.723
           1269          96.723
           1270          96.723
           1271          96.723
           1272          96.723
           1273          96.723
           1274          96.723
           1275          96.723
           1276          96.723
           1277          96.723
           1278          96.723
           1279          96.723
           1280          96.723
           1281          96.723
           1282          96.723
           1283          96.723
           1284          96.723
           1285          96.723
           1286          96.723
           1287          96.723
           1288          96.723
           1289          96.723
           1290          96.723
           1291          96.723
           1292          96.723
           1293          96.723
           1294          96.723
           1295          96.723
           1296          95.746
           1297          95.746
           1298          95.746
           1299          95.746
           1300          95.746
           1301          95.746
           1302          95.746
           1303          95.746
           1304          95.746
           1305          95.746
           1306          95.746
           1307          95.746
           1308          95.746
           1309          95.746
           1310          95.746
           1311          95.746
           1312          95.746
           1313          95.746
           1314          95.746
           1315          95.746
           1316          95.746
           1317          95.746
           1318          95.746
           1319          95.746
           1320          95.746
           1321          95.746
           1322          95.746
           1323          95.746
           1324          95.746
           1325          95.746
           1326          95.746
           1327          95.746
           1328          95.746
           1329          95.746
           1330          95.746
           1331          95.746
           1332          95.746
           1333          95.746
           1334          95.746
           1335          95.746
           1336          95.746
           1337          95.746
           1338          95.746
           1339          95.746
           1340          95.746
           1341          95.746
           1342          95.746
           1343          95.746
           1344          95.746
           1345          95.746
           1346          95.746
           1347          95.746
           1348          95.746
           1349          95.746
           1350          95.746
           1351          95.746
           1352          95.746
           1353          95.746
           1354          95.746
           1355          95.746
           1356          95.746
           1357          95.746
           1358          95.746
           1359          95.746
           1360          95.746
           1361          95.746
           1362          95.746
           1363          95.746
           1364          95.746
           1365          95.746
           1366          95.746
           1367          95.746
           1368          95.746
           1369          95.746
           1370          95.746
           1371          95.746
           1372          95.746
           1373          95.746
           1374          95.746
           1375          95.746
           1376          95.746
           1377          95.746
           1378          95.746
           1379          95.746
           1380          95.746
           1381          95.746
           1382          95.746
           1383          96.723
           1384          96.723
           1385          96.723
           1386          96.723
           1387          96.723
           1388          96.723
           1389          96.723
           1390          96.723
           1391          96.723
           1392          96.723
           1393          96.723
           1394          96.723
           1395          96.723
           1396          96.723
           1397          96.723
           1398          96.723
           1399          96.723
           1400          96.723
           1401          96.723
           1402          96.723
           1403          96.723
           1404          96.723
           1405          96.723
           1406          96.723
           1407          96.723
           1408          96.723
           1409          96.723
           1410          96.723
           1411          96.723
           1412          96.723
           1413          96.723
           1414          96.723
           1415          96.723
           1416          96.723
           1417          96.723
           1418          96.723
           1419          96.723
           1420          96.723
           1421          96.723
           1422          96.723
           1423          96.723
           1424          96.723
           1425          96.723
           1426          96.723
           1427          96.723
           1428          96.723
           1429          96.723
           1430          96.723
           1431          96.723
           1432          96.723
           1433          96.723
           1434          96.723
           1435          96.723
           1436          96.723
           1437          96.723
           1438          96.723
           1439          96.723
           1440          96.723
           1441          96.723
           1442          96.723
           1443          96.723
           1444          96.723
           1445          96.723
           1446          96.723
           1447          96.723
           1448          96.723
           1449          96.723
           1450          96.723
           1451          96.723
           1452          96.723
           1453          96.723
           1454          96.723
           1455          96.723
           1456          96.723
           1457          96.723
           1458          96.723
           1459          96.723
           1460          96.723
           1461          96.723
           1462          96.723
           1463          96.723
           1464          96.723
           1465          96.723
           1466          96.723
           1467          96.723
           1468          96.723
           1469          96.723
           1470          96.723
           1471          96.723
           1472          96.723
           1473          96.723
           1474          96.723
           1475          96.723
           1476          96.723
           1477          96.723
           1478          96.723
           1479          96.723
           1480          96.723
           1481          96.723
           1482          96.723
           1483          96.723
           1484          96.723
           1485          96.723
           1486          96.723
           1487          96.723
           1488          97.700
           1489          97.700
           1490          97.700
           1491          97.700
           1492          97.700
           1493          97.700
           1494          97.700
           1495          97.700
           1496          97.700
           1497          97.700
           1498          97.700
           1499          97.700
           1500          97.700
           1501          97.700
           1502          97.700
           1503          97.700
           1504          97.700
           1505          97.700
           1506          97.700
           1507          97.700
           1508          97.700
           1509          97.700
           1510          97.700
           1511          97.700
           1512          97.700
           1513          97.700
           1514          97.700
           1515          97.700
           1516          97.700
           1517          97.700
           1518          97.700
           1519          97.700
           1520          97.700
           1521          97.700
           1522          97.700
           1523          97.700
           1524          97.700
           1525          97.700
           1526          97.700
           1527          98.677
           1528          98.677
           1529          98.677
           1530          98.677
           1531          98.677
           1532          98.677
           1533          98.677
           1534          98.677
           1535          98.677
           1536          98.677
           1537          98.677
           1538          98.677
           1539          98.677
           1540          98.677
           1541          98.677
           1542          98.677
           1543          98.677
           1544          98.677
           1545          98.677
           1546          98.677
           1547          98.677
           1548          98.677
           1549          98.677
           1550          98.677
           1551          98.677
           1552          98.677
           1553          98.677
           1554          98.677
           1555          98.677
           1556          98.677
           1557          98.677
           1558          98.677
           1559          98.677
           1560          98.677
           1561          98.677
           1562          98.677
           1563          98.677
           1564          98.677
           1565          98.677
           1566          98.677
           1567          98.677
           1568          98.677
           1569          98.677
           1570          98.677
           1571          98.677
           1572          98.677
           1573          98.677
           1574          98.677
           1575          98.677
           1576          98.677
           1577          98.677
           1578          98.677
           1579          98.677
           1580          98.677
           1581          98.677
           1582          98.677
           1583          98.677
           1584          98.677
           1585          98.677
           1586          98.677
           1587          98.677
           1588          98.677
           1589          98.677
           1590          98.677
           1591          98.677
           1592          98.677
           1593          98.677
           1594          98.677
           1595          98.677
           1596          98.677
           1597          98.677
           1598          98.677
           1599          98.677
           1600          98.677
           1601          98.677
           1602          98.677
           1603          98.677
           1604          98.677
           1605          98.677
           1606          98.677
           1607          98.677
           1608          98.677
           1609          98.677
           1610          98.677
           1611          98.677
           1612          98.677
           1613          98.677
           1614          98.677
           1615          98.677
           1616          98.677
           1617          98.677
           1618          98.677
           1619          98.677
           1620          98.677
           1621          98.677
           1622          98.677
           1623          98.677
           1624          98.677
           1625          98.677
           1626          98.677
           1627          98.677
           1628          99.654
           1629          99.654
           1630          99.654
           1631          99.654
           1632          99.654
           1633          99.654
           1634          99.654
           1635          99.654
           1636          99.654
           1637          99.654
           1638          99.654
           1639          99.654
           1640          99.654
           1641          99.654
           1642          99.654
           1643          99.654
           1644          99.654
           1645          99.654
           1646          99.654
           1647          99.654
           1648          99.654
           1649          99.654
           1650          99.654
           1651          99.654
           1652          99.654
           1653          99.654
           1654          99.654
           1655          99.654
           1656          99.654
           1657          99.654
           1658          99.654
           1659          99.654
           1660          99.654
           1661          99.654
           1662          99.654
           1663          99.654
           1664          99.654
           1665          99.654
           1666          99.654
           1667         100.631
           1668         100.631
           1669         100.631
           1670         100.631
           1671         100.631
           1672         100.631
           1673         100.631
           1674         100.631
           1675         100.631
           1676         100.631
           1677         100.631
           1678         100.631
           1679         100.631
           1680         100.631
           1681         100.631
           1682         100.631
           1683         100.631
           1684         100.631
           1685         100.631
           1686         100.631
           1687         100.631
           1688         100.631
           1689         100.631
           1690         100.631
           1691         100.631
           1692         100.631
           1693         100.631
           1694         100.631
           1695         100.631
           1696         100.631
           1697         100.631
           1698         100.631
           1699         100.631
           1700         100.631
           1701         100.631
           1702         100.631
           1703         100.631
           1704         100.631
           1705         100.631
           1706         100.631
           1707         100.631
           1708         100.631
           1709         100.631
           1710         100.631
           1711         100.631
           1712         100.631
           1713         100.631
           1714         100.631
           1715         100.631
           1716         100.631
           1717         100.631
           1718         100.631
           1719         100.631
           1720         100.631
           1721         100.631
           1722         100.631
           1723         100.631
           1724         100.631
           1725         100.631
           1726         100.631
           1727         100.631
           1728         100.631
           1729         100.631
           1730         100.631
           1731         100.631
           1732         100.631
           1733         100.631
           1734         100.631
           1735         100.631
           1736         100.631
           1737         100.631
           1738         100.631
           1739         100.631
           1740         100.631
           1741         100.631
           1742         100.631
           1743         100.631
           1744         100.631
           1745         100.631
           1746         100.631
           1747         100.631
           1748         100.631
           1749         100.631
           1750         100.631
           1751         100.631
           1752         100.631
           1753         100.631
           1754         100.631
           1755         100.631
           1756         100.631
           1757         100.631
           1758         100.631
           1759         100.631
           1760         100.631
           1761         101.608
           1762         101.608
           1763         101.608
           1764         101.608
           1765         101.608
           1766         101.608
           1767         101.608
           1768         101.608
           1769         101.608
           1770         101.608
           1771         101.608
           1772         101.608
           1773         101.608
           1774         101.608
           1775         101.608
           1776         101.608
           1777         101.608
           1778         101.608
           1779         101.608
           1780         101.608
           1781         101.608
           1782         101.608
           1783         101.608
           1784         101.608
           1785         101.608
           1786         101.608
           1787         101.608
           1788         101.608
           1789         101.608
           1790         101.608
           1791         101.608
           1792         101.608
           1793         101.608
           1794         101.608
           1795         101.608
           1796         101.608
           1797         101.608
           1798         101.608
           1799         101.608
           1800         101.608
           1801         101.608
           1802         101.608
           1803         101.608
           1804         101.608
           1805         101.608
           1806         101.608
           1807         101.608
           1808         101.608
           1809         101.608
           1810         101.608
           1811         101.608
           1812         101.608
           1813         101.608
           1814         101.608
           1815         101.608
           1816         101.608
           1817         101.608
           1818         101.608
           1819         101.608
           1820         101.608
           1821         101.608
           1822         101.608
           1823         101.608
           1824         101.608
           1825         101.608
           1826         101.608
           1827         101.608
           1828         101.608
           1829         101.608
           1830         101.608
           1831         101.608
           1832         101.608
           1833         101.608
           1834         101.608
           1835         101.608
           1836         101.608
           1837         101.608
           1838         101.608
           1839         101.608
           1840         101.608
           1841         101.608
           1842         101.608
           1843         101.608
           1844         101.608
           1845         101.608
           1846         101.608
           1847         101.608
           1848         101.608
           1849         101.608
           1850         101.608
           1851         101.608
           1852         101.608
           1853         101.608
           1854         101.608
           1855         101.608
           1856         101.608
           1857         101.608
           1858         101.608
           1859         101.608
           1860         101.608
           1861         101.608
           1862         101.608
           1863         101.608
           1864         101.608
           1865         101.608
           1866         101.608
           1867         101.608
           1868         101.608
           1869         101.608
           1870         101.608
           1871         101.608
           1872         101.608
           1873         101.608
           1874         101.608
           1875         101.608
           1876         101.608
           1877         101.608
           1878         101.608
           1879         101.608
           1880         101.608
           1881         101.608
           1882         101.608
           1883         101.608
           1884         101.608
           1885         101.608
           1886         101.608
           1887         101.608
           1888         101.608
           1889         101.608
           1890         101.608
           1891         101.608
           1892         101.608
           1893         101.608
           1894         101.608
           1895         101.608
           1896         101.608
           1897         101.608
           1898         101.608
           1899         101.608
           1900         101.608
           1901         101.608
           1902         101.608
           1903         102.585
           1904         102.585
           1905         102.585
           1906         102.585
           1907         102.585
           1908         102.585
           1909         102.585
           1910         102.585
           1911         102.585
           1912         102.585
           1913         102.585
           1914         102.585
           1915         102.585
           1916         102.585
           1917         102.585
           1918         102.585
           1919         102.585
           1920         102.585
           1921         102.585
           1922         102.585
           1923         102.585
           1924         102.585
           1925         102.585
           1926         102.585
           1927         102.585
           1928         102.585
           1929         102.585
           1930         102.585
           1931         102.585
           1932         102.585
           1933         102.585
           1934         102.585
           1935         102.585
           1936         102.585
           1937         102.585
           1938         102.585
           1939         102.585
           1940         102.585
           1941         102.585
           1942         102.585
           1943         102.585
           1944         102.585
           1945         102.585
           1946         102.585
           1947         102.585
           1948         102.585
           1949         102.585
           1950         102.585
           1951         102.585
           1952         102.585
           1953         102.585
           1954         102.585
           1955         102.585
           1956         102.585
           1957         102.585
           1958         102.585
           1959         102.585
           1960         102.585
           1961         102.585
           1962         102.585
           1963         102.585
           1964         102.585
           1965         102.585
           1966         102.585
           1967         102.585
           1968         102.585
           1969         102.585
           1970         102.585
           1971         102.585
           1972         102.585
           1973         102.585
           1974         102.585
           1975         102.585
           1976         102.585
           1977         102.585
           1978         102.585
           1979         102.585
           1980         102.585
           1981         102.585
           1982         102.585
           1983         102.585
           1984         102.585
           1985         102.585
           1986         102.585
           1987         102.585
           1988         103.562
           1989         103.562
           1990         103.562
           1991         103.562
           1992         103.562
           1993         103.562
           1994         103.562
           1995         103.562
           1996         103.562
           1997         103.562
           1998         103.562
           1999         103.562
           2000         103.562
           2001         103.562
           2002         103.562
           2003         103.562
           2004         103.562
           2005         103.562
           2006         103.562
           2007         103.562
           2008         103.562
           2009         103.562
           2010         103.562
           2011         103.562
           2012         103.562
           2013         103.562
           2014         103.562
           2015         103.562
           2016         103.562
           2017         103.562
           2018         103.562
           2019         103.562
           2020         103.562
           2021         103.562
           2022         103.562
           2023         103.562
           2024         103.562
           2025         103.562
           2026         103.562
           2027         103.562
           2028         103.562
           2029         103.562
           2030         103.562
           2031         103.562
           2032         103.562
           2033         103.562
           2034         103.562
           2035         103.562
           2036         103.562
           2037         103.562
           2038         103.562
           2039         104.539
           2040         104.539
           2041         104.539
           2042         104.539
           2043         104.539
           2044         104.539
           2045         104.539
           2046         104.539
           2047         104.539
           2048         104.539
           2049         104.539
           2050         104.539
           2051         104.539
           2052         104.539
           2053         104.539
           2054         104.539
           2055         104.539
           2056         104.539
           2057         104.539
           2058         104.539
           2059         104.539
           2060         104.539
           2061         104.539
           2062         104.539
           2063         104.539
           2064         104.539
           2065         104.539
           2066         104.539
           2067         104.539
           2068         104.539
           2069         104.539
           2070         104.539
           2071         104.539
           2072         104.539
           2073         104.539
           2074         104.539
           2075         104.539
           2076         104.539
           2077         104.539
           2078         104.539
           2079         104.539
           2080         104.539
           2081         104.539
           2082         104.539
           2083         104.539
           2084         104.539
           2085         104.539
           2086         104.539
           2087         104.539
           2088         104.539
           2089         104.539
           2090         104.539
           2091         104.539
           2092         104.539
           2093         104.539
           2094         104.539
           2095         104.539
           2096         104.539
           2097         104.539
           2098         104.539
           2099         104.539
           2100         104.539
           2101         104.539
           2102         104.539
           2103         104.539
           2104         104.539
           2105         104.539
           2106         104.539
           2107         104.539
           2108         104.539
           2109         104.539
           2110         104.539
           2111         104.539
           2112         104.539
           2113         104.539
           2114         104.539
           2115         104.539
           2116         104.539
           2117         104.539
           2118         104.539
           2119         104.539
           2120         104.539
           2121         104.539
           2122         104.539
           2123         104.539
           2124         104.539
           2125         104.539
           2126         104.539
           2127         104.539
           2128         104.539
           2129         104.539
           2130         104.539
           2131         105.516
           2132         105.516
           2133         105.516
           2134         105.516
           2135         105.516
           2136         105.516
           2137         105.516
           2138         105.516
           2139         105.516
           2140         105.516
           2141         105.516
           2142         105.516
           2143         105.516
           2144         105.516
           2145         105.516
           2146         105.516
           2147         105.516
           2148         105.516
           2149         105.516
           2150         105.516
           2151         105.516
           2152         105.516
           2153         105.516
           2154         105.516
           2155         105.516
           2156         105.516
           2157         105.516
           2158         105.516
           2159         105.516
           2160         105.516
           2161         105.516
           2162         105.516
           2163         105.516
           2164         105.516
           2165         106.493
           2166         106.493
           2167         106.493
           2168         106.493
           2169         106.493
           2170         106.493
           2171         106.493
           2172         106.493
           2173         106.493
           2174         106.493
           2175         106.493
           2176         106.493
           2177         106.493
           2178         106.493
           2179         106.493
           2180         106.493
           2181         106.493
           2182         106.493
           2183         106.493
           2184         106.493
           2185         106.493
           2186         106.493
           2187         106.493
           2188         106.493
           2189         106.493
           2190         106.493
           2191         106.493
           2192         106.493
           2193         106.493
           2194         106.493
           2195         106.493
           2196         106.493
           2197         106.493
           2198         106.493
           2199         106.493
           2200         106.493
           2201         107.470
           2202         107.470
           2203         107.470
           2204         107.470
           2205         107.470
           2206         107.470
           2207         107.470
           2208         107.470
           2209         107.470
           2210         107.470
           2211         107.470
           2212         107.470
           2213         107.470
           2214         107.470
           2215         107.470
           2216         107.470
           2217         107.470
           2218         107.470
           2219         107.470
           2220         107.470
           2221         107.470
           2222         107.470
           2223         107.470
           2224         107.470
           2225         107.470
           2226         107.470
           2227         107.470
           2228         107.470
           2229         107.470
           2230         107.470
           2231         107.470
           2232         107.470
           2233         107.470
           2234         107.470
           2235         107.470
           2236         107.470
           2237         107.470
           2238         107.470
           2239         107.470
           2240         107.470
           2241         107.470
           2242         107.470
           2243         107.470
           2244         107.470
           2245         107.470
           2246         107.470
           2247         107.470
           2248         107.470
           2249         107.470
           2250         107.470
           2251         107.470
           2252         107.470
           2253         107.470
           2254         107.470
           2255         107.470
           2256         107.470
           2257         107.470
           2258         107.470
           2259         107.470
           2260         107.470
           2261         107.470
           2262         107.470
           2263         107.470
           2264         107.470
           2265         107.470
           2266         107.470
           2267         107.470
           2268         107.470
           2269         107.470
           2270         107.470
           2271         107.470
           2272         107.470
           2273         107.470
           2274         107.470
           2275         107.470
           2276         107.470
           2277         107.470
           2278         107.470
           2279         107.470
           2280         107.470
           2281         107.470
           2282         107.470
           2283         107.470
           2284         107.470
           2285         107.470
           2286         107.470
           2287         107.470
           2288         107.470
           2289         107.470
           2290         107.470
           2291         107.470
           2292         107.470
           2293         107.470
           2294         107.470
           2295         107.470
           2296         107.470
           2297         107.470
           2298         107.470
           2299         108.447
           2300         108.447
           2301         108.447
           2302         108.447
           2303         108.447
           2304         108.447
           2305         108.447
           2306         108.447
           2307         108.447
           2308         108.447
           2309         108.447
           2310         108.447
           2311         108.447
           2312         108.447
           2313         108.447
           2314         108.447
           2315         108.447
           2316         108.447
           2317         108.447
           2318         108.447
           2319         108.447
           2320         108.447
           2321         108.447
           2322         108.447
           2323         108.447
           2324         108.447
           2325         108.447
           2326         108.447
           2327         108.447
           2328         108.447
           2329         108.447
           2330         108.447
           2331         108.447
           2332         108.447
           2333         108.447
           2334         108.447
           2335         108.447
           2336         108.447
           2337         108.447
           2338         109.424
           2339         109.424
           2340         109.424
           2341         109.424
           2342         109.424
           2343         109.424
           2344         109.424
           2345         109.424
           2346         109.424
           2347         109.424
           2348         109.424
           2349         109.424
           2350         109.424
           2351         109.424
           2352         109.424
           2353         109.424
           2354         109.424
           2355         109.424
           2356         109.424
           2357         109.424
           2358         109.424
           2359         109.424
           2360         109.424
           2361         109.424
           2362         109.424
           2363         109.424
           2364         109.424
           2365         109.424
           2366         109.424
           2367         109.424
           2368         109.424
           2369         109.424
           2370         109.424
           2371         108.447
           2372         108.447
           2373         108.447
           2374         108.447
           2375         108.447
           2376         108.447
           2377         108.447
           2378         108.447
           2379         108.447
           2380         108.447
           2381         108.447
           2382         108.447
           2383         109.424
           2384         109.424
           2385         109.424
           2386         109.424
           2387         109.424
           2388         109.424
           2389         109.424
           2390         109.424
           2391         109.424
           2392         109.424
           2393         109.424
           2394         109.424
           2395         109.424
           2396         109.424
           2397         109.424
           2398         109.424
           2399         109.424
           2400         109.424
           2401         109.424
           2402         109.424
           2403         109.424
           2404         109.424
           2405         109.424
           2406         109.424
           2407         109.424
           2408         109.424
           2409         109.424
           2410         109.424
           2411         109.424
           2412         109.424
           2413         109.424
           2414         109.424
           2415         109.424
           2416         109.424
           2417         109.424
           2418         110.401
           2419         110.401
           2420         110.401
           2421         110.401
           2422         110.401
           2423         110.401
           2424         110.401
           2425         110.401
           2426         110.401
           2427         110.401
           2428         110.401
           2429         110.401
           2430         110.401
           2431         110.401
           2432         110.401
           2433         110.401
           2434         110.401
           2435         110.401
           2436         110.401
           2437         110.401
           2438         110.401
           2439         110.401
           2440         110.401
           2441         110.401
           2442         110.401
           2443         110.401
           2444         110.401
           2445         110.401
           2446         110.401
           2447         110.401
           2448         110.401
           2449         110.401
           2450         110.401
           2451         110.401
           2452         110.401
           2453         110.401
           2454         110.401
           2455         110.401
           2456         110.401
           2457         110.401
           2458         110.401
           2459         110.401
           2460         110.401
           2461         110.401
           2462         110.401
           2463         110.401
           2464         110.401
           2465         110.401
           2466         110.401
           2467         110.401
           2468         110.401
           2469         110.401
           2470         110.401
           2471         111.378
           2472         111.378
           2473         111.378
           2474         111.378
           2475         111.378
           2476         111.378
           2477         111.378
           2478         111.378
           2479         111.378
           2480         111.378
           2481         111.378
           2482         111.378
           2483         111.378
           2484         111.378
           2485         111.378
           2486         111.378
           2487         111.378
           2488         111.378
           2489         111.378
           2490         111.378
           2491         111.378
           2492         111.378
           2493         111.378
           2494         111.378
           2495         111.378
           2496         111.378
           2497         111.378
           2498         111.378
           2499         111.378
           2500         111.378
           2501         111.378
           2502         111.378
           2503         111.378
           2504         111.378
           2505         111.378
           2506         111.378
           2507         111.378
           2508         111.378
           2509         111.378
           2510         111.378
           2511         111.378
           2512         111.378
           2513         112.355
           2514         112.355
           2515         112.355
           2516         112.355
           2517         112.355
           2518         112.355
           2519         112.355
           2520         112.355
           2521         112.355
           2522         112.355
           2523         112.355
           2524         112.355
           2525         112.355
           2526         112.355
           2527         112.355
           2528         112.355
           2529         112.355
           2530         112.355
           2531         112.355
           2532         112.355
           2533         112.355
           2534         112.355
           2535         112.355
           2536         112.355
           2537         112.355
           2538         112.355
           2539         112.355
           2540         112.355
           2541         112.355
           2542         112.355
           2543         112.355
           2544         112.355
           2545         112.355
           2546         112.355
           2547         112.355
           2548         112.355
           2549         112.355
           2550         112.355
           2551         112.355
           2552         113.332
           2553         113.332
           2554         113.332
           2555         113.332
           2556         113.332
           2557         113.332
           2558         113.332
           2559         113.332
           2560         113.332
           2561         113.332
           2562         113.332
           2563         113.332
           2564         113.332
           2565         113.332
           2566         113.332
           2567         113.332
           2568         113.332
           2569         113.332
           2570         113.332
           2571         113.332
           2572         113.332
           2573         113.332
           2574         113.332
           2575         113.332
           2576         113.332
           2577         113.332
           2578         113.332
           2579         113.332
           2580         113.332
           2581         113.332
           2582         113.332
           2583         113.332
           2584         113.332
           2585         113.332
           2586         113.332
           2587         113.332
           2588         113.332
           2589         113.332
           2590         113.332
           2591         113.332
           2592         113.332
           2593         113.332
           2594         113.332
           2595         113.332
           2596         113.332
           2597         113.332
           2598         113.332
           2599         113.332
           2600         113.332
           2601         114.309
           2602         114.309
           2603         114.309
           2604         114.309
           2605         114.309
           2606         114.309
           2607         114.309
           2608         114.309
           2609         114.309
           2610         114.309
           2611         114.309
           2612         114.309
           2613         114.309
           2614         114.309
           2615         114.309
           2616         114.309
           2617         114.309
           2618         114.309
           2619         114.309
           2620         114.309
           2621         114.309
           2622         114.309
           2623         114.309
           2624         114.309
           2625         114.309
           2626         114.309
           2627         114.309
           2628         114.309
           2629         114.309
           2630         114.309
           2631         114.309
           2632         114.309
           2633         114.309
           2634         114.309
           2635         114.309
           2636         114.309
           2637         114.309
           2638         114.309
           2639         114.309
           2640         114.309
           2641         114.309
           2642         114.309
           2643         114.309
           2644         114.309
           2645         114.309
           2646         114.309
           2647         114.309
           2648         114.309
           2649         114.309
           2650         114.309
           2651         114.309
           2652         114.309
           2653         114.309
           2654         114.309
           2655         114.309
           2656         114.309
           2657         114.309
           2658         114.309
           2659         114.309
           2660         114.309
           2661         114.309
           2662         114.309
           2663         114.309
           2664         114.309
           2665         114.309
           2666         114.309
           2667         115.286
           2668         115.286
           2669         115.286
           2670         115.286
           2671         115.286
           2672         115.286
           2673         115.286
           2674         115.286
           2675         115.286
           2676         115.286
           2677         115.286
           2678         115.286
           2679         115.286
           2680         115.286
           2681         115.286
           2682         115.286
           2683         115.286
           2684         115.286
           2685         115.286
           2686         115.286
           2687         115.286
           2688         115.286
           2689         115.286
           2690         115.286
           2691         115.286
           2692         115.286
           2693         115.286
           2694         115.286
           2695         115.286
           2696         116.263
           2697         116.263
           2698         116.263
           2699         116.263
           2700         116.263
           2701         116.263
           2702         116.263
           2703         116.263
           2704         116.263
           2705         116.263
           2706         116.263
           2707         116.263
           2708         116.263
           2709         116.263
           2710         116.263
           2711         116.263
           2712         116.263
           2713         116.263
           2714         116.263
           2715         116.263
           2716         116.263
           2717         116.263
           2718         116.263
           2719         116.263
           2720         116.263
           2721         116.263
           2722         116.263
           2723         116.263
           2724         116.263
           2725         116.263
           2726         116.263
           2727         116.263
           2728         116.263
           2729         116.263
           2730         116.263
           2731         116.263
           2732         116.263
           2733         116.263
           2734         116.263
           2735         116.263
           2736         116.263
           2737         116.263
           2738         116.263
           2739         116.263
           2740         116.263
           2741         116.263
           2742         116.263
           2743         116.263
           2744         116.263
           2745         116.263
           2746         116.263
           2747         116.263
           2748         116.263
           2749         116.263
           2750         116.263
           2751         116.263
           2752         116.263
           2753         116.263
           2754         116.263
           2755         116.263
           2756         116.263
           2757         116.263
           2758         116.263
           2759         116.263
           2760         117.240
           2761         117.240
           2762         117.240
           2763         117.240
           2764         117.240
           2765         117.240
           2766         117.240
           2767         117.240
           2768         117.240
           2769         117.240
           2770         117.240
           2771         117.240
           2772         117.240
           2773         117.240
           2774         117.240
           2775         117.240
           2776         117.240
           2777         117.240
           2778         117.240
           2779         117.240
           2780         117.240
           2781         117.240
           2782         117.240
           2783         117.240
           2784         117.240
           2785         117.240
           2786         117.240
           2787         117.240
           2788         117.240
           2789         117.240
           2790         117.240
           2791         117.240
           2792         117.240
           2793         117.240
           2794         117.240
           2795         117.240
           2796         117.240
           2797         117.240
           2798         117.240
           2799         117.240
           2800         117.240
           2801         117.240
           2802         117.240
           2803         117.240
           2804         117.240
           2805         117.240
           2806         118.217
           2807         118.217
           2808         118.217
           2809         118.217
           2810         117.240
           2811         117.240
           2812         117.240
           2813         117.240
           2814         117.240
           2815         117.240
           2816         117.240
           2817         117.240
           2818         117.240
           2819         117.240
           2820         117.240
           2821         117.240
           2822         117.240
           2823         117.240
           2824         117.240
           2825         117.240
           2826         117.240
           2827         117.240
           2828         117.240
           2829         117.240
           2830         117.240
