TRACENO
              1         190.515
              2         190.515
              3         190.515
              4         190.515
              5         190.515
              6         190.515
              7         190.515
              8         190.515
              9         190.515
             10         190.515
             11         190.515
             12         190.515
             13         190.515
             14         190.515
             15         190.515
             16         190.515
             17         190.515
             18         190.515
             19         190.515
             20         190.515
             21         190.515
             22         190.515
             23         190.515
             24         190.515
             25         190.515
             26         190.515
             27         190.515
             28         190.515
             29         190.515
             30         190.515
             31         190.515
             32         190.515
             33         190.515
             34         190.515
             35         190.515
             36         190.515
             37         190.515
             38         190.515
             39         190.515
             40         190.515
             41         190.515
             42         190.515
             43         190.515
             44         190.515
             45         190.515
             46         190.515
             47         191.492
             48         191.492
             49         191.492
             50         191.492
             51         191.492
             52         192.469
             53         192.469
             54         192.469
             55         192.469
             56         192.469
             57         192.469
             58         192.469
             59         192.469
             60         192.469
             61         192.469
             62         192.469
             63         192.469
             64         192.469
             65         192.469
             66         192.469
             67         192.469
             68         192.469
             69         191.492
             70         191.492
             71         191.492
             72         191.492
             73         191.492
             74         191.492
             75         191.492
             76         191.492
             77         191.492
             78         191.492
             79         191.492
             80         191.492
             81         191.492
             82         190.515
             83         191.492
             84         191.492
             85         191.492
             86         191.492
             87         191.492
             88         191.492
             89         191.492
             90         191.492
             91         191.492
             92         191.492
             93         191.492
             94         191.492
             95         191.492
             96         191.492
             97         191.492
             98         191.492
             99         191.492
            100         191.492
            101         191.492
            102         191.492
            103         191.492
            104         191.492
            105         191.492
            106         191.492
            107         191.492
            108         191.492
            109         191.492
            110         191.492
            111         191.492
            112         191.492
            113         192.469
            114         192.469
            115         192.469
            116         192.469
            117         192.469
            118         192.469
            119         192.469
            120         192.469
            121         192.469
            122         192.469
            123         192.469
            124         192.469
            125         192.469
            126         192.469
            127         192.469
            128         192.469
            129         192.469
            130         192.469
            131         192.469
            132         192.469
            133         192.469
            134         192.469
            135         192.469
            136         192.469
            137         191.492
            138         191.492
            139         191.492
            140         191.492
            141         191.492
            142         191.492
            143         191.492
            144         191.492
            145         191.492
            146         191.492
            147         191.492
            148         191.492
            149         191.492
            150         191.492
            151         191.492
            152         191.492
            153         191.492
            154         191.492
            155         191.492
            156         191.492
            157         191.492
            158         191.492
            159         191.492
            160         191.492
            161         191.492
            162         191.492
            163         191.492
            164         191.492
            165         191.492
            166         191.492
            167         191.492
            168         191.492
            169         191.492
            170         191.492
            171         191.492
            172         191.492
            173         191.492
            174         191.492
            175         191.492
            176         191.492
            177         191.492
            178         191.492
            179         191.492
            180         191.492
            181         191.492
            182         191.492
            183         191.492
            184         191.492
            185         191.492
            186         191.492
            187         191.492
            188         191.492
            189         191.492
            190         191.492
            191         191.492
            192         191.492
            193         191.492
            194         192.469
            195         191.492
            196         191.492
            197         191.492
            198         191.492
            199         191.492
            200         191.492
            201         191.492
            202         191.492
            203         191.492
            204         191.492
            205         191.492
            206         191.492
            207         191.492
            208         191.492
            209         191.492
            210         191.492
            211         191.492
            212         191.492
            213         191.492
            214         191.492
            215         190.515
            216         190.515
            217         190.515
            218         190.515
            219         190.515
            220         190.515
            221         190.515
            222         190.515
            223         190.515
            224         190.515
            225         190.515
            226         190.515
            227         190.515
            228         189.538
            229         189.538
            230         189.538
            231         189.538
            232         189.538
            233         189.538
            234         189.538
            235         189.538
            236         189.538
            237         189.538
            238         189.538
            239         189.538
            240         189.538
            241         189.538
            242         189.538
            243         189.538
            244         189.538
            245         189.538
            246         189.538
            247         189.538
            248         189.538
            249         189.538
            250         189.538
            251         189.538
            252         189.538
            253         189.538
            254         189.538
            255         189.538
            256         189.538
            257         189.538
            258         189.538
            259         189.538
            260         189.538
            261         189.538
            262         189.538
            263         189.538
            264         189.538
            265         189.538
            266         189.538
            267         189.538
            268         189.538
            269         189.538
            270         189.538
            271         189.538
            272         189.538
            273         189.538
            274         189.538
            275         189.538
            276         189.538
            277         189.538
            278         189.538
            279         189.538
            280         189.538
            281         189.538
            282         189.538
            283         189.538
            284         189.538
            285         189.538
            286         189.538
            287         189.538
            288         189.538
            289         189.538
            290         189.538
            291         189.538
            292         189.538
            293         189.538
            294         189.538
            295         189.538
            296         189.538
            297         189.538
            298         189.538
            299         189.538
            300         189.538
            301         189.538
            302         189.538
            303         189.538
            304         189.538
            305         189.538
            306         189.538
            307         189.538
            308         189.538
            309         188.561
            310         188.561
            311         188.561
            312         188.561
            313         188.561
            314         188.561
            315         188.561
            316         188.561
            317         188.561
            318         188.561
            319         188.561
            320         188.561
            321         188.561
            322         188.561
            323         188.561
            324         188.561
            325         188.561
            326         188.561
            327         188.561
            328         188.561
            329         188.561
            330         188.561
            331         188.561
            332         188.561
            333         188.561
            334         188.561
            335         188.561
            336         188.561
            337         188.561
            338         188.561
            339         188.561
            340         187.584
            341         187.584
            342         187.584
            343         187.584
            344         187.584
            345         187.584
            346         187.584
            347         187.584
            348         187.584
            349         187.584
            350         187.584
            351         187.584
            352         186.607
            353         186.607
            354         186.607
            355         186.607
            356         186.607
            357         186.607
            358         185.630
            359         185.630
            360         185.630
            361         185.630
            362         185.630
            363         185.630
            364         185.630
            365         185.630
            366         185.630
            367         185.630
            368         185.630
            369         185.630
            370         185.630
            371         185.630
            372         185.630
            373         185.630
            374         185.630
            375         185.630
            376         185.630
            377         185.630
            378         185.630
            379         185.630
            380         185.630
            381         184.653
            382         184.653
            383         184.653
            384         184.653
            385         184.653
            386         184.653
            387         184.653
            388         184.653
            389         184.653
            390         184.653
            391         184.653
            392         184.653
            393         184.653
            394         184.653
            395         184.653
            396         184.653
            397         184.653
            398         184.653
            399         184.653
            400         184.653
            401         184.653
            402         184.653
            403         184.653
            404         184.653
            405         184.653
            406         184.653
            407         184.653
            408         184.653
            409         184.653
            410         184.653
            411         184.653
            412         184.653
            413         184.653
            414         183.676
            415         183.676
            416         183.676
            417         183.676
            418         183.676
            419         183.676
            420         183.676
            421         183.676
            422         183.676
            423         183.676
            424         183.676
            425         183.676
            426         183.676
            427         183.676
            428         183.676
            429         183.676
            430         183.676
            431         183.676
            432         183.676
            433         183.676
            434         183.676
            435         183.676
            436         182.699
            437         182.699
            438         182.699
            439         182.699
            440         182.699
            441         182.699
            442         182.699
            443         182.699
            444         182.699
            445         182.699
            446         182.699
            447         182.699
            448         182.699
            449         182.699
            450         182.699
            451         182.699
            452         182.699
            453         182.699
            454         182.699
            455         182.699
            456         182.699
            457         182.699
            458         182.699
            459         182.699
            460         182.699
            461         181.722
            462         181.722
            463         181.722
            464         181.722
            465         181.722
            466         181.722
            467         182.699
            468         182.699
            469         182.699
            470         182.699
            471         182.699
            472         181.722
            473         181.722
            474         181.722
            475         181.722
            476         181.722
            477         181.722
            478         181.722
            479         181.722
            480         181.722
            481         181.722
            482         181.722
            483         181.722
            484         181.722
            485         181.722
            486         181.722
            487         181.722
            488         181.722
            489         180.745
            490         180.745
            491         180.745
            492         180.745
            493         180.745
            494         180.745
            495         180.745
            496         180.745
            497         180.745
            498         180.745
            499         180.745
            500         180.745
            501         180.745
            502         180.745
            503         180.745
            504         180.745
            505         179.768
            506         179.768
            507         179.768
            508         179.768
            509         179.768
