TRACENO
              1         219.825
              2         219.825
              3         219.825
              4         219.825
              5         218.848
              6         218.848
              7         218.848
              8         218.848
              9         218.848
             10         218.848
             11         218.848
             12         218.848
             13         218.848
             14         218.848
             15         218.848
             16         218.848
             17         218.848
             18         218.848
             19         218.848
             20         218.848
             21         218.848
             22         218.848
             23         218.848
             24         218.848
             25         218.848
             26         218.848
             27         218.848
             28         218.848
             29         218.848
             30         218.848
             31         218.848
             32         218.848
             33         218.848
             34         218.848
             35         218.848
             36         218.848
             37         218.848
             38         218.848
             39         218.848
             40         218.848
             41         218.848
             42         218.848
             43         218.848
             44         218.848
             45         218.848
             46         218.848
             47         218.848
             48         218.848
             49         218.848
             50         218.848
             51         218.848
             52         218.848
             53         218.848
             54         218.848
             55         218.848
             56         218.848
             57         218.848
             58         218.848
             59         218.848
             60         218.848
             61         218.848
             62         218.848
             63         218.848
             64         218.848
             65         218.848
             66         218.848
             67         218.848
             68         218.848
             69         218.848
             70         218.848
             71         218.848
             72         218.848
             73         218.848
             74         218.848
             75         218.848
             76         218.848
             77         218.848
             78         217.871
             79         217.871
             80         217.871
             81         217.871
             82         217.871
             83         217.871
             84         217.871
             85         217.871
             86         217.871
             87         217.871
             88         217.871
             89         217.871
             90         217.871
             91         217.871
             92         217.871
             93         217.871
             94         217.871
             95         217.871
             96         217.871
             97         217.871
             98         217.871
             99         217.871
            100         217.871
            101         217.871
            102         217.871
            103         217.871
            104         217.871
            105         217.871
            106         217.871
            107         217.871
            108         217.871
            109         217.871
            110         217.871
            111         217.871
            112         217.871
            113         217.871
            114         217.871
            115         217.871
            116         217.871
            117         217.871
            118         217.871
            119         217.871
            120         217.871
            121         217.871
            122         217.871
            123         217.871
            124         217.871
            125         217.871
            126         217.871
            127         217.871
            128         217.871
            129         217.871
            130         217.871
            131         217.871
            132         217.871
            133         217.871
            134         217.871
            135         217.871
            136         217.871
            137         217.871
            138         217.871
            139         217.871
            140         217.871
            141         217.871
            142         217.871
            143         217.871
            144         217.871
            145         217.871
            146         217.871
            147         217.871
            148         217.871
            149         217.871
            150         217.871
            151         217.871
            152         217.871
            153         217.871
            154         217.871
            155         217.871
            156         217.871
            157         217.871
            158         217.871
            159         217.871
            160         217.871
            161         217.871
            162         217.871
            163         217.871
            164         217.871
            165         217.871
            166         217.871
            167         217.871
            168         217.871
            169         217.871
            170         217.871
            171         217.871
            172         217.871
            173         217.871
            174         217.871
            175         217.871
            176         217.871
            177         217.871
            178         217.871
            179         217.871
            180         217.871
            181         217.871
            182         217.871
            183         218.848
            184         218.848
            185         218.848
            186         218.848
            187         218.848
            188         218.848
            189         218.848
            190         218.848
            191         218.848
            192         218.848
            193         218.848
            194         218.848
            195         218.848
            196         218.848
            197         218.848
            198         218.848
            199         218.848
            200         218.848
            201         218.848
            202         218.848
            203         218.848
            204         218.848
            205         218.848
            206         218.848
            207         218.848
            208         218.848
            209         218.848
            210         218.848
            211         218.848
            212         218.848
            213         218.848
            214         218.848
            215         218.848
            216         218.848
            217         218.848
            218         218.848
            219         218.848
            220         218.848
            221         218.848
            222         218.848
            223         218.848
            224         218.848
            225         218.848
            226         218.848
            227         218.848
            228         218.848
            229         218.848
            230         218.848
            231         218.848
            232         218.848
            233         218.848
            234         218.848
            235         218.848
            236         218.848
            237         218.848
            238         218.848
            239         218.848
            240         218.848
            241         218.848
            242         218.848
            243         218.848
            244         218.848
            245         218.848
            246         218.848
            247         218.848
            248         218.848
            249         218.848
            250         218.848
            251         218.848
            252         218.848
            253         218.848
            254         218.848
            255         218.848
            256         218.848
            257         218.848
            258         218.848
            259         218.848
            260         218.848
            261         218.848
            262         218.848
            263         218.848
            264         218.848
            265         218.848
            266         218.848
            267         218.848
            268         218.848
            269         218.848
            270         218.848
            271         218.848
            272         218.848
            273         218.848
            274         218.848
            275         218.848
            276         218.848
            277         218.848
            278         218.848
            279         218.848
            280         218.848
            281         218.848
            282         218.848
            283         218.848
            284         218.848
            285         218.848
            286         218.848
            287         218.848
            288         218.848
            289         218.848
            290         218.848
            291         218.848
            292         218.848
            293         218.848
            294         218.848
            295         219.825
            296         219.825
            297         219.825
            298         219.825
            299         219.825
            300         219.825
            301         219.825
            302         219.825
            303         219.825
            304         219.825
            305         219.825
            306         219.825
            307         219.825
            308         219.825
            309         219.825
            310         219.825
            311         219.825
            312         219.825
            313         219.825
            314         219.825
            315         219.825
            316         219.825
            317         219.825
            318         219.825
            319         219.825
            320         219.825
            321         219.825
            322         219.825
            323         219.825
            324         219.825
            325         219.825
            326         219.825
            327         219.825
            328         219.825
            329         219.825
            330         219.825
            331         219.825
            332         219.825
            333         219.825
            334         219.825
            335         219.825
            336         219.825
            337         219.825
            338         219.825
            339         219.825
            340         219.825
            341         219.825
            342         219.825
            343         219.825
            344         219.825
            345         219.825
            346         219.825
            347         219.825
            348         219.825
            349         219.825
            350         220.802
            351         220.802
            352         220.802
            353         220.802
            354         220.802
            355         220.802
            356         220.802
            357         220.802
            358         220.802
            359         220.802
            360         220.802
            361         220.802
            362         220.802
            363         220.802
            364         220.802
            365         220.802
            366         220.802
            367         220.802
            368         220.802
            369         220.802
            370         220.802
            371         220.802
            372         220.802
            373         220.802
            374         220.802
            375         220.802
            376         220.802
            377         220.802
            378         220.802
            379         220.802
            380         220.802
            381         220.802
            382         220.802
            383         220.802
            384         220.802
            385         220.802
            386         220.802
            387         220.802
            388         220.802
            389         220.802
            390         220.802
            391         220.802
            392         220.802
            393         220.802
            394         220.802
            395         220.802
            396         220.802
            397         221.779
            398         221.779
            399         221.779
            400         221.779
            401         221.779
            402         221.779
            403         221.779
            404         221.779
            405         221.779
            406         221.779
            407         221.779
            408         221.779
            409         221.779
            410         221.779
            411         221.779
            412         221.779
            413         221.779
            414         221.779
            415         221.779
            416         221.779
            417         221.779
            418         221.779
            419         221.779
            420         221.779
            421         221.779
            422         221.779
            423         221.779
            424         221.779
            425         221.779
            426         221.779
            427         221.779
            428         221.779
            429         221.779
            430         221.779
            431         221.779
            432         221.779
            433         221.779
            434         221.779
            435         221.779
            436         221.779
            437         222.756
            438         222.756
            439         222.756
            440         222.756
            441         222.756
            442         222.756
            443         222.756
            444         222.756
            445         222.756
            446         222.756
            447         222.756
            448         222.756
            449         222.756
            450         222.756
            451         222.756
            452         222.756
            453         222.756
            454         222.756
            455         222.756
            456         222.756
            457         222.756
            458         222.756
            459         222.756
            460         222.756
            461         222.756
            462         222.756
            463         222.756
            464         222.756
            465         222.756
            466         222.756
            467         222.756
            468         222.756
            469         222.756
            470         222.756
            471         222.756
            472         222.756
            473         222.756
            474         222.756
            475         222.756
            476         222.756
            477         222.756
            478         222.756
            479         222.756
            480         222.756
            481         222.756
            482         222.756
            483         222.756
            484         223.733
            485         223.733
            486         223.733
            487         223.733
            488         223.733
            489         223.733
            490         223.733
            491         223.733
            492         223.733
            493         223.733
            494         223.733
            495         223.733
            496         223.733
            497         223.733
            498         223.733
            499         223.733
            500         223.733
            501         223.733
            502         223.733
            503         223.733
            504         223.733
            505         223.733
            506         223.733
            507         223.733
            508         223.733
            509         223.733
            510         223.733
            511         223.733
            512         223.733
            513         223.733
            514         223.733
            515         223.733
            516         223.733
            517         223.733
            518         223.733
            519         223.733
            520         223.733
            521         223.733
            522         223.733
            523         223.733
            524         223.733
            525         223.733
            526         223.733
            527         223.733
            528         223.733
            529         224.710
            530         224.710
            531         224.710
            532         224.710
            533         224.710
            534         224.710
            535         224.710
            536         224.710
            537         224.710
            538         224.710
            539         224.710
            540         224.710
            541         224.710
            542         224.710
            543         224.710
            544         224.710
            545         224.710
            546         224.710
            547         224.710
            548         224.710
            549         224.710
            550         224.710
            551         224.710
            552         224.710
            553         224.710
            554         224.710
            555         224.710
            556         224.710
            557         224.710
            558         224.710
            559         224.710
            560         224.710
            561         224.710
            562         224.710
            563         224.710
            564         224.710
            565         224.710
            566         224.710
            567         224.710
            568         224.710
            569         225.687
            570         225.687
            571         225.687
            572         225.687
            573         225.687
            574         225.687
            575         225.687
            576         225.687
            577         225.687
            578         225.687
            579         225.687
            580         225.687
            581         225.687
            582         225.687
            583         225.687
            584         225.687
            585         225.687
            586         225.687
            587         225.687
            588         225.687
            589         225.687
            590         225.687
            591         225.687
            592         225.687
            593         225.687
            594         225.687
            595         225.687
            596         225.687
            597         225.687
            598         225.687
            599         225.687
            600         225.687
            601         225.687
            602         225.687
            603         225.687
            604         225.687
            605         225.687
            606         225.687
            607         225.687
            608         225.687
            609         226.664
            610         226.664
            611         226.664
            612         226.664
            613         226.664
            614         226.664
            615         226.664
            616         226.664
            617         226.664
            618         226.664
            619         226.664
            620         226.664
            621         226.664
            622         226.664
            623         226.664
            624         226.664
            625         226.664
            626         226.664
            627         226.664
            628         226.664
            629         226.664
            630         226.664
            631         226.664
            632         226.664
            633         226.664
            634         226.664
            635         226.664
            636         226.664
            637         226.664
            638         226.664
            639         226.664
            640         226.664
            641         226.664
            642         226.664
            643         226.664
            644         226.664
            645         226.664
            646         226.664
            647         226.664
            648         226.664
            649         226.664
            650         226.664
            651         226.664
            652         226.664
            653         227.641
            654         227.641
            655         227.641
            656         227.641
            657         227.641
            658         227.641
            659         227.641
            660         227.641
            661         227.641
            662         227.641
            663         227.641
            664         227.641
            665         227.641
            666         227.641
            667         227.641
            668         227.641
            669         227.641
            670         227.641
            671         227.641
            672         227.641
            673         227.641
            674         227.641
            675         227.641
            676         227.641
            677         227.641
            678         227.641
            679         227.641
            680         227.641
            681         227.641
            682         227.641
            683         227.641
            684         227.641
            685         227.641
            686         227.641
            687         227.641
            688         227.641
            689         227.641
            690         227.641
            691         227.641
            692         227.641
            693         227.641
            694         227.641
            695         227.641
            696         227.641
            697         228.618
            698         228.618
            699         228.618
            700         228.618
            701         228.618
            702         228.618
            703         228.618
            704         228.618
            705         228.618
            706         228.618
            707         228.618
            708         228.618
            709         228.618
            710         228.618
            711         228.618
            712         228.618
            713         228.618
            714         228.618
            715         228.618
            716         228.618
            717         228.618
            718         228.618
            719         228.618
            720         228.618
            721         228.618
            722         228.618
            723         228.618
            724         228.618
            725         228.618
            726         228.618
            727         228.618
            728         228.618
            729         228.618
            730         228.618
            731         228.618
            732         228.618
            733         228.618
            734         228.618
            735         228.618
            736         228.618
            737         228.618
            738         228.618
            739         228.618
            740         228.618
            741         228.618
            742         229.595
            743         229.595
            744         229.595
            745         229.595
            746         229.595
            747         229.595
            748         229.595
            749         229.595
            750         229.595
            751         229.595
            752         229.595
            753         229.595
            754         229.595
            755         229.595
            756         229.595
            757         229.595
            758         229.595
            759         229.595
            760         229.595
            761         229.595
            762         229.595
            763         229.595
            764         229.595
            765         229.595
            766         229.595
            767         229.595
            768         229.595
            769         229.595
            770         229.595
            771         229.595
            772         229.595
            773         229.595
            774         229.595
            775         229.595
            776         229.595
            777         229.595
            778         229.595
            779         229.595
            780         229.595
            781         229.595
            782         229.595
            783         229.595
            784         229.595
            785         229.595
            786         229.595
            787         229.595
            788         229.595
            789         229.595
            790         230.572
            791         230.572
            792         230.572
            793         230.572
            794         230.572
            795         230.572
            796         230.572
            797         230.572
            798         230.572
            799         230.572
            800         230.572
            801         230.572
            802         230.572
            803         230.572
            804         230.572
            805         230.572
            806         230.572
            807         230.572
            808         230.572
            809         230.572
            810         230.572
            811         230.572
            812         230.572
            813         230.572
            814         230.572
            815         230.572
            816         230.572
            817         230.572
            818         230.572
            819         230.572
            820         230.572
            821         230.572
            822         230.572
            823         230.572
            824         230.572
            825         230.572
            826         230.572
            827         230.572
            828         230.572
            829         230.572
            830         230.572
            831         230.572
            832         230.572
            833         230.572
            834         230.572
            835         230.572
            836         230.572
            837         230.572
            838         230.572
            839         230.572
            840         230.572
            841         230.572
            842         230.572
            843         230.572
            844         230.572
            845         230.572
            846         231.549
            847         231.549
            848         231.549
            849         231.549
            850         231.549
            851         231.549
            852         231.549
            853         231.549
            854         231.549
            855         231.549
            856         231.549
            857         231.549
            858         231.549
            859         231.549
            860         231.549
            861         231.549
            862         231.549
            863         231.549
            864         231.549
            865         231.549
            866         231.549
            867         231.549
            868         231.549
            869         231.549
            870         231.549
            871         231.549
            872         231.549
            873         231.549
            874         231.549
            875         231.549
            876         231.549
            877         231.549
            878         231.549
            879         231.549
            880         231.549
            881         231.549
            882         231.549
            883         231.549
            884         231.549
            885         231.549
            886         231.549
            887         231.549
            888         231.549
            889         231.549
            890         231.549
            891         232.526
            892         232.526
            893         232.526
            894         232.526
            895         232.526
            896         232.526
            897         232.526
            898         232.526
            899         232.526
            900         232.526
            901         232.526
            902         232.526
            903         232.526
            904         232.526
            905         232.526
            906         232.526
            907         232.526
            908         232.526
            909         232.526
            910         232.526
            911         232.526
            912         232.526
            913         232.526
            914         232.526
            915         232.526
            916         232.526
            917         232.526
            918         232.526
            919         232.526
            920         232.526
            921         232.526
            922         232.526
            923         232.526
            924         232.526
            925         232.526
            926         232.526
            927         233.503
            928         233.503
            929         233.503
            930         233.503
            931         233.503
            932         233.503
            933         233.503
            934         233.503
            935         233.503
            936         233.503
            937         233.503
            938         233.503
            939         233.503
            940         233.503
            941         233.503
            942         233.503
            943         233.503
            944         233.503
            945         233.503
            946         233.503
            947         233.503
            948         233.503
            949         233.503
            950         233.503
            951         233.503
            952         233.503
            953         233.503
            954         233.503
            955         233.503
            956         233.503
            957         233.503
            958         233.503
            959         233.503
            960         233.503
            961         233.503
            962         233.503
            963         234.480
            964         234.480
            965         234.480
            966         234.480
            967         234.480
            968         234.480
            969         234.480
            970         234.480
            971         234.480
            972         234.480
            973         234.480
            974         234.480
            975         234.480
            976         234.480
            977         234.480
            978         234.480
            979         234.480
            980         234.480
            981         234.480
            982         234.480
            983         234.480
            984         234.480
            985         234.480
            986         234.480
            987         234.480
            988         234.480
            989         234.480
            990         234.480
            991         234.480
            992         234.480
            993         234.480
            994         234.480
            995         234.480
            996         234.480
            997         235.457
            998         235.457
            999         235.457
           1000         235.457
           1001         235.457
           1002         235.457
           1003         235.457
           1004         235.457
           1005         235.457
           1006         235.457
           1007         235.457
           1008         235.457
           1009         235.457
           1010         235.457
           1011         235.457
           1012         235.457
           1013         235.457
           1014         235.457
           1015         235.457
           1016         235.457
           1017         235.457
           1018         235.457
           1019         235.457
           1020         235.457
           1021         235.457
           1022         235.457
           1023         235.457
           1024         235.457
           1025         235.457
           1026         235.457
           1027         235.457
           1028         235.457
           1029         235.457
           1030         235.457
           1031         235.457
           1032         235.457
           1033         235.457
           1034         235.457
           1035         235.457
           1036         235.457
           1037         235.457
           1038         235.457
           1039         235.457
           1040         235.457
           1041         235.457
           1042         235.457
           1043         235.457
           1044         235.457
           1045         235.457
           1046         235.457
           1047         235.457
           1048         235.457
           1049         235.457
           1050         235.457
           1051         235.457
           1052         235.457
           1053         235.457
           1054         235.457
           1055         235.457
           1056         235.457
           1057         235.457
           1058         235.457
           1059         235.457
           1060         235.457
           1061         235.457
           1062         235.457
           1063         235.457
           1064         235.457
           1065         235.457
           1066         235.457
           1067         235.457
           1068         235.457
           1069         235.457
           1070         235.457
           1071         235.457
           1072         235.457
           1073         235.457
           1074         235.457
           1075         235.457
           1076         235.457
           1077         235.457
           1078         235.457
           1079         235.457
           1080         235.457
           1081         235.457
           1082         235.457
           1083         235.457
           1084         235.457
           1085         235.457
           1086         235.457
           1087         235.457
           1088         235.457
           1089         235.457
           1090         235.457
           1091         235.457
           1092         235.457
           1093         235.457
           1094         235.457
           1095         235.457
           1096         235.457
           1097         235.457
           1098         235.457
           1099         235.457
           1100         235.457
           1101         235.457
           1102         235.457
           1103         236.434
           1104         236.434
           1105         236.434
           1106         236.434
           1107         236.434
           1108         236.434
           1109         236.434
           1110         236.434
           1111         236.434
           1112         236.434
           1113         236.434
           1114         236.434
           1115         236.434
           1116         236.434
           1117         236.434
           1118         236.434
           1119         236.434
           1120         236.434
           1121         236.434
           1122         236.434
           1123         236.434
           1124         236.434
           1125         236.434
           1126         236.434
           1127         236.434
           1128         236.434
           1129         236.434
           1130         236.434
           1131         236.434
           1132         236.434
           1133         236.434
           1134         236.434
           1135         236.434
           1136         236.434
           1137         236.434
           1138         236.434
           1139         236.434
           1140         236.434
           1141         236.434
           1142         236.434
           1143         236.434
           1144         236.434
           1145         236.434
           1146         236.434
           1147         236.434
           1148         236.434
           1149         236.434
           1150         236.434
           1151         236.434
           1152         236.434
           1153         236.434
           1154         236.434
           1155         236.434
           1156         236.434
           1157         236.434
           1158         236.434
           1159         236.434
           1160         236.434
           1161         236.434
           1162         236.434
           1163         236.434
           1164         236.434
           1165         236.434
           1166         236.434
           1167         236.434
           1168         236.434
           1169         236.434
           1170         236.434
           1171         236.434
           1172         236.434
           1173         236.434
           1174         236.434
           1175         236.434
           1176         236.434
           1177         236.434
           1178         236.434
           1179         235.457
           1180         235.457
           1181         235.457
           1182         235.457
           1183         235.457
           1184         235.457
           1185         235.457
           1186         235.457
           1187         235.457
           1188         235.457
           1189         235.457
           1190         235.457
           1191         235.457
           1192         235.457
           1193         235.457
           1194         235.457
           1195         235.457
           1196         235.457
           1197         235.457
           1198         235.457
           1199         235.457
           1200         235.457
           1201         235.457
           1202         235.457
           1203         235.457
           1204         235.457
           1205         235.457
           1206         235.457
           1207         235.457
           1208         235.457
           1209         235.457
           1210         235.457
           1211         235.457
           1212         235.457
           1213         235.457
           1214         235.457
           1215         235.457
           1216         235.457
           1217         235.457
           1218         235.457
           1219         235.457
           1220         235.457
           1221         235.457
           1222         235.457
           1223         235.457
           1224         235.457
           1225         235.457
           1226         235.457
           1227         235.457
           1228         235.457
           1229         235.457
           1230         235.457
           1231         235.457
           1232         235.457
           1233         235.457
           1234         235.457
           1235         235.457
           1236         235.457
           1237         235.457
           1238         235.457
           1239         235.457
           1240         235.457
           1241         235.457
           1242         235.457
           1243         235.457
           1244         235.457
           1245         235.457
           1246         235.457
           1247         235.457
           1248         235.457
           1249         235.457
           1250         234.480
           1251         234.480
           1252         234.480
           1253         234.480
           1254         234.480
           1255         234.480
           1256         234.480
           1257         234.480
           1258         234.480
           1259         234.480
           1260         234.480
           1261         234.480
           1262         234.480
           1263         234.480
           1264         234.480
           1265         234.480
           1266         234.480
           1267         234.480
           1268         234.480
           1269         234.480
           1270         234.480
           1271         234.480
           1272         234.480
           1273         234.480
           1274         234.480
           1275         234.480
           1276         234.480
           1277         234.480
           1278         234.480
           1279         234.480
           1280         234.480
           1281         234.480
           1282         234.480
           1283         234.480
           1284         234.480
           1285         234.480
           1286         234.480
           1287         234.480
           1288         234.480
           1289         234.480
           1290         234.480
           1291         234.480
           1292         234.480
           1293         234.480
           1294         234.480
           1295         234.480
           1296         234.480
           1297         234.480
           1298         234.480
           1299         234.480
           1300         234.480
           1301         234.480
           1302         234.480
           1303         234.480
           1304         234.480
           1305         234.480
           1306         234.480
           1307         234.480
           1308         234.480
           1309         234.480
           1310         234.480
           1311         234.480
           1312         234.480
           1313         234.480
           1314         234.480
           1315         234.480
           1316         234.480
           1317         234.480
           1318         234.480
           1319         234.480
           1320         234.480
           1321         234.480
           1322         234.480
           1323         234.480
           1324         234.480
           1325         234.480
           1326         234.480
           1327         234.480
           1328         234.480
           1329         234.480
           1330         234.480
           1331         234.480
           1332         234.480
           1333         234.480
           1334         234.480
           1335         234.480
           1336         234.480
           1337         234.480
           1338         234.480
           1339         234.480
           1340         234.480
           1341         234.480
           1342         234.480
           1343         234.480
           1344         234.480
           1345         234.480
           1346         234.480
           1347         234.480
           1348         234.480
           1349         234.480
           1350         234.480
           1351         234.480
           1352         234.480
           1353         234.480
           1354         233.503
           1355         233.503
           1356         233.503
           1357         233.503
           1358         233.503
           1359         233.503
           1360         233.503
           1361         233.503
           1362         233.503
           1363         233.503
           1364         233.503
           1365         233.503
           1366         233.503
           1367         233.503
           1368         233.503
           1369         233.503
           1370         233.503
           1371         233.503
           1372         233.503
           1373         233.503
           1374         233.503
           1375         233.503
           1376         233.503
           1377         233.503
           1378         233.503
           1379         233.503
           1380         233.503
           1381         233.503
           1382         233.503
           1383         233.503
           1384         233.503
           1385         233.503
           1386         233.503
           1387         232.526
           1388         232.526
           1389         232.526
           1390         232.526
           1391         232.526
           1392         232.526
           1393         232.526
           1394         232.526
           1395         232.526
           1396         232.526
           1397         232.526
           1398         232.526
           1399         232.526
           1400         232.526
           1401         232.526
           1402         232.526
           1403         232.526
           1404         232.526
           1405         231.549
           1406         231.549
           1407         231.549
           1408         231.549
           1409         231.549
           1410         231.549
           1411         231.549
           1412         231.549
           1413         231.549
           1414         231.549
           1415         231.549
           1416         231.549
           1417         231.549
           1418         231.549
           1419         231.549
           1420         231.549
           1421         231.549
           1422         231.549
           1423         230.572
           1424         230.572
           1425         230.572
           1426         230.572
           1427         230.572
           1428         230.572
           1429         230.572
           1430         230.572
           1431         230.572
           1432         230.572
           1433         230.572
           1434         230.572
           1435         230.572
           1436         230.572
           1437         230.572
           1438         230.572
           1439         230.572
           1440         229.595
           1441         229.595
           1442         229.595
           1443         229.595
           1444         229.595
           1445         229.595
           1446         229.595
           1447         229.595
           1448         229.595
           1449         229.595
           1450         229.595
           1451         229.595
           1452         229.595
           1453         229.595
           1454         229.595
           1455         229.595
           1456         229.595
           1457         229.595
           1458         228.618
           1459         228.618
           1460         228.618
           1461         228.618
           1462         228.618
           1463         228.618
           1464         228.618
           1465         228.618
           1466         228.618
           1467         228.618
           1468         228.618
           1469         228.618
           1470         228.618
           1471         228.618
           1472         228.618
           1473         228.618
           1474         228.618
           1475         228.618
           1476         227.641
           1477         227.641
           1478         227.641
           1479         227.641
           1480         227.641
           1481         227.641
           1482         227.641
           1483         227.641
           1484         227.641
           1485         227.641
           1486         227.641
           1487         227.641
           1488         227.641
           1489         227.641
           1490         227.641
           1491         227.641
           1492         227.641
           1493         226.664
           1494         226.664
           1495         226.664
           1496         226.664
           1497         226.664
           1498         226.664
           1499         226.664
           1500         226.664
           1501         226.664
           1502         226.664
           1503         226.664
           1504         226.664
           1505         226.664
           1506         226.664
           1507         226.664
           1508         226.664
           1509         226.664
           1510         226.664
           1511         225.687
           1512         225.687
           1513         225.687
           1514         225.687
           1515         225.687
           1516         225.687
           1517         225.687
           1518         225.687
           1519         225.687
           1520         225.687
           1521         225.687
           1522         225.687
           1523         225.687
           1524         225.687
           1525         225.687
           1526         225.687
           1527         225.687
           1528         224.710
           1529         224.710
           1530         224.710
           1531         224.710
           1532         224.710
           1533         224.710
           1534         224.710
           1535         224.710
           1536         224.710
           1537         224.710
           1538         224.710
           1539         224.710
           1540         224.710
           1541         224.710
           1542         223.733
           1543         223.733
           1544         223.733
           1545         223.733
           1546         223.733
           1547         223.733
           1548         223.733
           1549         223.733
           1550         223.733
           1551         222.756
           1552         222.756
           1553         222.756
           1554         222.756
           1555         222.756
           1556         222.756
           1557         222.756
           1558         222.756
           1559         222.756
           1560         221.779
           1561         221.779
           1562         221.779
           1563         221.779
           1564         221.779
           1565         221.779
           1566         221.779
           1567         221.779
           1568         221.779
           1569         220.802
           1570         220.802
           1571         220.802
           1572         220.802
           1573         220.802
           1574         220.802
           1575         220.802
           1576         219.825
           1577         219.825
           1578         219.825
           1579         219.825
           1580         219.825
           1581         219.825
           1582         219.825
           1583         219.825
           1584         218.848
           1585         218.848
           1586         218.848
           1587         218.848
           1588         218.848
           1589         218.848
           1590         218.848
           1591         217.871
           1592         217.871
           1593         217.871
           1594         217.871
           1595         217.871
           1596         217.871
           1597         217.871
           1598         216.894
           1599         216.894
           1600         216.894
           1601         216.894
           1602         216.894
           1603         216.894
           1604         216.894
           1605         215.917
           1606         215.917
           1607         215.917
           1608         215.917
           1609         215.917
           1610         215.917
           1611         215.917
           1612         215.917
           1613         215.917
           1614         214.940
           1615         214.940
           1616         214.940
           1617         214.940
           1618         214.940
           1619         214.940
           1620         214.940
           1621         214.940
           1622         214.940
           1623         214.940
           1624         213.963
           1625         213.963
           1626         213.963
           1627         213.963
           1628         213.963
           1629         213.963
           1630         213.963
           1631         213.963
           1632         213.963
           1633         212.986
           1634         212.986
           1635         212.986
           1636         212.986
           1637         212.986
           1638         212.986
           1639         212.986
           1640         212.009
           1641         212.009
           1642         212.009
           1643         212.009
           1644         212.009
           1645         212.009
           1646         211.032
           1647         211.032
           1648         211.032
           1649         211.032
           1650         211.032
           1651         211.032
           1652         210.055
           1653         210.055
           1654         210.055
           1655         210.055
           1656         210.055
           1657         210.055
           1658         210.055
           1659         209.078
           1660         209.078
           1661         209.078
           1662         209.078
           1663         209.078
           1664         209.078
           1665         208.101
           1666         208.101
           1667         208.101
           1668         208.101
           1669         208.101
           1670         208.101
           1671         207.124
           1672         207.124
           1673         207.124
           1674         207.124
           1675         207.124
           1676         207.124
           1677         206.147
           1678         206.147
           1679         206.147
           1680         206.147
           1681         206.147
           1682         205.170
           1683         205.170
           1684         205.170
           1685         205.170
           1686         205.170
           1687         205.170
           1688         204.193
           1689         204.193
           1690         204.193
           1691         204.193
           1692         204.193
           1693         204.193
           1694         203.216
           1695         203.216
           1696         203.216
           1697         203.216
           1698         203.216
           1699         202.239
           1700         202.239
           1701         202.239
           1702         202.239
           1703         202.239
           1704         201.262
           1705         201.262
           1706         201.262
           1707         201.262
           1708         201.262
           1709         200.285
           1710         200.285
           1711         200.285
           1712         200.285
           1713         200.285
           1714         200.285
           1715         199.308
           1716         199.308
           1717         199.308
           1718         199.308
           1719         199.308
           1720         199.308
           1721         199.308
           1722         199.308
           1723         199.308
           1724         199.308
           1725         199.308
           1726         199.308
           1727         199.308
           1728         199.308
           1729         199.308
           1730         198.331
           1731         198.331
           1732         198.331
           1733         198.331
           1734         198.331
           1735         197.354
           1736         197.354
           1737         197.354
           1738         197.354
           1739         196.377
           1740         196.377
           1741         196.377
           1742         196.377
           1743         196.377
           1744         195.400
           1745         195.400
           1746         195.400
           1747         195.400
           1748         195.400
           1749         194.423
           1750         194.423
           1751         194.423
           1752         194.423
           1753         194.423
           1754         194.423
           1755         193.446
           1756         193.446
           1757         193.446
           1758         193.446
           1759         193.446
           1760         193.446
           1761         193.446
           1762         192.469
           1763         192.469
           1764         192.469
           1765         192.469
           1766         192.469
           1767         192.469
           1768         192.469
           1769         191.492
           1770         191.492
           1771         191.492
           1772         191.492
           1773         191.492
           1774         191.492
           1775         190.515
           1776         190.515
           1777         190.515
           1778         190.515
           1779         190.515
           1780         190.515
           1781         190.515
           1782         189.538
           1783         189.538
           1784         189.538
           1785         189.538
           1786         189.538
           1787         189.538
           1788         188.561
           1789         188.561
           1790         188.561
           1791         188.561
           1792         188.561
           1793         188.561
           1794         188.561
           1795         187.584
           1796         187.584
           1797         187.584
           1798         187.584
           1799         187.584
           1800         187.584
           1801         186.607
           1802         186.607
           1803         186.607
           1804         186.607
           1805         186.607
           1806         186.607
           1807         186.607
           1808         185.630
           1809         185.630
           1810         185.630
           1811         185.630
           1812         185.630
           1813         185.630
           1814         184.653
           1815         184.653
           1816         184.653
           1817         184.653
           1818         184.653
           1819         184.653
           1820         184.653
           1821         183.676
           1822         183.676
           1823         183.676
           1824         183.676
           1825         183.676
           1826         183.676
           1827         182.699
           1828         182.699
           1829         182.699
           1830         182.699
           1831         182.699
           1832         182.699
           1833         182.699
           1834         181.722
           1835         181.722
           1836         181.722
           1837         181.722
           1838         181.722
           1839         181.722
           1840         181.722
           1841         181.722
           1842         180.745
           1843         180.745
           1844         180.745
           1845         180.745
           1846         180.745
           1847         180.745
           1848         180.745
           1849         180.745
           1850         179.768
           1851         179.768
           1852         179.768
           1853         179.768
           1854         179.768
           1855         179.768
           1856         179.768
           1857         179.768
           1858         179.768
           1859         178.791
           1860         178.791
           1861         178.791
           1862         178.791
           1863         178.791
           1864         177.814
           1865         177.814
           1866         177.814
           1867         177.814
           1868         177.814
           1869         176.837
           1870         176.837
           1871         176.837
           1872         176.837
           1873         176.837
           1874         175.860
           1875         175.860
           1876         175.860
           1877         175.860
           1878         175.860
           1879         174.883
           1880         174.883
           1881         174.883
           1882         174.883
           1883         174.883
           1884         174.883
           1885         174.883
           1886         174.883
           1887         174.883
           1888         174.883
           1889         173.906
           1890         173.906
           1891         173.906
           1892         173.906
           1893         173.906
           1894         173.906
           1895         173.906
           1896         173.906
           1897         173.906
           1898         172.929
           1899         172.929
           1900         172.929
           1901         172.929
           1902         172.929
           1903         172.929
           1904         172.929
           1905         172.929
           1906         172.929
           1907         171.952
           1908         171.952
           1909         171.952
           1910         171.952
           1911         171.952
           1912         171.952
           1913         171.952
           1914         171.952
           1915         171.952
           1916         171.952
           1917         170.975
           1918         170.975
           1919         170.975
           1920         170.975
           1921         170.975
           1922         170.975
           1923         170.975
           1924         169.998
           1925         169.998
           1926         169.998
           1927         169.998
           1928         169.998
           1929         169.021
           1930         169.021
           1931         169.021
           1932         169.021
           1933         169.021
           1934         169.021
           1935         169.021
           1936         169.021
           1937         168.044
           1938         168.044
           1939         168.044
           1940         168.044
           1941         168.044
           1942         168.044
           1943         168.044
           1944         168.044
           1945         168.044
           1946         167.067
           1947         167.067
           1948         167.067
           1949         167.067
           1950         167.067
           1951         167.067
           1952         167.067
           1953         167.067
           1954         167.067
           1955         166.090
           1956         166.090
           1957         166.090
           1958         166.090
           1959         166.090
           1960         166.090
           1961         166.090
           1962         166.090
           1963         166.090
           1964         166.090
           1965         165.113
           1966         165.113
           1967         165.113
           1968         165.113
           1969         165.113
           1970         165.113
           1971         165.113
           1972         165.113
           1973         165.113
           1974         164.136
           1975         164.136
           1976         164.136
           1977         164.136
           1978         164.136
           1979         164.136
           1980         164.136
           1981         164.136
           1982         164.136
           1983         164.136
           1984         163.159
           1985         163.159
           1986         163.159
           1987         163.159
           1988         163.159
           1989         163.159
           1990         163.159
           1991         163.159
           1992         163.159
           1993         163.159
           1994         162.182
           1995         162.182
           1996         162.182
           1997         162.182
           1998         162.182
           1999         162.182
           2000         162.182
           2001         162.182
           2002         162.182
           2003         162.182
           2004         162.182
           2005         162.182
           2006         162.182
           2007         162.182
           2008         162.182
           2009         162.182
           2010         162.182
           2011         162.182
           2012         161.205
           2013         161.205
           2014         161.205
           2015         161.205
           2016         161.205
           2017         161.205
           2018         161.205
           2019         161.205
           2020         161.205
           2021         161.205
           2022         161.205
           2023         161.205
           2024         160.228
           2025         160.228
           2026         160.228
           2027         160.228
           2028         160.228
           2029         160.228
