TRACENO
              1         160.228
              2         160.228
              3         160.228
              4         160.228
              5         160.228
              6         160.228
              7         160.228
              8         160.228
              9         160.228
             10         160.228
             11         160.228
             12         160.228
             13         160.228
             14         160.228
             15         159.251
             16         159.251
             17         159.251
             18         159.251
             19         159.251
             20         159.251
             21         159.251
             22         159.251
             23         159.251
             24         159.251
             25         159.251
             26         159.251
             27         159.251
             28         159.251
             29         158.274
             30         158.274
             31         158.274
             32         158.274
             33         158.274
             34         158.274
             35         158.274
             36         158.274
             37         158.274
             38         157.297
             39         157.297
             40         157.297
             41         157.297
             42         157.297
             43         157.297
             44         157.297
             45         156.320
             46         156.320
             47         156.320
             48         156.320
             49         156.320
             50         156.320
             51         156.320
             52         155.343
             53         155.343
             54         155.343
             55         155.343
             56         155.343
             57         155.343
             58         155.343
             59         155.343
             60         155.343
             61         155.343
             62         155.343
             63         155.343
             64         155.343
             65         155.343
             66         155.343
             67         155.343
             68         155.343
             69         155.343
             70         154.366
             71         154.366
             72         154.366
             73         154.366
             74         154.366
             75         154.366
             76         154.366
             77         154.366
             78         154.366
             79         154.366
             80         154.366
             81         154.366
             82         154.366
             83         153.389
             84         153.389
             85         153.389
             86         153.389
             87         153.389
             88         153.389
             89         153.389
             90         153.389
             91         153.389
             92         153.389
             93         153.389
             94         153.389
             95         152.412
             96         152.412
             97         152.412
             98         152.412
             99         152.412
            100         152.412
            101         152.412
            102         152.412
            103         152.412
            104         152.412
            105         152.412
            106         151.435
            107         151.435
            108         151.435
            109         151.435
            110         151.435
            111         151.435
            112         151.435
            113         151.435
            114         151.435
            115         151.435
            116         151.435
            117         151.435
            118         151.435
            119         151.435
            120         151.435
            121         151.435
            122         151.435
            123         151.435
            124         151.435
            125         150.458
            126         150.458
            127         150.458
            128         150.458
            129         150.458
            130         150.458
            131         150.458
            132         150.458
            133         150.458
            134         150.458
            135         150.458
            136         150.458
            137         149.481
            138         149.481
            139         149.481
            140         149.481
            141         149.481
            142         149.481
            143         149.481
            144         149.481
            145         149.481
            146         149.481
            147         149.481
            148         149.481
            149         149.481
            150         148.504
            151         148.504
            152         148.504
            153         148.504
            154         148.504
            155         148.504
            156         148.504
            157         148.504
            158         148.504
            159         148.504
            160         148.504
            161         148.504
            162         148.504
            163         148.504
            164         147.527
            165         147.527
            166         147.527
            167         147.527
            168         147.527
            169         147.527
            170         146.550
            171         146.550
            172         146.550
            173         146.550
            174         145.573
            175         145.573
            176         145.573
            177         145.573
            178         145.573
            179         145.573
            180         145.573
            181         145.573
            182         145.573
            183         145.573
            184         145.573
            185         145.573
            186         145.573
            187         146.550
            188         146.550
            189         146.550
            190         146.550
            191         146.550
            192         146.550
            193         146.550
            194         146.550
            195         146.550
            196         146.550
            197         146.550
            198         146.550
            199         146.550
            200         145.573
            201         145.573
            202         145.573
            203         145.573
            204         145.573
            205         145.573
            206         145.573
            207         145.573
            208         145.573
            209         145.573
            210         145.573
            211         144.596
            212         144.596
            213         144.596
            214         143.619
            215         143.619
            216         143.619
            217         142.642
            218         142.642
            219         142.642
            220         141.665
            221         141.665
            222         141.665
            223         141.665
            224         141.665
            225         141.665
            226         141.665
            227         141.665
            228         141.665
            229         140.688
            230         140.688
            231         140.688
            232         140.688
            233         140.688
            234         140.688
            235         140.688
            236         140.688
            237         140.688
            238         140.688
            239         140.688
            240         140.688
            241         140.688
            242         140.688
            243         140.688
            244         140.688
            245         140.688
            246         140.688
            247         140.688
            248         140.688
            249         140.688
            250         140.688
            251         140.688
            252         140.688
            253         140.688
            254         140.688
            255         140.688
            256         140.688
            257         140.688
            258         140.688
            259         140.688
            260         140.688
            261         140.688
            262         140.688
            263         139.711
            264         139.711
            265         139.711
            266         138.734
            267         138.734
            268         138.734
            269         138.734
            270         138.734
            271         138.734
            272         138.734
            273         138.734
            274         138.734
            275         138.734
            276         139.711
            277         139.711
            278         139.711
            279         139.711
            280         139.711
            281         139.711
            282         139.711
            283         139.711
            284         139.711
            285         139.711
            286         139.711
            287         139.711
            288         138.734
            289         138.734
            290         138.734
            291         138.734
            292         138.734
            293         138.734
            294         138.734
            295         138.734
            296         138.734
            297         138.734
            298         138.734
            299         138.734
            300         138.734
            301         138.734
            302         138.734
            303         138.734
            304         138.734
            305         138.734
            306         138.734
            307         138.734
            308         138.734
            309         138.734
            310         138.734
            311         138.734
            312         138.734
            313         138.734
            314         138.734
            315         138.734
            316         138.734
            317         138.734
            318         138.734
            319         138.734
            320         138.734
            321         138.734
            322         138.734
            323         138.734
            324         138.734
            325         138.734
            326         138.734
            327         138.734
            328         138.734
            329         138.734
            330         139.711
            331         139.711
            332         139.711
            333         139.711
            334         139.711
            335         139.711
            336         139.711
            337         139.711
            338         139.711
            339         139.711
            340         140.688
            341         140.688
            342         140.688
            343         140.688
            344         140.688
            345         140.688
            346         140.688
            347         141.665
            348         141.665
            349         141.665
            350         141.665
            351         141.665
            352         141.665
            353         142.642
            354         142.642
            355         142.642
            356         142.642
            357         142.642
            358         142.642
            359         142.642
            360         142.642
            361         142.642
            362         142.642
            363         142.642
            364         142.642
            365         142.642
            366         142.642
            367         142.642
            368         142.642
            369         142.642
            370         142.642
            371         142.642
            372         142.642
            373         142.642
            374         142.642
            375         142.642
            376         141.665
            377         141.665
            378         141.665
            379         141.665
            380         141.665
            381         141.665
            382         141.665
            383         141.665
            384         141.665
            385         141.665
            386         141.665
            387         141.665
            388         141.665
            389         141.665
            390         141.665
            391         141.665
            392         141.665
            393         141.665
            394         141.665
            395         141.665
            396         141.665
            397         141.665
            398         141.665
            399         141.665
            400         141.665
            401         141.665
            402         141.665
            403         140.688
            404         140.688
            405         140.688
            406         140.688
            407         140.688
            408         140.688
            409         140.688
            410         140.688
            411         140.688
            412         140.688
            413         139.711
            414         140.688
            415         140.688
            416         140.688
            417         140.688
            418         141.665
            419         141.665
            420         141.665
            421         141.665
            422         141.665
            423         141.665
            424         141.665
            425         141.665
            426         142.642
            427         142.642
            428         142.642
            429         142.642
            430         142.642
            431         142.642
            432         142.642
            433         142.642
            434         142.642
            435         142.642
            436         142.642
            437         142.642
            438         142.642
            439         142.642
            440         142.642
            441         141.665
            442         141.665
            443         141.665
            444         141.665
            445         141.665
            446         141.665
            447         140.688
            448         140.688
            449         140.688
            450         140.688
            451         140.688
            452         140.688
            453         140.688
            454         139.711
            455         139.711
            456         139.711
            457         139.711
            458         139.711
            459         139.711
            460         139.711
            461         138.734
            462         138.734
            463         138.734
            464         138.734
            465         138.734
            466         138.734
            467         138.734
            468         138.734
            469         137.757
            470         137.757
            471         137.757
            472         137.757
            473         137.757
            474         137.757
            475         137.757
            476         137.757
            477         137.757
            478         137.757
            479         137.757
            480         137.757
            481         138.734
            482         138.734
            483         138.734
            484         138.734
            485         138.734
            486         138.734
            487         138.734
            488         138.734
            489         138.734
            490         138.734
            491         138.734
            492         139.711
            493         138.734
            494         138.734
            495         138.734
            496         137.757
            497         137.757
            498         137.757
            499         137.757
            500         137.757
            501         137.757
            502         137.757
            503         137.757
            504         137.757
            505         137.757
            506         137.757
            507         137.757
            508         136.780
            509         136.780
