TRACENO
              2         153.389
              3         153.389
              4         153.389
              5         153.389
              6         153.389
              7         153.389
              8         152.412
              9         152.412
             10         152.412
             11         152.412
             12         152.412
             13         152.412
             14         152.412
             15         152.412
             16         152.412
             17         152.412
             18         152.412
             19         152.412
             20         152.412
             21         152.412
             22         152.412
             23         152.412
             24         152.412
             25         152.412
             26         152.412
             27         152.412
             28         152.412
             29         152.412
             30         152.412
             31         152.412
             32         152.412
             33         152.412
             34         152.412
             35         152.412
             36         152.412
             37         151.435
             38         151.435
             39         151.435
             40         151.435
             41         151.435
             42         151.435
             43         151.435
             44         151.435
             45         151.435
             46         151.435
             47         151.435
             48         151.435
             49         151.435
             50         151.435
             51         151.435
             52         151.435
             53         151.435
             54         151.435
             55         151.435
             56         151.435
             57         151.435
             58         151.435
             59         151.435
             60         150.458
             61         150.458
             62         150.458
             63         150.458
             64         150.458
             65         150.458
             66         150.458
             67         150.458
             68         150.458
             69         150.458
             70         150.458
             71         150.458
             72         150.458
             73         150.458
             74         150.458
             75         150.458
             76         150.458
             77         150.458
             78         150.458
             79         150.458
             80         150.458
             81         150.458
             82         150.458
             83         150.458
             84         150.458
             85         150.458
             86         150.458
             87         150.458
             88         150.458
             89         150.458
             90         150.458
             91         150.458
             92         150.458
             93         150.458
             94         151.435
             95         151.435
             96         151.435
             97         151.435
             98         151.435
             99         151.435
            100         151.435
            101         151.435
            102         151.435
            103         151.435
            104         151.435
            105         151.435
            106         151.435
            107         151.435
            108         151.435
            109         152.412
            110         152.412
            111         152.412
            112         152.412
            113         152.412
            114         152.412
            115         152.412
            116         152.412
            117         152.412
            118         152.412
            119         152.412
            120         152.412
            121         152.412
            122         152.412
            123         152.412
            124         152.412
            125         152.412
            126         152.412
            127         152.412
            128         152.412
            129         152.412
            130         152.412
            131         152.412
            132         152.412
            133         152.412
            134         152.412
            135         152.412
            136         152.412
            137         152.412
            138         152.412
            139         152.412
            140         152.412
            141         152.412
            142         153.389
            143         153.389
            144         153.389
            145         153.389
            146         153.389
            147         153.389
            148         153.389
            149         153.389
            150         153.389
            151         154.366
            152         154.366
            153         154.366
            154         154.366
            155         154.366
            156         154.366
            157         155.343
            158         155.343
            159         155.343
            160         155.343
            161         155.343
            162         156.320
            163         156.320
            164         156.320
            165         156.320
            166         156.320
            167         156.320
            168         157.297
            169         157.297
            170         157.297
            171         157.297
            172         157.297
            173         157.297
            174         158.274
            175         158.274
            176         158.274
            177         158.274
            178         158.274
            179         158.274
            180         158.274
            181         158.274
            182         158.274
            183         158.274
            184         158.274
            185         158.274
            186         159.251
            187         159.251
            188         159.251
            189         159.251
            190         159.251
            191         159.251
            192         159.251
            193         159.251
            194         159.251
            195         159.251
            196         160.228
            197         160.228
            198         160.228
            199         160.228
            200         160.228
            201         160.228
            202         161.205
            203         161.205
            204         161.205
            205         161.205
            206         161.205
            207         161.205
            208         162.182
            209         162.182
            210         162.182
            211         162.182
            212         162.182
            213         163.159
            214         163.159
            215         163.159
            216         163.159
            217         163.159
            218         163.159
            219         164.136
            220         164.136
            221         164.136
            222         164.136
            223         164.136
            224         164.136
            225         165.113
            226         165.113
            227         165.113
            228         165.113
            229         165.113
            230         165.113
            231         166.090
            232         166.090
            233         166.090
            234         166.090
            235         166.090
            236         166.090
            237         166.090
            238         167.067
            239         167.067
            240         167.067
            241         167.067
            242         167.067
            243         167.067
            244         168.044
            245         168.044
            246         168.044
            247         168.044
            248         168.044
            249         168.044
            250         169.021
            251         169.021
            252         169.021
            253         169.021
            254         169.021
            255         169.021
            256         169.998
            257         169.998
            258         169.998
            259         169.998
            260         169.998
            261         169.998
            262         170.975
            263         170.975
            264         170.975
            265         170.975
            266         170.975
            267         170.975
            268         170.975
            269         171.952
            270         171.952
            271         171.952
            272         171.952
            273         172.929
            274         172.929
            275         172.929
            276         172.929
            277         173.906
            278         173.906
            279         173.906
            280         173.906
            281         174.883
            282         174.883
            283         174.883
            284         174.883
            285         175.860
            286         175.860
            287         175.860
            288         175.860
            289         176.837
            290         176.837
            291         176.837
            292         176.837
            293         176.837
            294         176.837
            295         176.837
            296         176.837
            297         176.837
            298         176.837
            299         176.837
            300         176.837
            301         176.837
            302         176.837
            303         176.837
            304         176.837
            305         177.814
            306         177.814
            307         177.814
            308         177.814
            309         177.814
            310         177.814
            311         177.814
            312         177.814
            313         177.814
            314         177.814
            315         177.814
            316         177.814
            317         177.814
            318         177.814
            319         177.814
            320         177.814
            321         177.814
            322         177.814
            323         177.814
            324         177.814
            325         177.814
            326         177.814
            327         177.814
            328         177.814
            329         177.814
            330         177.814
            331         177.814
            332         177.814
            333         177.814
            334         177.814
            335         177.814
            336         177.814
            337         177.814
            338         177.814
            339         177.814
            340         177.814
            341         177.814
            342         177.814
            343         177.814
            344         176.837
            345         176.837
            346         176.837
            347         176.837
            348         176.837
            349         176.837
            350         176.837
            351         176.837
            352         176.837
            353         176.837
            354         176.837
            355         176.837
            356         176.837
            357         176.837
            358         176.837
            359         175.860
            360         175.860
            361         175.860
            362         175.860
            363         175.860
            364         175.860
            365         175.860
            366         175.860
            367         175.860
            368         175.860
            369         175.860
            370         175.860
            371         175.860
            372         175.860
            373         175.860
            374         175.860
            375         175.860
            376         175.860
            377         175.860
            378         175.860
            379         175.860
            380         175.860
            381         175.860
            382         175.860
            383         174.883
            384         174.883
            385         174.883
            386         174.883
            387         174.883
            388         174.883
            389         174.883
            390         174.883
            391         174.883
            392         174.883
            393         174.883
            394         174.883
            395         174.883
            396         174.883
            397         174.883
            398         174.883
            399         174.883
            400         174.883
            401         174.883
            402         174.883
            403         174.883
            404         174.883
            405         174.883
            406         174.883
            407         174.883
            408         174.883
            409         174.883
            410         174.883
            411         174.883
            412         174.883
            413         174.883
            414         174.883
            415         174.883
            416         174.883
            417         174.883
            418         174.883
            419         174.883
            420         174.883
            421         174.883
            422         174.883
            423         174.883
            424         174.883
            425         174.883
            426         174.883
            427         174.883
            428         174.883
            429         174.883
            430         174.883
            431         174.883
            432         174.883
            433         174.883
            434         174.883
            435         174.883
            436         174.883
            437         174.883
            438         174.883
            439         174.883
            440         174.883
            441         174.883
            442         174.883
            443         174.883
            444         174.883
            445         174.883
            446         174.883
            447         174.883
            448         174.883
            449         174.883
            450         175.860
            451         175.860
            452         175.860
            453         175.860
            454         175.860
            455         175.860
            456         175.860
            457         175.860
            458         175.860
            459         175.860
            460         176.837
            461         176.837
            462         176.837
            463         176.837
            464         176.837
            465         176.837
            466         176.837
            467         176.837
            468         176.837
            469         176.837
            470         176.837
            471         176.837
            472         177.814
            473         177.814
            474         177.814
            475         177.814
            476         177.814
            477         177.814
            478         177.814
            479         177.814
            480         177.814
            481         177.814
            482         177.814
            483         177.814
            484         177.814
            485         177.814
            486         177.814
            487         177.814
            488         177.814
            489         177.814
            490         177.814
            491         177.814
            492         177.814
            493         177.814
            494         177.814
            495         177.814
            496         178.791
            497         178.791
            498         178.791
            499         178.791
            500         178.791
            501         178.791
            502         178.791
            503         178.791
            504         179.768
            505         179.768
            506         179.768
            507         179.768
            508         179.768
            509         179.768
            510         179.768
            511         180.745
            512         180.745
            513         180.745
            514         180.745
            515         180.745
            516         180.745
            517         180.745
            518         180.745
            519         181.722
            520         181.722
            521         181.722
            522         181.722
            523         181.722
            524         181.722
            525         181.722
            526         181.722
            527         182.699
            528         182.699
            529         182.699
            530         182.699
            531         182.699
            532         182.699
            533         182.699
            534         182.699
            535         183.676
            536         183.676
            537         183.676
            538         183.676
            539         183.676
            540         183.676
            541         183.676
            542         183.676
            543         183.676
            544         183.676
            545         183.676
            546         183.676
            547         183.676
            548         183.676
            549         183.676
            550         184.653
            551         184.653
            552         184.653
            553         184.653
            554         184.653
            555         184.653
            556         184.653
            557         184.653
            558         184.653
            559         184.653
            560         184.653
            561         184.653
            562         184.653
            563         184.653
            564         184.653
            565         184.653
            566         184.653
            567         184.653
            568         184.653
            569         184.653
            570         184.653
            571         184.653
            572         184.653
            573         184.653
            574         184.653
            575         184.653
            576         184.653
            577         184.653
            578         184.653
            579         184.653
            580         184.653
            581         184.653
            582         184.653
            583         184.653
            584         184.653
            585         184.653
            586         184.653
            587         184.653
            588         184.653
            589         184.653
            590         184.653
            591         184.653
            592         184.653
            593         184.653
            594         184.653
            595         184.653
            596         184.653
            597         184.653
            598         184.653
            599         184.653
            600         184.653
            601         184.653
            602         184.653
            603         184.653
            604         184.653
            605         184.653
            606         184.653
            607         184.653
            608         184.653
            609         184.653
            610         184.653
            611         184.653
            612         184.653
            613         183.676
            614         183.676
            615         183.676
            616         183.676
            617         183.676
            618         183.676
            619         183.676
            620         183.676
            621         183.676
            622         183.676
            623         183.676
            624         183.676
            625         183.676
            626         183.676
            627         183.676
            628         183.676
            629         183.676
            630         183.676
            631         182.699
            632         182.699
            633         182.699
            634         182.699
            635         182.699
            636         182.699
            637         182.699
            638         182.699
            639         182.699
            640         182.699
            641         182.699
            642         182.699
            643         181.722
            644         181.722
            645         181.722
            646         181.722
            647         181.722
            648         181.722
            649         181.722
            650         180.745
            651         180.745
            652         180.745
            653         180.745
            654         180.745
            655         180.745
            656         180.745
            657         180.745
            658         179.768
            659         179.768
            660         179.768
            661         179.768
            662         179.768
            663         179.768
            664         179.768
            665         179.768
            666         179.768
            667         178.791
            668         178.791
            669         178.791
            670         178.791
            671         178.791
            672         178.791
            673         178.791
            674         178.791
            675         178.791
            676         178.791
            677         178.791
            678         178.791
            679         178.791
            680         178.791
            681         178.791
            682         178.791
            683         178.791
            684         178.791
            685         178.791
            686         178.791
            687         178.791
            688         177.814
            689         177.814
            690         177.814
            691         177.814
            692         177.814
            693         177.814
            694         177.814
            695         177.814
            696         176.837
            697         176.837
            698         176.837
            699         176.837
            700         176.837
            701         176.837
            702         175.860
            703         175.860
            704         175.860
            705         175.860
            706         175.860
            707         175.860
            708         175.860
            709         174.883
            710         174.883
            711         174.883
            712         174.883
            713         174.883
            714         173.906
            715         173.906
            716         173.906
            717         173.906
            718         173.906
            719         173.906
            720         173.906
            721         173.906
            722         173.906
            723         173.906
            724         173.906
            725         173.906
            726         173.906
            727         173.906
            728         173.906
            729         172.929
            730         173.906
            731         173.906
            732         173.906
            733         173.906
            734         173.906
