TRACENO
              1         128.964
              2         128.964
              3         128.964
              4         128.964
              5         128.964
              6         128.964
              7         128.964
              8         128.964
              9         128.964
             10         128.964
             11         128.964
             12         129.941
             13         129.941
             14         129.941
             15         129.941
             16         129.941
             17         129.941
             18         129.941
             19         129.941
             20         129.941
             21         129.941
             22         129.941
             23         129.941
             24         129.941
             25         129.941
             26         129.941
             27         129.941
             28         129.941
             29         130.918
             30         130.918
             31         131.895
             32         132.872
             33         132.872
             34         132.872
             35         132.872
             36         132.872
             37         132.872
             38         132.872
             39         132.872
             40         132.872
             41         132.872
             42         132.872
             43         132.872
             44         132.872
             45         132.872
             46         132.872
             47         132.872
             48         133.849
             49         133.849
             50         133.849
             51         133.849
             52         133.849
             53         134.826
             54         134.826
             55         134.826
             56         134.826
             57         135.803
             58         135.803
             59         135.803
             60         135.803
             61         136.780
             62         136.780
             63         136.780
             64         136.780
             65         136.780
             66         136.780
             67         136.780
             68         136.780
             69         136.780
             70         136.780
             71         137.757
             72         137.757
             73         137.757
             74         137.757
             75         137.757
             76         137.757
             77         137.757
             78         137.757
             79         137.757
             80         137.757
             81         137.757
             82         137.757
             83         137.757
             84         137.757
             85         137.757
             86         138.734
             87         138.734
             88         138.734
             89         138.734
             90         138.734
             91         138.734
             92         138.734
             93         138.734
             94         138.734
             95         138.734
             96         138.734
             97         138.734
             98         138.734
             99         138.734
            100         138.734
            101         139.711
            102         139.711
            103         139.711
            104         139.711
            105         139.711
            106         139.711
            107         139.711
            108         139.711
            109         139.711
            110         139.711
            111         139.711
            112         139.711
            113         139.711
            114         140.688
            115         140.688
            116         140.688
            117         140.688
            118         140.688
            119         140.688
            120         140.688
            121         140.688
            122         140.688
            123         140.688
            124         140.688
            125         140.688
            126         140.688
            127         140.688
            128         141.665
            129         141.665
            130         141.665
            131         141.665
            132         141.665
            133         141.665
            134         141.665
            135         141.665
            136         141.665
            137         141.665
            138         141.665
            139         141.665
            140         141.665
            141         141.665
            142         141.665
            143         141.665
            144         142.642
            145         142.642
            146         142.642
            147         142.642
            148         142.642
            149         142.642
            150         142.642
            151         142.642
            152         142.642
            153         142.642
            154         142.642
            155         142.642
            156         142.642
            157         142.642
            158         142.642
            159         142.642
            160         142.642
            161         142.642
            162         142.642
            163         142.642
            164         142.642
            165         142.642
            166         142.642
            167         142.642
            168         142.642
            169         142.642
            170         142.642
            171         143.619
            172         143.619
            173         143.619
            174         143.619
            175         143.619
            176         143.619
            177         143.619
            178         143.619
            179         143.619
            180         143.619
            181         143.619
            182         143.619
            183         143.619
            184         143.619
            185         143.619
            186         143.619
            187         143.619
            188         143.619
            189         143.619
            190         143.619
            191         143.619
            192         143.619
            193         143.619
            194         143.619
            195         143.619
            196         143.619
            197         143.619
            198         143.619
            199         143.619
            200         144.596
            201         144.596
            202         144.596
            203         144.596
            204         144.596
            205         144.596
            206         144.596
            207         144.596
            208         144.596
            209         144.596
            210         144.596
            211         144.596
            212         144.596
            213         144.596
            214         144.596
            215         144.596
            216         144.596
            217         144.596
            218         144.596
            219         144.596
            220         144.596
            221         144.596
            222         144.596
            223         144.596
            224         144.596
            225         144.596
            226         144.596
            227         144.596
            228         144.596
            229         144.596
            230         144.596
            231         144.596
            232         144.596
            233         144.596
            234         144.596
            235         144.596
            236         144.596
            237         144.596
            238         144.596
            239         144.596
            240         144.596
            241         144.596
            242         144.596
            243         144.596
            244         144.596
            245         144.596
            246         144.596
            247         144.596
            248         144.596
            249         144.596
            250         144.596
            251         144.596
            252         144.596
            253         144.596
            254         144.596
            255         144.596
            256         144.596
            257         144.596
            258         144.596
            259         144.596
            260         144.596
            261         144.596
            262         144.596
            263         144.596
            264         144.596
            265         144.596
            266         144.596
            267         144.596
            268         144.596
            269         144.596
            270         144.596
            271         144.596
            272         144.596
            273         144.596
            274         144.596
            275         144.596
            276         144.596
            277         144.596
            278         144.596
            279         144.596
            280         144.596
            281         144.596
            282         144.596
            283         144.596
            284         144.596
            285         144.596
            286         144.596
            287         144.596
            288         144.596
            289         144.596
            290         144.596
            291         144.596
            292         144.596
            293         144.596
            294         144.596
            295         144.596
            296         144.596
            297         144.596
            298         144.596
            299         144.596
            300         144.596
            301         144.596
            302         144.596
            303         144.596
            304         144.596
            305         144.596
            306         144.596
            307         144.596
            308         144.596
            309         144.596
            310         144.596
            311         144.596
            312         144.596
            313         144.596
            314         144.596
            315         144.596
            316         144.596
            317         144.596
            318         144.596
            319         144.596
            320         144.596
            321         144.596
            322         144.596
            323         144.596
            324         144.596
            325         144.596
            326         144.596
            327         144.596
            328         144.596
            329         144.596
            330         144.596
            331         144.596
            332         144.596
            333         144.596
            334         144.596
            335         144.596
            336         144.596
            337         144.596
            338         144.596
            339         144.596
            340         144.596
            341         144.596
            342         144.596
            343         144.596
            344         144.596
            345         144.596
            346         144.596
            347         144.596
            348         144.596
            349         144.596
            350         144.596
            351         144.596
            352         144.596
            353         144.596
            354         144.596
            355         144.596
            356         144.596
            357         144.596
            358         144.596
            359         144.596
            360         145.573
            361         145.573
            362         145.573
            363         145.573
            364         145.573
            365         145.573
            366         145.573
            367         145.573
            368         145.573
            369         145.573
            370         145.573
            371         145.573
            372         145.573
            373         145.573
            374         145.573
            375         145.573
            376         145.573
            377         145.573
            378         145.573
            379         145.573
            380         145.573
            381         145.573
            382         145.573
            383         145.573
            384         145.573
            385         145.573
            386         145.573
            387         145.573
            388         145.573
            389         145.573
            390         145.573
            391         145.573
            392         146.550
            393         146.550
            394         146.550
            395         146.550
            396         146.550
            397         146.550
            398         146.550
            399         146.550
            400         146.550
            401         146.550
            402         146.550
            403         146.550
            404         146.550
            405         146.550
            406         146.550
            407         146.550
            408         146.550
            409         146.550
            410         146.550
            411         146.550
            412         146.550
            413         146.550
            414         146.550
            415         146.550
            416         146.550
            417         146.550
            418         146.550
            419         146.550
            420         146.550
            421         146.550
            422         146.550
            423         146.550
            424         147.527
            425         147.527
            426         147.527
            427         147.527
            428         147.527
            429         147.527
            430         147.527
            431         147.527
            432         146.550
            433         146.550
            434         146.550
            435         146.550
            436         146.550
            437         146.550
            438         146.550
            439         146.550
            440         146.550
            441         146.550
            442         146.550
            443         146.550
            444         146.550
            445         146.550
            446         146.550
            447         146.550
            448         146.550
            449         146.550
            450         146.550
            451         146.550
            452         146.550
            453         146.550
            454         146.550
            455         145.573
            456         145.573
            457         145.573
            458         145.573
            459         145.573
            460         145.573
            461         145.573
            462         145.573
            463         145.573
            464         145.573
            465         145.573
            466         145.573
            467         145.573
            468         145.573
            469         145.573
            470         145.573
            471         145.573
            472         145.573
            473         145.573
            474         145.573
            475         145.573
            476         145.573
            477         145.573
            478         145.573
            479         145.573
            480         145.573
            481         145.573
            482         145.573
            483         145.573
            484         146.550
            485         146.550
            486         146.550
            487         146.550
            488         146.550
            489         146.550
            490         146.550
            491         146.550
            492         146.550
            493         146.550
            494         146.550
            495         146.550
            496         146.550
            497         146.550
            498         146.550
            499         146.550
            500         147.527
            501         147.527
            502         147.527
            503         147.527
            504         147.527
            505         147.527
            506         147.527
            507         147.527
            508         147.527
            509         147.527
            510         147.527
            511         147.527
            512         147.527
            513         147.527
            514         147.527
            515         147.527
            516         147.527
            517         147.527
            518         147.527
            519         147.527
            520         147.527
            521         147.527
            522         147.527
            523         147.527
            524         147.527
            525         147.527
            526         147.527
            527         147.527
            528         147.527
            529         147.527
            530         147.527
            531         147.527
            532         146.550
            533         146.550
            534         146.550
            535         146.550
            536         146.550
            537         146.550
            538         146.550
            539         146.550
            540         146.550
            541         146.550
            542         146.550
            543         146.550
            544         146.550
            545         146.550
            546         146.550
            547         146.550
            548         146.550
            549         146.550
            550         146.550
            551         146.550
            552         146.550
            553         146.550
            554         146.550
            555         146.550
            556         146.550
            557         146.550
            558         146.550
            559         146.550
            560         146.550
            561         146.550
            562         146.550
            563         146.550
            564         146.550
            565         146.550
            566         146.550
            567         146.550
            568         146.550
            569         146.550
            570         146.550
            571         146.550
            572         146.550
            573         146.550
            574         146.550
            575         146.550
            576         146.550
            577         146.550
            578         146.550
            579         146.550
            580         146.550
            581         146.550
            582         146.550
            583         146.550
            584         146.550
            585         146.550
            586         146.550
            587         146.550
            588         146.550
            589         146.550
            590         146.550
            591         146.550
            592         146.550
            593         146.550
            594         146.550
            595         146.550
            596         146.550
            597         146.550
            598         146.550
            599         146.550
            600         146.550
            601         146.550
            602         146.550
            603         146.550
            604         146.550
            605         146.550
            606         146.550
            607         146.550
            608         146.550
            609         146.550
            610         146.550
            611         146.550
            612         145.573
            613         145.573
            614         145.573
            615         145.573
            616         145.573
            617         145.573
            618         145.573
            619         145.573
            620         145.573
            621         145.573
            622         145.573
            623         145.573
            624         145.573
            625         145.573
            626         145.573
            627         145.573
            628         145.573
            629         145.573
            630         145.573
            631         145.573
            632         145.573
            633         145.573
            634         145.573
            635         145.573
            636         145.573
            637         145.573
            638         145.573
            639         145.573
            640         145.573
            641         144.596
            642         144.596
            643         144.596
            644         144.596
            645         144.596
            646         144.596
            647         144.596
            648         144.596
            649         144.596
            650         144.596
            651         144.596
            652         144.596
            653         144.596
            654         144.596
            655         144.596
            656         144.596
            657         144.596
            658         144.596
            659         144.596
            660         144.596
            661         144.596
            662         144.596
            663         144.596
            664         144.596
            665         144.596
            666         144.596
            667         144.596
            668         144.596
            669         144.596
            670         144.596
            671         144.596
            672         144.596
            673         144.596
            674         144.596
            675         144.596
            676         144.596
            677         144.596
            678         144.596
            679         143.619
            680         143.619
            681         143.619
            682         143.619
            683         143.619
            684         143.619
            685         143.619
            686         143.619
            687         143.619
            688         143.619
            689         143.619
            690         143.619
            691         143.619
            692         143.619
            693         143.619
            694         143.619
            695         143.619
            696         143.619
            697         143.619
            698         143.619
            699         143.619
            700         143.619
            701         142.642
            702         142.642
            703         142.642
            704         142.642
            705         142.642
            706         142.642
            707         142.642
            708         142.642
            709         142.642
            710         142.642
            711         142.642
            712         142.642
            713         141.665
            714         141.665
            715         141.665
            716         141.665
            717         141.665
            718         141.665
            719         141.665
            720         141.665
            721         141.665
            722         141.665
            723         141.665
            724         141.665
            725         141.665
            726         140.688
            727         140.688
            728         140.688
            729         140.688
            730         140.688
            731         140.688
            732         140.688
            733         140.688
            734         140.688
            735         140.688
            736         140.688
            737         140.688
            738         140.688
            739         139.711
            740         139.711
            741         139.711
            742         139.711
            743         139.711
            744         139.711
            745         139.711
            746         139.711
            747         139.711
            748         139.711
            749         139.711
            750         139.711
            751         139.711
            752         138.734
            753         138.734
            754         138.734
            755         138.734
            756         138.734
            757         138.734
            758         138.734
            759         138.734
            760         138.734
            761         138.734
            762         138.734
            763         138.734
            764         137.757
            765         137.757
            766         137.757
            767         137.757
            768         137.757
            769         137.757
            770         137.757
            771         137.757
            772         137.757
            773         137.757
            774         137.757
            775         137.757
            776         137.757
            777         137.757
            778         137.757
            779         137.757
            780         137.757
            781         137.757
            782         136.780
            783         136.780
            784         136.780
            785         136.780
            786         136.780
            787         136.780
            788         136.780
            789         136.780
            790         136.780
            791         136.780
            792         136.780
            793         136.780
            794         136.780
            795         136.780
            796         136.780
            797         136.780
            798         136.780
            799         136.780
            800         136.780
            801         136.780
            802         135.803
            803         135.803
            804         135.803
            805         135.803
            806         135.803
            807         135.803
            808         135.803
            809         135.803
            810         135.803
            811         135.803
            812         135.803
            813         135.803
            814         135.803
            815         135.803
            816         135.803
            817         134.826
            818         134.826
            819         134.826
            820         134.826
            821         134.826
            822         134.826
            823         134.826
            824         134.826
            825         134.826
            826         134.826
            827         134.826
            828         134.826
            829         134.826
            830         134.826
            831         133.849
            832         133.849
            833         133.849
            834         133.849
            835         133.849
            836         133.849
            837         133.849
            838         133.849
            839         133.849
            840         133.849
            841         133.849
            842         133.849
            843         133.849
            844         133.849
            845         133.849
            846         133.849
            847         133.849
            848         133.849
            849         133.849
            850         133.849
            851         133.849
            852         133.849
            853         133.849
            854         133.849
            855         133.849
            856         133.849
            857         133.849
            858         133.849
            859         133.849
            860         133.849
            861         132.872
            862         133.849
            863         133.849
            864         133.849
            865         133.849
            866         133.849
            867         133.849
            868         133.849
            869         133.849
            870         133.849
            871         133.849
            872         133.849
            873         133.849
            874         133.849
            875         133.849
            876         133.849
            877         133.849
            878         133.849
            879         133.849
            880         133.849
            881         132.872
            882         132.872
            883         132.872
            884         132.872
            885         132.872
            886         132.872
            887         132.872
            888         132.872
            889         132.872
            890         132.872
            891         132.872
            892         132.872
            893         132.872
            894         132.872
            895         132.872
            896         132.872
            897         132.872
            898         132.872
            899         132.872
            900         132.872
            901         132.872
            902         132.872
            903         132.872
            904         132.872
            905         131.895
            906         131.895
            907         131.895
            908         131.895
            909         131.895
            910         131.895
            911         131.895
            912         131.895
            913         131.895
            914         131.895
            915         131.895
            916         131.895
            917         131.895
            918         131.895
            919         131.895
            920         131.895
            921         131.895
            922         130.918
            923         130.918
            924         130.918
            925         130.918
            926         130.918
            927         130.918
            928         130.918
            929         130.918
            930         130.918
            931         130.918
            932         130.918
            933         130.918
            934         130.918
            935         130.918
            936         130.918
            937         130.918
            938         130.918
            939         130.918
            940         129.941
            941         129.941
            942         129.941
            943         129.941
            944         129.941
            945         129.941
            946         129.941
            947         129.941
            948         129.941
            949         129.941
            950         129.941
            951         129.941
            952         129.941
            953         129.941
            954         129.941
            955         129.941
            956         129.941
            957         129.941
            958         129.941
            959         129.941
            960         129.941
            961         129.941
            962         129.941
            963         129.941
            964         129.941
            965         129.941
            966         128.964
            967         128.964
            968         128.964
            969         128.964
            970         128.964
            971         128.964
            972         128.964
            973         128.964
            974         128.964
            975         128.964
            976         128.964
            977         128.964
            978         128.964
            979         128.964
            980         128.964
            981         128.964
            982         128.964
            983         128.964
            984         128.964
            985         128.964
            986         128.964
            987         128.964
            988         128.964
            989         128.964
            990         128.964
            991         128.964
            992         128.964
            993         128.964
            994         128.964
            995         128.964
            996         128.964
            997         128.964
            998         128.964
            999         128.964
           1000         127.987
           1001         127.987
           1002         127.987
           1003         127.987
           1004         127.987
           1005         127.987
           1006         127.987
           1007         127.987
           1008         127.987
           1009         127.987
           1010         127.987
           1011         128.964
           1012         128.964
           1013         128.964
           1014         128.964
           1015         128.964
           1016         128.964
           1017         128.964
           1018         129.941
           1019         129.941
