TRACENO
            139         140.688
            140         141.665
            141         141.665
            142         141.665
            143         141.665
            144         141.665
            145         141.665
            146         141.665
            147         141.665
            148         141.665
            149         141.665
            150         141.665
            151         141.665
            152         141.665
            153         141.665
            154         141.665
            155         141.665
            156         141.665
            157         141.665
            158         141.665
            159         141.665
            160         141.665
            161         141.665
            162         141.665
            163         141.665
            164         141.665
            165         141.665
            166         141.665
            167         141.665
            168         141.665
            169         141.665
            170         141.665
            171         141.665
            172         141.665
            173         141.665
            174         141.665
            175         141.665
            176         141.665
            177         141.665
            178         141.665
            179         141.665
            180         141.665
            181         141.665
            182         141.665
            183         141.665
            184         141.665
            185         141.665
            186         141.665
            187         141.665
            188         141.665
            189         141.665
            190         141.665
            191         141.665
            192         141.665
            193         141.665
            194         141.665
            195         141.665
            196         141.665
            197         141.665
            198         141.665
            199         141.665
            200         141.665
            201         141.665
            202         141.665
            203         141.665
            204         141.665
            205         141.665
            206         141.665
            207         141.665
            208         141.665
            209         141.665
            210         141.665
            211         141.665
            212         141.665
            213         141.665
            214         141.665
            215         141.665
            216         141.665
            217         141.665
            218         141.665
            219         141.665
            220         141.665
            221         141.665
            222         141.665
            223         141.665
            224         141.665
            225         141.665
            226         141.665
            227         141.665
            228         141.665
            229         141.665
            230         141.665
            231         141.665
            232         141.665
            233         141.665
            234         141.665
            235         141.665
            236         141.665
            237         141.665
            238         142.642
            239         142.642
            240         142.642
            241         142.642
            242         142.642
            243         142.642
            244         142.642
            245         142.642
            246         142.642
            247         142.642
            248         142.642
            249         142.642
            250         142.642
            251         142.642
            252         142.642
            253         142.642
            254         142.642
            255         142.642
            256         142.642
            257         142.642
            258         142.642
            259         143.619
            260         143.619
            261         143.619
            262         143.619
            263         143.619
            264         143.619
            265         143.619
            266         143.619
            267         143.619
            268         143.619
            269         143.619
            270         143.619
            271         143.619
            272         143.619
            273         143.619
            274         143.619
            275         143.619
            276         143.619
            277         143.619
            278         143.619
            279         143.619
            280         143.619
            281         143.619
            282         143.619
            283         143.619
            284         143.619
            285         143.619
            286         144.596
            287         144.596
            288         144.596
            289         144.596
            290         144.596
            291         144.596
            292         144.596
            293         144.596
            294         144.596
            295         144.596
            296         144.596
            297         144.596
            298         144.596
            299         144.596
            300         144.596
            301         144.596
            302         144.596
            303         145.573
            304         145.573
            305         145.573
            306         145.573
            307         145.573
            308         145.573
            309         145.573
            310         145.573
            311         145.573
            312         145.573
            313         145.573
            314         145.573
            315         145.573
            316         146.550
            317         146.550
            318         146.550
            319         146.550
            320         146.550
            321         146.550
            322         146.550
            323         146.550
            324         146.550
            325         146.550
            326         146.550
            327         146.550
            328         147.527
            329         147.527
            330         147.527
            331         147.527
            332         147.527
            333         147.527
            334         147.527
            335         147.527
            336         147.527
            337         147.527
            338         147.527
            339         148.504
            340         148.504
            341         148.504
            342         148.504
            343         148.504
            344         148.504
            345         148.504
            346         148.504
            347         148.504
            348         148.504
            349         148.504
            350         148.504
            351         148.504
            352         148.504
            353         148.504
            354         148.504
            355         148.504
            356         148.504
            357         148.504
            358         148.504
            359         149.481
            360         149.481
            361         149.481
            362         149.481
            363         149.481
            364         149.481
            365         149.481
            366         149.481
            367         149.481
            368         149.481
            369         149.481
            370         149.481
            371         149.481
            372         149.481
            373         149.481
            374         149.481
            375         149.481
            376         149.481
            377         149.481
            378         149.481
            379         149.481
            380         149.481
            381         149.481
            382         149.481
            383         149.481
            384         149.481
            385         149.481
            386         149.481
            387         149.481
            388         149.481
            389         149.481
            390         149.481
            391         149.481
            392         149.481
            393         149.481
            394         149.481
            395         149.481
            396         149.481
            397         149.481
            398         149.481
            399         149.481
            400         149.481
            401         149.481
            402         149.481
            403         149.481
            404         149.481
            405         149.481
            406         149.481
            407         149.481
            408         149.481
            409         149.481
            410         149.481
            411         149.481
            412         149.481
            413         149.481
            414         149.481
            415         149.481
            416         150.458
            417         150.458
            418         150.458
            419         150.458
            420         150.458
            421         150.458
            422         150.458
            423         150.458
            424         150.458
            425         150.458
            426         150.458
            427         150.458
            428         150.458
            429         150.458
            430         150.458
            431         150.458
            432         150.458
            433         150.458
            434         150.458
            435         150.458
            436         151.435
            437         151.435
            438         151.435
            439         151.435
            440         151.435
            441         151.435
            442         151.435
            443         151.435
            444         151.435
            445         151.435
            446         151.435
            447         151.435
            448         151.435
            449         151.435
            450         151.435
            451         151.435
            452         151.435
            453         151.435
            454         151.435
            455         151.435
            456         151.435
            457         151.435
            458         152.412
            459         152.412
            460         152.412
            461         152.412
            462         152.412
            463         152.412
            464         152.412
            465         152.412
            466         152.412
            467         152.412
            468         152.412
            469         152.412
            470         152.412
            471         152.412
            472         153.389
            473         153.389
            474         153.389
            475         153.389
            476         153.389
            477         153.389
            478         153.389
            479         153.389
            480         153.389
            481         153.389
            482         153.389
            483         153.389
            484         154.366
            485         154.366
            486         154.366
            487         154.366
            488         154.366
            489         154.366
            490         154.366
            491         154.366
            492         154.366
            493         154.366
            494         154.366
            495         154.366
            496         154.366
            497         154.366
            498         155.343
            499         155.343
            500         155.343
            501         155.343
            502         155.343
            503         155.343
            504         155.343
            505         155.343
            506         155.343
            507         155.343
            508         155.343
            509         155.343
            510         155.343
            511         155.343
            512         155.343
            513         155.343
            514         155.343
            515         155.343
            516         155.343
            517         155.343
            518         155.343
            519         155.343
            520         155.343
            521         155.343
            522         156.320
            523         156.320
            524         156.320
            525         156.320
            526         156.320
            527         156.320
            528         156.320
            529         156.320
            530         156.320
            531         156.320
            532         156.320
            533         156.320
            534         156.320
            535         156.320
            536         156.320
            537         156.320
            538         156.320
            539         156.320
            540         156.320
            541         156.320
            542         156.320
            543         157.297
            544         157.297
            545         157.297
            546         157.297
            547         157.297
            548         157.297
            549         157.297
            550         157.297
            551         157.297
            552         157.297
            553         157.297
            554         157.297
            555         157.297
            556         157.297
            557         157.297
            558         158.274
            559         158.274
            560         158.274
            561         158.274
            562         158.274
            563         158.274
            564         158.274
            565         158.274
            566         158.274
            567         158.274
            568         158.274
            569         158.274
            570         158.274
            571         158.274
            572         158.274
            573         158.274
            574         159.251
            575         159.251
            576         159.251
            577         159.251
            578         159.251
            579         159.251
            580         159.251
            581         159.251
            582         159.251
            583         159.251
            584         159.251
            585         159.251
            586         159.251
            587         159.251
            588         159.251
            589         159.251
            590         159.251
            591         159.251
            592         159.251
            593         160.228
            594         160.228
            595         160.228
            596         160.228
            597         160.228
            598         160.228
            599         160.228
            600         160.228
            601         160.228
            602         160.228
            603         160.228
            604         160.228
            605         160.228
            606         160.228
            607         160.228
            608         160.228
            609         160.228
            610         160.228
            611         161.205
            612         161.205
            613         161.205
            614         161.205
            615         161.205
            616         161.205
            617         161.205
            618         161.205
            619         161.205
            620         161.205
            621         161.205
            622         161.205
            623         161.205
            624         161.205
            625         161.205
            626         161.205
            627         161.205
            628         161.205
            629         161.205
            630         161.205
            631         161.205
            632         161.205
            633         161.205
            634         161.205
            635         161.205
            636         161.205
            637         161.205
            638         161.205
            639         161.205
            640         161.205
            641         161.205
            642         161.205
            643         161.205
            644         161.205
            645         161.205
            646         161.205
            647         161.205
            648         161.205
            649         161.205
            650         161.205
            651         161.205
            652         161.205
            653         161.205
            654         160.228
            655         160.228
            656         160.228
            657         160.228
            658         160.228
