TRACENO
              1         177.814
              2         177.814
              3         177.814
              4         177.814
              5         177.814
              6         177.814
              7         177.814
              8         177.814
              9         176.837
             10         176.837
             11         177.814
             12         177.814
             13         177.814
             14         177.814
             15         177.814
             16         177.814
             17         177.814
             18         177.814
             19         177.814
             20         177.814
             21         177.814
             22         177.814
             23         177.814
             24         177.814
             25         177.814
             26         177.814
             27         176.837
             28         176.837
             29         176.837
             30         176.837
             31         176.837
             32         176.837
             33         176.837
             34         176.837
             35         176.837
             36         176.837
             37         176.837
             38         176.837
             39         176.837
             40         176.837
             41         176.837
             42         176.837
             43         176.837
             44         176.837
             45         176.837
             46         176.837
             47         176.837
             48         176.837
             49         176.837
             50         176.837
             51         176.837
             52         177.814
             53         177.814
             54         177.814
             55         177.814
             56         177.814
             57         178.791
             58         178.791
             59         178.791
             60         179.768
             61         179.768
             62         179.768
             63         179.768
             64         180.745
             65         180.745
             66         180.745
             67         180.745
             68         180.745
             69         180.745
             70         180.745
             71         180.745
             72         180.745
             73         180.745
             74         180.745
             75         180.745
             76         180.745
             77         180.745
             78         181.722
             79         181.722
             80         181.722
             81         181.722
             82         181.722
             83         181.722
             84         181.722
             85         181.722
             86         181.722
             87         181.722
             88         182.699
             89         182.699
             90         182.699
             91         183.676
             92         183.676
             93         183.676
             94         184.653
             95         184.653
             96         184.653
             97         184.653
             98         184.653
             99         184.653
            100         185.630
            101         185.630
            102         185.630
            103         185.630
            104         185.630
            105         185.630
            106         185.630
            107         185.630
            108         185.630
            109         185.630
            110         185.630
            111         185.630
            112         185.630
            113         185.630
            114         186.607
            115         186.607
            116         186.607
            117         186.607
            118         186.607
            119         186.607
            120         186.607
            121         186.607
            122         186.607
            123         186.607
            124         186.607
            125         186.607
            126         186.607
            127         186.607
            128         186.607
            129         186.607
            130         186.607
            131         186.607
            132         186.607
            133         186.607
            134         186.607
            135         186.607
            136         187.584
            137         187.584
            138         187.584
            139         187.584
            140         187.584
            141         187.584
            142         188.561
            143         188.561
            144         188.561
            145         188.561
            146         188.561
            147         188.561
            148         188.561
            149         188.561
            150         188.561
            151         188.561
            152         188.561
            153         188.561
            154         189.538
            155         189.538
            156         189.538
            157         189.538
            158         189.538
            159         189.538
            160         190.515
            161         190.515
            162         190.515
            163         190.515
            164         190.515
            165         191.492
            166         191.492
            167         191.492
            168         191.492
            169         191.492
            170         192.469
            171         192.469
            172         192.469
            173         192.469
            174         192.469
            175         192.469
            176         193.446
            177         193.446
            178         193.446
            179         193.446
            180         193.446
            181         194.423
            182         194.423
            183         194.423
            184         194.423
            185         195.400
            186         195.400
            187         195.400
            188         195.400
            189         196.377
            190         196.377
            191         196.377
            192         196.377
            193         197.354
            194         197.354
            195         197.354
            196         197.354
            197         198.331
            198         198.331
            199         198.331
            200         198.331
            201         199.308
            202         199.308
            203         199.308
            204         199.308
            205         199.308
            206         200.285
            207         200.285
            208         200.285
            209         200.285
            210         201.262
            211         201.262
            212         201.262
            213         201.262
            214         201.262
            215         202.239
            216         202.239
            217         202.239
            218         202.239
            219         203.216
            220         203.216
            221         203.216
            222         203.216
            223         204.193
            224         204.193
            225         204.193
            226         205.170
            227         205.170
            228         205.170
            229         206.147
            230         206.147
            231         206.147
            232         206.147
            233         207.124
            234         207.124
            235         207.124
            236         208.101
            237         208.101
            238         208.101
            239         208.101
            240         209.078
            241         209.078
            242         209.078
            243         210.055
            244         210.055
            245         210.055
            246         210.055
            247         211.032
            248         211.032
            249         211.032
            250         212.009
            251         212.009
            252         212.009
            253         212.009
            254         212.986
            255         212.986
            256         212.986
            257         213.963
            258         213.963
            259         213.963
            260         213.963
            261         214.940
            262         214.940
            263         214.940
            264         215.917
            265         215.917
            266         215.917
            267         216.894
            268         216.894
            269         216.894
            270         217.871
            271         217.871
            272         217.871
            273         218.848
            274         218.848
            275         218.848
            276         219.825
            277         219.825
            278         220.802
            279         220.802
            280         220.802
            281         221.779
            282         221.779
            283         222.756
            284         222.756
            285         222.756
            286         222.756
            287         223.733
            288         223.733
            289         223.733
            290         223.733
            291         224.710
            292         224.710
            293         224.710
            294         224.710
            295         225.687
            296         225.687
            297         225.687
            298         226.664
            299         226.664
            300         226.664
