TRACENO
              1         148.504
              2         148.504
              3         148.504
              4         148.504
              5         148.504
              6         148.504
              7         149.481
              8         149.481
              9         149.481
             10         149.481
             11         149.481
             12         149.481
             13         149.481
             14         149.481
             15         149.481
             16         149.481
             17         149.481
             18         149.481
             19         149.481
             20         149.481
             21         149.481
             22         149.481
             23         149.481
             24         149.481
             25         149.481
             26         149.481
             27         149.481
             28         149.481
             29         148.504
             30         148.504
             31         148.504
             32         148.504
             33         149.481
             34         149.481
             35         149.481
             36         149.481
             37         149.481
             38         149.481
             39         149.481
             40         149.481
             41         149.481
             42         149.481
             43         149.481
             44         149.481
             45         149.481
             46         149.481
             47         149.481
             48         149.481
             49         149.481
             50         149.481
             51         149.481
             52         149.481
             53         149.481
             54         149.481
             55         149.481
             56         149.481
             57         149.481
             58         149.481
             59         149.481
             60         149.481
             61         149.481
             62         149.481
             63         149.481
             64         149.481
             65         149.481
             66         149.481
             67         149.481
             68         149.481
             69         149.481
             70         149.481
             71         149.481
             72         149.481
             73         149.481
             74         149.481
             75         149.481
             76         149.481
             77         149.481
             78         149.481
             79         149.481
             80         149.481
             81         149.481
             82         149.481
             83         149.481
             84         149.481
             85         149.481
             86         149.481
             87         149.481
             88         149.481
             89         149.481
             90         149.481
             91         149.481
             92         149.481
             93         149.481
             94         149.481
             95         149.481
             96         149.481
             97         149.481
             98         149.481
             99         149.481
            100         149.481
            101         149.481
            102         149.481
            103         149.481
            104         149.481
            105         149.481
            106         149.481
            107         149.481
            108         149.481
            109         149.481
            110         149.481
            111         149.481
            112         149.481
            113         149.481
            114         149.481
            115         149.481
            116         149.481
            117         149.481
            118         150.458
            119         150.458
            120         150.458
            121         150.458
            122         150.458
            123         150.458
            124         150.458
            125         149.481
            126         149.481
            127         149.481
            128         149.481
            129         149.481
            130         149.481
            131         149.481
            132         150.458
            133         150.458
            134         150.458
            135         150.458
            136         150.458
            137         150.458
            138         150.458
            139         150.458
            140         150.458
            141         150.458
            142         150.458
            143         150.458
            144         150.458
            145         150.458
            146         150.458
            147         150.458
            148         150.458
            149         150.458
            150         150.458
            151         150.458
            152         150.458
            153         150.458
            154         150.458
            155         150.458
            156         150.458
            157         149.481
            158         149.481
            159         149.481
            160         149.481
            161         149.481
            162         149.481
            163         149.481
            164         150.458
            165         150.458
            166         150.458
            167         150.458
            168         150.458
            169         150.458
            170         150.458
            171         150.458
            172         150.458
            173         150.458
            174         150.458
            175         150.458
            176         150.458
            177         150.458
            178         150.458
            179         150.458
            180         150.458
            181         150.458
            182         150.458
            183         150.458
            184         150.458
            185         150.458
            186         150.458
            187         150.458
            188         150.458
            189         150.458
            190         150.458
            191         150.458
            192         150.458
            193         150.458
            194         150.458
            195         150.458
            196         150.458
            197         150.458
            198         150.458
            199         150.458
            200         150.458
            201         150.458
            202         150.458
            203         150.458
            204         150.458
            205         150.458
            206         150.458
            207         150.458
            208         150.458
            209         150.458
            210         150.458
            211         150.458
            212         150.458
            213         150.458
            214         150.458
            215         150.458
            216         150.458
            217         150.458
            218         149.481
            219         149.481
            220         149.481
            221         149.481
            222         149.481
            223         149.481
            224         149.481
            225         149.481
            226         149.481
            227         149.481
            228         149.481
            229         149.481
            230         149.481
            231         149.481
            232         149.481
            233         149.481
            234         149.481
            235         149.481
            236         149.481
            237         149.481
            238         149.481
            239         149.481
            240         149.481
            241         149.481
            242         149.481
            243         149.481
            244         149.481
            245         149.481
            246         149.481
            247         149.481
            248         150.458
            249         150.458
            250         150.458
            251         150.458
            252         150.458
            253         150.458
            254         150.458
            255         150.458
            256         150.458
            257         150.458
            258         149.481
            259         149.481
            260         149.481
            261         149.481
            262         149.481
            263         149.481
            264         149.481
            265         149.481
            266         149.481
            267         149.481
            268         149.481
            269         149.481
            270         149.481
            271         149.481
            272         149.481
            273         149.481
            274         149.481
            275         149.481
            276         149.481
            277         149.481
            278         149.481
            279         149.481
            280         149.481
            281         149.481
            282         149.481
            283         149.481
            284         149.481
            285         149.481
            286         149.481
            287         149.481
            288         149.481
            289         149.481
            290         150.458
            291         150.458
            292         150.458
            293         150.458
            294         150.458
            295         150.458
            296         150.458
            297         150.458
            298         150.458
            299         150.458
            300         150.458
            301         150.458
            302         150.458
            303         150.458
            304         150.458
            305         150.458
            306         150.458
            307         150.458
            308         150.458
            309         150.458
            310         150.458
            311         150.458
            312         150.458
            313         150.458
            314         150.458
            315         150.458
            316         150.458
            317         150.458
            318         150.458
            319         150.458
            320         150.458
            321         150.458
            322         150.458
            323         150.458
            324         150.458
            325         150.458
            326         150.458
            327         150.458
            328         150.458
            329         150.458
            330         151.435
            331         151.435
            332         151.435
            333         151.435
            334         151.435
            335         151.435
            336         151.435
            337         151.435
            338         151.435
            339         151.435
            340         150.458
            341         150.458
            342         150.458
            343         150.458
            344         150.458
            345         150.458
            346         150.458
            347         150.458
            348         150.458
            349         150.458
            350         150.458
            351         150.458
            352         150.458
            353         150.458
            354         150.458
            355         150.458
            356         150.458
            357         150.458
            358         150.458
            359         150.458
            360         150.458
            361         150.458
            362         150.458
            363         150.458
            364         150.458
            365         150.458
            366         150.458
            367         150.458
            368         150.458
            369         150.458
            370         150.458
            371         150.458
            372         150.458
            373         150.458
            374         150.458
            375         150.458
            376         150.458
            377         150.458
            378         150.458
            379         150.458
            380         150.458
            381         150.458
            382         150.458
            383         150.458
            384         150.458
            385         150.458
            386         150.458
            387         150.458
            388         150.458
            389         150.458
            390         150.458
            391         150.458
            392         150.458
            393         150.458
            394         150.458
            395         150.458
            396         150.458
            397         150.458
            398         150.458
            399         150.458
            400         150.458
            401         150.458
            402         150.458
            403         150.458
            404         150.458
            405         150.458
            406         150.458
            407         150.458
            408         150.458
            409         150.458
            410         150.458
            411         150.458
            412         150.458
            413         150.458
            414         150.458
            415         150.458
            416         150.458
            417         150.458
            418         150.458
            419         150.458
            420         150.458
            421         150.458
            422         150.458
            423         150.458
            424         150.458
            425         150.458
            426         150.458
            427         150.458
            428         150.458
            429         150.458
            430         150.458
            431         150.458
            432         150.458
            433         150.458
            434         151.435
            435         151.435
            436         151.435
            437         151.435
            438         151.435
            439         151.435
            440         151.435
            441         151.435
            442         151.435
            443         151.435
            444         151.435
            445         151.435
            446         151.435
            447         151.435
            448         150.458
            449         150.458
            450         150.458
            451         150.458
            452         150.458
            453         150.458
            454         150.458
            455         150.458
            456         150.458
            457         150.458
            458         150.458
            459         150.458
            460         150.458
            461         150.458
            462         150.458
            463         150.458
            464         150.458
            465         150.458
            466         150.458
            467         150.458
            468         150.458
            469         150.458
            470         150.458
            471         149.481
            472         149.481
            473         149.481
            474         149.481
            475         149.481
            476         149.481
            477         149.481
            478         150.458
            479         150.458
            480         150.458
            481         150.458
            482         150.458
            483         150.458
            484         150.458
            485         150.458
            486         150.458
            487         150.458
            488         150.458
            489         150.458
            490         150.458
            491         150.458
            492         150.458
            493         150.458
            494         150.458
            495         150.458
            496         150.458
            497         150.458
            498         150.458
            499         150.458
            500         150.458
            501         150.458
            502         149.481
            503         149.481
            504         149.481
            505         149.481
            506         149.481
            507         149.481
            508         149.481
            509         149.481
            510         150.458
            511         150.458
            512         150.458
            513         150.458
            514         150.458
            515         150.458
            516         150.458
            517         150.458
            518         150.458
            519         150.458
            520         150.458
            521         150.458
            522         150.458
            523         150.458
            524         150.458
            525         150.458
            526         150.458
            527         150.458
            528         150.458
            529         150.458
            530         150.458
            531         150.458
            532         150.458
            533         150.458
            534         150.458
            535         150.458
            536         150.458
            537         150.458
            538         150.458
            539         150.458
            540         150.458
            541         150.458
            542         150.458
            543         150.458
            544         150.458
            545         150.458
            546         149.481
            547         149.481
            548         149.481
            549         149.481
            550         149.481
            551         149.481
            552         149.481
            553         149.481
            554         149.481
            555         149.481
            556         149.481
            557         149.481
            558         149.481
            559         149.481
            560         148.504
            561         148.504
            562         148.504
            563         148.504
            564         148.504
            565         148.504
            566         148.504
            567         148.504
            568         148.504
            569         148.504
            570         148.504
            571         148.504
            572         148.504
            573         148.504
            574         148.504
            575         148.504
            576         148.504
            577         148.504
            578         148.504
            579         148.504
            580         148.504
            581         148.504
            582         148.504
            583         148.504
            584         148.504
            585         148.504
            586         148.504
            587         148.504
            588         148.504
            589         148.504
            590         148.504
            591         148.504
            592         148.504
            593         148.504
            594         148.504
            595         148.504
            596         148.504
            597         148.504
