TRACENO
              3         193.446
              4         193.446
              5         193.446
              6         193.446
              7         193.446
              8         193.446
              9         193.446
             10         193.446
             11         193.446
             12         193.446
             13         193.446
             14         193.446
             15         193.446
             16         194.423
             17         194.423
             18         194.423
             19         194.423
             20         194.423
             21         194.423
             22         194.423
             23         194.423
             24         194.423
             25         194.423
             26         194.423
             27         194.423
             28         194.423
             29         194.423
             30         194.423
             31         194.423
             32         194.423
             33         194.423
             34         194.423
             35         194.423
             36         194.423
             37         194.423
             38         194.423
             39         194.423
             40         194.423
             41         194.423
             42         194.423
             43         194.423
             44         194.423
             45         194.423
             46         194.423
             47         194.423
             48         194.423
             49         194.423
             50         194.423
             51         194.423
             52         194.423
             53         194.423
             54         194.423
             55         194.423
             56         194.423
             57         194.423
             58         194.423
             59         194.423
             60         194.423
             61         194.423
             62         194.423
             63         194.423
             64         194.423
             65         194.423
             66         194.423
             67         194.423
             68         194.423
             69         194.423
             70         194.423
             71         194.423
             72         195.400
             73         195.400
             74         195.400
             75         195.400
             76         195.400
             77         195.400
             78         195.400
             79         195.400
             80         195.400
             81         195.400
             82         195.400
             83         195.400
             84         195.400
             85         195.400
             86         195.400
             87         195.400
             88         195.400
             89         195.400
             90         195.400
             91         195.400
             92         196.377
             93         196.377
             94         196.377
             95         196.377
             96         196.377
             97         196.377
             98         196.377
             99         196.377
            100         196.377
            101         196.377
            102         196.377
            103         196.377
            104         196.377
            105         195.400
            106         195.400
            107         195.400
            108         195.400
            109         195.400
            110         195.400
            111         195.400
            112         195.400
            113         195.400
            114         195.400
            115         196.377
            116         196.377
            117         196.377
            118         196.377
            119         196.377
            120         196.377
            121         196.377
            122         196.377
            123         196.377
            124         196.377
            125         196.377
            126         196.377
            127         197.354
            128         197.354
            129         197.354
            130         197.354
            131         197.354
            132         197.354
            133         197.354
            134         197.354
            135         197.354
            136         197.354
            137         197.354
            138         197.354
            139         197.354
            140         197.354
            141         197.354
            142         197.354
            143         197.354
            144         197.354
            145         197.354
            146         197.354
            147         197.354
            148         197.354
            149         198.331
            150         198.331
            151         198.331
            152         198.331
            153         197.354
            154         197.354
            155         197.354
            156         197.354
            157         197.354
            158         197.354
            159         196.377
            160         196.377
            161         196.377
            162         196.377
            163         196.377
            164         196.377
            165         196.377
            166         196.377
            167         196.377
            168         196.377
            169         196.377
            170         196.377
            171         196.377
            172         196.377
            173         196.377
            174         196.377
            175         196.377
            176         196.377
            177         196.377
            178         196.377
            179         196.377
            180         196.377
            181         196.377
            182         196.377
            183         196.377
            184         196.377
            185         196.377
            186         196.377
            187         196.377
            188         196.377
            189         196.377
            190         196.377
            191         196.377
            192         196.377
            193         196.377
            194         196.377
            195         196.377
            196         196.377
            197         196.377
            198         196.377
            199         196.377
            200         196.377
            201         196.377
            202         195.400
            203         195.400
            204         195.400
            205         195.400
            206         195.400
            207         195.400
            208         195.400
            209         195.400
            210         195.400
            211         194.423
            212         194.423
            213         194.423
            214         194.423
            215         194.423
            216         194.423
            217         194.423
            218         194.423
            219         194.423
            220         194.423
            221         194.423
            222         194.423
            223         194.423
            224         194.423
            225         194.423
            226         194.423
            227         194.423
            228         194.423
            229         194.423
            230         194.423
            231         194.423
            232         194.423
            233         194.423
            234         194.423
            235         194.423
            236         194.423
            237         194.423
            238         194.423
            239         194.423
            240         194.423
            241         194.423
            242         194.423
            243         194.423
            244         194.423
            245         194.423
            246         194.423
            247         194.423
            248         194.423
            249         194.423
            250         194.423
            251         194.423
            252         194.423
            253         194.423
            254         194.423
            255         194.423
            256         194.423
            257         194.423
            258         194.423
            259         194.423
            260         194.423
            261         194.423
            262         194.423
            263         194.423
            264         194.423
            265         194.423
            266         194.423
            267         194.423
            268         194.423
            269         194.423
            270         194.423
            271         194.423
            272         194.423
            273         194.423
            274         194.423
            275         194.423
            276         194.423
            277         194.423
            278         194.423
            279         194.423
            280         194.423
            281         194.423
            282         194.423
            283         194.423
            284         194.423
            285         194.423
            286         194.423
            287         194.423
            288         194.423
            289         194.423
            290         194.423
            291         194.423
            292         194.423
            293         194.423
            294         194.423
            295         194.423
            296         194.423
            297         194.423
            298         194.423
            299         194.423
            300         194.423
            301         194.423
            302         194.423
            303         194.423
            304         194.423
            305         194.423
            306         194.423
            307         194.423
            308         194.423
            309         194.423
            310         194.423
            311         194.423
            312         194.423
            313         194.423
            314         194.423
            315         194.423
            316         194.423
            317         194.423
            318         194.423
            319         194.423
            320         194.423
            321         194.423
            322         194.423
            323         194.423
            324         194.423
            325         194.423
            326         194.423
            327         194.423
            328         194.423
            329         194.423
            330         194.423
            331         194.423
            332         194.423
            333         194.423
            334         193.446
            335         193.446
            336         193.446
            337         193.446
            338         193.446
            339         193.446
            340         193.446
            341         193.446
            342         193.446
            343         193.446
            344         193.446
            345         193.446
            346         193.446
            347         193.446
            348         193.446
            349         193.446
            350         193.446
            351         193.446
            352         192.469
            353         192.469
            354         192.469
            355         192.469
            356         192.469
            357         192.469
            358         192.469
            359         192.469
            360         192.469
            361         192.469
            362         192.469
            363         192.469
            364         192.469
            365         192.469
            366         191.492
            367         191.492
            368         191.492
            369         191.492
            370         191.492
            371         191.492
            372         191.492
            373         191.492
            374         191.492
            375         191.492
            376         191.492
            377         191.492
            378         191.492
            379         191.492
            380         191.492
            381         191.492
            382         191.492
            383         191.492
            384         191.492
            385         191.492
            386         191.492
            387         191.492
            388         191.492
            389         191.492
            390         191.492
            391         191.492
            392         191.492
            393         191.492
            394         191.492
            395         191.492
            396         191.492
            397         191.492
            398         191.492
            399         191.492
            400         191.492
            401         191.492
            402         190.515
            403         190.515
            404         190.515
            405         190.515
            406         190.515
            407         190.515
            408         190.515
            409         190.515
            410         190.515
            411         190.515
            412         190.515
            413         190.515
            414         190.515
            415         190.515
            416         190.515
            417         190.515
            418         190.515
            419         190.515
            420         190.515
            421         190.515
            422         190.515
            423         190.515
            424         190.515
            425         190.515
            426         190.515
            427         190.515
            428         190.515
            429         190.515
            430         190.515
            431         190.515
            432         190.515
            433         190.515
            434         190.515
            435         190.515
            436         190.515
            437         190.515
            438         190.515
            439         190.515
            440         190.515
            441         190.515
            442         190.515
            443         190.515
            444         190.515
            445         190.515
            446         190.515
            447         190.515
            448         190.515
            449         190.515
            450         190.515
            451         190.515
            452         190.515
            453         190.515
            454         190.515
            455         190.515
            456         190.515
            457         190.515
            458         190.515
            459         190.515
            460         190.515
            461         190.515
            462         190.515
            463         190.515
            464         190.515
            465         190.515
            466         190.515
            467         190.515
            468         190.515
            469         190.515
            470         190.515
            471         190.515
            472         190.515
            473         190.515
            474         190.515
            475         190.515
            476         190.515
            477         190.515
            478         190.515
            479         190.515
            480         190.515
            481         190.515
            482         190.515
            483         190.515
            484         190.515
            485         190.515
            486         190.515
            487         190.515
            488         190.515
            489         190.515
            490         190.515
            491         190.515
            492         190.515
            493         190.515
            494         190.515
            495         190.515
            496         189.538
            497         189.538
            498         189.538
            499         189.538
            500         189.538
            501         189.538
            502         189.538
            503         189.538
            504         189.538
            505         189.538
            506         189.538
            507         189.538
            508         189.538
            509         189.538
            510         189.538
            511         189.538
            512         189.538
            513         189.538
            514         189.538
            515         189.538
            516         189.538
            517         189.538
            518         189.538
            557         189.538
            558         189.538
            559         189.538
            560         189.538
            561         189.538
            562         189.538
            563         189.538
            564         189.538
            565         189.538
            566         189.538
            567         189.538
            568         189.538
            569         189.538
            570         189.538
            571         189.538
            572         189.538
            573         189.538
            574         189.538
            575         189.538
            576         189.538
            577         189.538
            578         189.538
            579         189.538
            580         189.538
            581         189.538
            582         189.538
            583         189.538
            584         189.538
            585         189.538
            586         189.538
            587         189.538
            588         189.538
            589         189.538
            590         189.538
            591         189.538
            592         189.538
            593         189.538
            594         189.538
            595         189.538
            596         189.538
            597         189.538
            598         189.538
            599         189.538
            600         189.538
            601         189.538
            602         189.538
            603         189.538
            604         189.538
            605         189.538
            606         189.538
            607         189.538
            608         189.538
            609         189.538
            610         189.538
            611         189.538
            612         189.538
            613         189.538
            614         189.538
            615         189.538
            616         189.538
            617         189.538
            618         189.538
            619         189.538
            620         189.538
            621         189.538
            622         189.538
            623         189.538
            624         189.538
            625         189.538
            626         189.538
            627         189.538
            628         189.538
            629         189.538
            630         189.538
            631         189.538
            632         189.538
            633         189.538
            634         188.561
            635         188.561
            636         188.561
            637         188.561
            638         188.561
            639         188.561
            640         188.561
            641         188.561
            642         188.561
            643         188.561
            644         188.561
            645         188.561
            646         188.561
            647         188.561
            648         188.561
            649         188.561
            650         188.561
            651         188.561
            652         188.561
            653         188.561
            654         188.561
            655         188.561
            656         188.561
            657         188.561
            658         188.561
            659         188.561
            660         188.561
            661         188.561
            662         188.561
            663         188.561
            664         188.561
            665         188.561
            666         188.561
            667         188.561
            668         188.561
            669         188.561
            670         188.561
            671         188.561
            672         188.561
            673         188.561
            674         188.561
            675         188.561
            676         188.561
            677         188.561
            678         187.584
            679         187.584
            680         187.584
            681         187.584
            682         187.584
            683         187.584
            684         187.584
            685         187.584
            686         187.584
            687         187.584
            688         187.584
            689         187.584
            690         187.584
            691         187.584
            692         187.584
            693         187.584
            694         187.584
            695         187.584
            696         187.584
            697         187.584
            698         187.584
            699         187.584
            700         187.584
            701         187.584
            702         187.584
            703         187.584
            704         187.584
            705         187.584
            706         187.584
            707         187.584
            708         186.607
            709         186.607
            710         186.607
            711         186.607
            712         186.607
            713         186.607
            714         186.607
            715         186.607
            716         186.607
            717         186.607
            718         186.607
            719         186.607
            720         186.607
            721         186.607
            722         186.607
            723         186.607
            724         186.607
            725         186.607
            726         186.607
            727         186.607
            728         186.607
            729         186.607
            730         186.607
            731         186.607
            732         185.630
            733         185.630
            734         185.630
            735         185.630
            736         185.630
            737         185.630
            738         185.630
            739         185.630
            740         185.630
            741         185.630
            742         185.630
            743         185.630
            744         185.630
            745         185.630
            746         185.630
            747         185.630
            748         185.630
            749         185.630
            750         185.630
            751         185.630
            752         185.630
            753         185.630
            754         185.630
            755         185.630
            756         184.653
            757         184.653
            758         184.653
            759         184.653
            760         184.653
            761         184.653
            762         184.653
            763         184.653
            764         184.653
            765         184.653
            766         184.653
            767         184.653
            768         184.653
            769         184.653
            770         184.653
            771         184.653
            772         184.653
            773         184.653
            774         184.653
            775         184.653
            776         184.653
            777         184.653
            778         184.653
            779         184.653
            780         184.653
            781         183.676
            782         183.676
            783         183.676
            784         183.676
            785         183.676
            786         183.676
            787         183.676
            788         183.676
            789         183.676
            790         183.676
            791         183.676
            792         183.676
            793         183.676
            794         183.676
            795         183.676
            796         183.676
            797         183.676
            798         183.676
            799         183.676
            800         183.676
            801         183.676
            802         183.676
            803         183.676
            804         183.676
            805         183.676
            806         183.676
            807         183.676
            808         183.676
            809         183.676
            810         183.676
            811         183.676
            812         182.699
            813         182.699
            814         182.699
            815         182.699
            816         182.699
            817         182.699
            818         182.699
            819         182.699
            820         182.699
            821         182.699
            822         182.699
            823         182.699
            824         182.699
            825         182.699
            826         182.699
            827         182.699
            828         182.699
            829         182.699
            830         182.699
            831         182.699
            832         182.699
            833         182.699
            834         182.699
            835         182.699
            836         182.699
            837         182.699
            838         182.699
            839         182.699
            840         182.699
            841         182.699
            842         182.699
            843         182.699
            844         182.699
            845         182.699
            846         182.699
            847         183.676
            848         183.676
            849         183.676
            850         183.676
            851         183.676
            852         183.676
            853         183.676
            854         183.676
            855         183.676
            856         183.676
            857         183.676
            858         183.676
            859         183.676
            860         183.676
            861         183.676
            862         183.676
            863         183.676
            864         183.676
            865         183.676
            866         183.676
            867         183.676
            868         183.676
            869         183.676
            870         183.676
            871         183.676
            872         183.676
            873         183.676
            874         183.676
            875         183.676
            876         183.676
            877         183.676
            878         183.676
            879         183.676
            880         183.676
            881         183.676
            882         183.676
            883         183.676
            884         184.653
            885         184.653
            886         184.653
            887         184.653
            888         184.653
            889         184.653
            890         184.653
            891         184.653
            892         184.653
            893         184.653
            894         184.653
            895         184.653
            896         184.653
            897         184.653
            898         184.653
            899         184.653
            900         184.653
            901         184.653
            902         184.653
            903         185.630
            904         185.630
            905         185.630
            906         185.630
            907         185.630
            908         185.630
            909         185.630
            910         185.630
            911         185.630
            912         185.630
            913         185.630
            914         185.630
            915         185.630
            916         185.630
            917         185.630
            918         185.630
            919         185.630
            920         185.630
            921         186.607
            922         186.607
            923         186.607
            924         186.607
            925         186.607
            926         186.607
            927         186.607
            928         186.607
            929         186.607
            930         186.607
            931         186.607
            932         186.607
            933         186.607
            934         186.607
            935         186.607
            936         186.607
            937         186.607
            938         186.607
            939         186.607
            940         186.607
            941         186.607
            942         186.607
            943         186.607
            944         186.607
            945         186.607
            946         186.607
            947         186.607
            948         186.607
            949         186.607
            950         186.607
            951         186.607
            952         186.607
            953         186.607
            954         186.607
            955         186.607
            956         186.607
            957         186.607
            958         186.607
            959         186.607
            960         186.607
            961         186.607
            962         186.607
            963         186.607
            964         186.607
            965         186.607
            966         186.607
            967         186.607
            968         186.607
            969         186.607
            970         186.607
            971         186.607
            972         186.607
            973         186.607
            974         186.607
            975         186.607
            976         186.607
            977         186.607
            978         186.607
            979         186.607
            980         186.607
            981         186.607
            982         186.607
            983         186.607
            984         186.607
            985         186.607
            986         186.607
            987         186.607
            988         186.607
            989         186.607
            990         186.607
            991         186.607
            992         186.607
            993         186.607
            994         186.607
            995         186.607
            996         186.607
            997         186.607
            998         186.607
            999         186.607
           1000         186.607
           1001         186.607
           1002         186.607
           1003         186.607
           1004         186.607
           1005         186.607
           1006         186.607
           1007         186.607
           1008         186.607
           1009         186.607
           1010         186.607
           1011         186.607
           1012         186.607
           1013         186.607
           1014         186.607
           1015         186.607
           1016         186.607
           1017         186.607
           1018         186.607
           1019         186.607
           1020         186.607
           1021         186.607
           1022         186.607
           1023         186.607
           1024         186.607
           1025         186.607
           1026         186.607
           1027         186.607
           1028         186.607
           1029         186.607
           1030         186.607
           1031         186.607
           1032         186.607
           1033         186.607
           1034         186.607
           1035         186.607
           1036         186.607
           1037         186.607
           1038         186.607
           1039         186.607
           1040         186.607
           1041         186.607
           1042         186.607
           1043         186.607
           1044         186.607
           1045         186.607
           1046         186.607
           1047         186.607
           1048         186.607
           1049         186.607
           1050         186.607
           1051         186.607
           1052         186.607
           1053         186.607
           1054         186.607
           1055         186.607
           1056         186.607
           1057         186.607
           1058         186.607
           1059         186.607
           1060         186.607
           1061         186.607
           1062         186.607
           1063         186.607
           1064         186.607
           1065         186.607
           1066         186.607
           1067         186.607
           1068         186.607
           1069         186.607
           1070         186.607
           1071         186.607
           1072         186.607
           1073         186.607
           1074         186.607
           1075         186.607
           1076         186.607
           1077         186.607
           1078         186.607
           1079         186.607
           1080         186.607
           1081         186.607
           1082         186.607
           1083         186.607
           1084         186.607
           1085         186.607
           1086         186.607
           1087         186.607
           1088         186.607
           1089         186.607
           1090         186.607
           1091         186.607
           1092         186.607
           1093         187.584
           1094         187.584
           1095         187.584
           1096         187.584
           1097         187.584
           1098         187.584
           1099         187.584
           1100         187.584
           1101         187.584
           1102         187.584
           1103         187.584
           1104         187.584
           1105         187.584
           1106         187.584
           1107         187.584
           1108         187.584
           1109         187.584
           1110         187.584
           1111         187.584
           1112         187.584
           1113         187.584
           1114         187.584
           1115         187.584
           1116         187.584
           1117         187.584
           1118         187.584
           1119         187.584
           1120         187.584
           1121         187.584
           1122         187.584
           1123         187.584
           1124         187.584
           1125         187.584
           1126         188.561
           1127         188.561
           1128         188.561
           1129         188.561
           1130         188.561
           1131         188.561
           1132         188.561
           1133         188.561
           1134         188.561
           1135         188.561
           1136         188.561
           1137         188.561
           1138         188.561
           1139         188.561
           1140         188.561
           1141         188.561
           1142         188.561
           1143         188.561
           1144         188.561
           1145         188.561
           1146         188.561
           1147         188.561
           1148         188.561
           1149         188.561
           1150         188.561
           1151         188.561
           1152         188.561
           1153         188.561
           1154         188.561
           1155         188.561
           1156         188.561
           1157         188.561
           1158         189.538
           1159         189.538
           1160         189.538
           1161         189.538
           1162         189.538
           1163         189.538
           1164         189.538
           1165         189.538
           1166         189.538
           1167         189.538
           1168         189.538
           1169         189.538
           1170         189.538
           1171         189.538
           1172         189.538
           1173         189.538
           1174         189.538
           1175         189.538
           1176         189.538
           1177         189.538
           1178         189.538
           1179         189.538
           1180         189.538
           1181         189.538
           1182         189.538
           1183         189.538
           1184         189.538
           1185         189.538
           1186         189.538
           1187         189.538
           1188         189.538
           1189         189.538
           1190         190.515
           1191         190.515
           1192         190.515
           1193         190.515
           1194         190.515
           1195         190.515
           1196         190.515
           1197         190.515
           1198         190.515
           1199         190.515
           1200         190.515
           1201         190.515
           1202         190.515
           1203         190.515
           1204         190.515
           1205         190.515
           1206         190.515
           1207         190.515
           1208         190.515
           1209         190.515
           1210         190.515
           1211         190.515
           1212         190.515
           1213         190.515
           1214         190.515
           1215         190.515
           1216         190.515
           1217         190.515
           1218         190.515
           1219         190.515
           1220         190.515
           1221         190.515
           1222         190.515
           1223         190.515
           1224         190.515
           1225         190.515
           1226         190.515
           1227         190.515
           1228         190.515
           1229         190.515
           1230         190.515
           1231         190.515
           1232         190.515
           1233         190.515
           1234         190.515
           1235         190.515
           1236         190.515
           1237         190.515
           1238         190.515
           1239         190.515
           1240         190.515
           1241         190.515
           1242         190.515
           1243         190.515
           1244         190.515
           1245         190.515
           1246         190.515
           1247         190.515
           1248         190.515
           1249         190.515
           1250         190.515
           1251         190.515
           1252         190.515
           1253         190.515
           1254         190.515
           1255         190.515
           1256         190.515
           1257         190.515
           1258         190.515
           1259         190.515
           1260         190.515
           1261         190.515
           1262         190.515
           1263         190.515
           1264         190.515
           1265         190.515
           1266         190.515
           1267         190.515
           1268         190.515
           1269         190.515
           1270         190.515
           1271         190.515
           1272         190.515
           1273         191.492
           1274         191.492
           1275         191.492
           1276         191.492
           1277         191.492
           1278         191.492
           1279         191.492
           1280         191.492
           1281         191.492
           1282         191.492
           1283         191.492
           1284         191.492
           1285         191.492
           1286         191.492
           1287         191.492
           1288         191.492
           1289         191.492
           1290         191.492
           1291         191.492
           1292         191.492
           1293         191.492
           1294         191.492
           1295         191.492
           1296         191.492
           1297         191.492
           1298         191.492
           1299         191.492
           1300         191.492
           1301         191.492
           1302         191.492
           1303         192.469
           1304         192.469
           1305         192.469
           1306         192.469
           1307         192.469
           1308         192.469
           1309         192.469
           1310         192.469
           1311         192.469
           1312         192.469
           1313         192.469
           1314         192.469
           1315         192.469
           1316         192.469
           1317         193.446
           1318         193.446
           1319         193.446
           1320         193.446
           1321         193.446
           1322         193.446
           1323         193.446
           1324         193.446
           1325         193.446
           1326         193.446
           1327         194.423
           1328         194.423
           1329         194.423
           1330         194.423
           1331         194.423
           1332         194.423
           1333         194.423
           1334         194.423
           1335         194.423
           1336         194.423
           1337         195.400
           1338         195.400
           1339         195.400
           1340         195.400
           1341         195.400
           1342         195.400
           1343         195.400
           1344         195.400
           1345         195.400
           1346         196.377
           1347         196.377
           1348         196.377
           1349         196.377
           1350         196.377
           1351         196.377
           1352         196.377
           1353         196.377
           1354         197.354
           1355         197.354
           1356         197.354
           1357         197.354
           1358         197.354
           1359         197.354
           1360         197.354
           1361         197.354
           1362         197.354
           1363         197.354
           1364         197.354
           1365         197.354
           1366         198.331
           1367         198.331
           1368         198.331
           1369         198.331
           1370         198.331
           1371         198.331
           1372         198.331
           1373         198.331
           1374         198.331
           1375         198.331
           1376         198.331
           1377         198.331
           1378         198.331
           1379         199.308
           1380         199.308
           1381         199.308
           1382         199.308
           1383         199.308
           1384         199.308
           1385         199.308
           1386         199.308
           1387         199.308
           1388         199.308
           1389         199.308
           1390         199.308
           1391         200.285
           1392         200.285
           1393         200.285
           1394         200.285
           1395         200.285
           1396         200.285
           1397         200.285
           1398         200.285
           1399         200.285
           1400         200.285
           1401         200.285
           1402         201.262
           1403         201.262
           1404         201.262
           1405         201.262
           1406         201.262
           1407         201.262
           1408         201.262
           1409         201.262
           1410         201.262
           1411         201.262
           1412         201.262
           1413         202.239
           1414         202.239
           1415         202.239
           1416         202.239
           1417         202.239
           1418         202.239
           1419         202.239
           1420         202.239
           1421         202.239
           1422         202.239
           1423         202.239
           1424         203.216
           1425         203.216
           1426         203.216
           1427         203.216
           1428         203.216
           1429         203.216
           1430         203.216
           1431         203.216
           1432         203.216
           1433         203.216
           1434         203.216
           1435         204.193
           1436         204.193
           1437         204.193
           1438         204.193
           1439         204.193
           1440         204.193
           1441         204.193
           1442         204.193
           1443         204.193
           1444         204.193
           1445         204.193
           1446         205.170
           1447         205.170
           1448         205.170
           1449         205.170
           1450         205.170
           1451         205.170
           1452         205.170
           1453         205.170
           1454         205.170
           1455         205.170
           1456         205.170
           1457         205.170
           1458         205.170
           1459         205.170
           1460         205.170
           1461         205.170
           1462         205.170
           1463         205.170
           1464         205.170
           1465         205.170
           1466         206.147
           1467         206.147
           1468         206.147
           1469         206.147
           1470         206.147
           1471         206.147
           1472         206.147
           1473         206.147
           1474         206.147
           1475         206.147
           1476         206.147
           1477         206.147
           1478         206.147
           1479         206.147
           1480         206.147
           1481         206.147
           1482         206.147
           1483         206.147
           1484         206.147
           1485         206.147
           1486         206.147
           1487         206.147
           1488         206.147
           1489         206.147
           1490         206.147
           1491         206.147
           1492         206.147
           1493         206.147
           1494         206.147
           1495         206.147
           1496         206.147
           1497         206.147
           1498         206.147
           1499         206.147
           1500         206.147
           1501         206.147
           1502         206.147
           1503         206.147
           1504         206.147
           1505         206.147
           1506         206.147
           1507         206.147
           1508         206.147
           1509         206.147
           1510         206.147
           1511         206.147
           1512         206.147
           1513         206.147
           1514         206.147
           1515         206.147
           1516         206.147
           1517         206.147
           1518         206.147
           1519         206.147
           1520         206.147
           1521         206.147
           1522         206.147
           1523         206.147
           1524         206.147
           1525         206.147
           1526         207.124
           1527         207.124
           1528         207.124
           1529         207.124
           1530         207.124
           1531         207.124
           1532         207.124
           1533         207.124
           1534         207.124
           1535         207.124
           1536         207.124
           1537         207.124
           1538         207.124
           1539         207.124
           1540         207.124
           1541         207.124
           1542         207.124
           1543         207.124
           1544         207.124
           1545         207.124
           1546         207.124
           1547         208.101
           1548         208.101
           1549         208.101
           1550         208.101
           1551         208.101
           1552         208.101
           1553         208.101
           1554         208.101
           1555         208.101
           1556         208.101
           1557         208.101
           1558         208.101
           1559         208.101
           1560         208.101
           1561         208.101
           1562         209.078
           1563         209.078
           1564         209.078
           1565         209.078
           1566         209.078
           1567         209.078
           1568         209.078
           1569         209.078
           1570         209.078
           1571         209.078
           1572         209.078
           1573         209.078
           1574         209.078
           1575         209.078
           1576         209.078
           1577         210.055
           1578         210.055
           1579         210.055
           1580         210.055
           1581         210.055
           1582         210.055
           1583         210.055
           1584         210.055
           1585         210.055
           1586         210.055
           1587         210.055
           1588         210.055
           1589         210.055
           1590         210.055
           1591         210.055
           1592         211.032
           1593         211.032
           1594         211.032
           1595         211.032
           1596         211.032
           1597         211.032
           1598         211.032
           1599         211.032
           1600         211.032
           1601         211.032
           1602         211.032
           1603         211.032
           1604         211.032
           1605         211.032
           1606         211.032
           1607         211.032
           1608         211.032
           1609         211.032
           1610         211.032
           1611         211.032
           1612         211.032
           1613         211.032
           1614         212.009
           1615         212.009
           1616         212.009
           1617         212.009
           1618         212.009
           1619         212.009
           1620         212.009
           1621         212.009
           1622         212.009
           1623         212.009
           1624         212.009
           1625         212.009
           1626         212.009
           1627         212.009
           1628         212.009
           1629         212.009
           1630         212.009
           1631         212.009
           1632         212.986
           1633         212.986
           1634         212.986
           1635         212.986
           1636         212.986
           1637         212.986
           1638         212.986
           1639         212.986
           1640         212.986
           1641         212.986
           1642         212.986
           1643         212.986
           1644         212.986
           1645         212.986
           1646         212.986
           1647         212.986
           1648         212.986
           1649         213.963
           1650         213.963
           1651         213.963
           1652         213.963
           1653         213.963
           1654         213.963
           1655         213.963
           1656         213.963
           1657         213.963
           1658         213.963
           1659         213.963
           1660         213.963
           1661         213.963
           1662         213.963
           1663         213.963
           1664         213.963
           1665         213.963
           1666         213.963
           1667         213.963
           1668         213.963
           1669         213.963
           1670         213.963
           1671         213.963
           1672         213.963
           1673         213.963
           1674         213.963
           1675         213.963
           1676         213.963
           1677         213.963
           1678         213.963
           1679         213.963
           1680         213.963
           1681         213.963
           1682         213.963
           1683         213.963
           1684         213.963
           1685         213.963
           1686         213.963
           1687         213.963
           1688         213.963
           1689         213.963
           1690         213.963
           1691         213.963
           1692         213.963
           1693         213.963
           1694         213.963
           1695         213.963
           1696         213.963
           1697         213.963
           1698         213.963
           1699         213.963
           1700         214.940
           1701         214.940
           1702         214.940
           1703         214.940
           1704         214.940
           1705         214.940
           1706         214.940
           1707         214.940
           1708         214.940
           1709         214.940
           1710         214.940
           1711         214.940
           1712         214.940
           1713         214.940
           1714         214.940
           1715         214.940
           1716         214.940
           1717         214.940
           1718         215.917
           1719         215.917
           1720         215.917
           1721         215.917
           1722         215.917
           1723         215.917
           1724         215.917
           1725         215.917
           1726         215.917
           1727         215.917
           1728         215.917
           1729         215.917
           1730         216.894
           1731         216.894
           1732         216.894
           1733         216.894
           1734         216.894
           1735         216.894
           1736         216.894
           1737         216.894
           1738         216.894
           1739         216.894
           1740         216.894
           1741         216.894
           1742         216.894
           1743         217.871
           1744         217.871
           1745         217.871
           1746         217.871
           1747         217.871
           1748         217.871
           1749         217.871
           1750         217.871
           1751         217.871
           1752         217.871
           1753         217.871
           1754         217.871
           1755         217.871
           1756         217.871
           1757         217.871
           1758         217.871
           1759         217.871
           1760         217.871
           1761         217.871
           1762         217.871
           1763         217.871
           1764         218.848
           1765         218.848
           1766         218.848
           1767         218.848
           1768         218.848
           1769         218.848
           1770         218.848
           1771         218.848
           1772         218.848
           1773         218.848
           1774         218.848
           1775         218.848
           1776         218.848
           1777         218.848
           1778         218.848
           1779         219.825
           1780         219.825
           1781         219.825
           1782         219.825
           1783         219.825
           1784         219.825
           1785         219.825
           1786         219.825
           1787         219.825
           1788         219.825
           1789         219.825
           1790         219.825
           1791         220.802
           1792         220.802
           1793         220.802
           1794         220.802
           1795         220.802
           1796         220.802
           1797         220.802
           1798         220.802
           1799         220.802
           1800         220.802
           1801         221.779
           1802         221.779
           1803         221.779
           1804         221.779
           1805         221.779
           1806         221.779
           1807         221.779
           1808         221.779
           1809         222.756
           1810         222.756
           1811         222.756
           1812         222.756
           1813         222.756
           1814         222.756
           1815         222.756
           1816         223.733
           1817         223.733
           1818         223.733
           1819         223.733
           1820         223.733
           1821         223.733
           1822         223.733
           1823         223.733
           1824         224.710
           1825         224.710
           1826         224.710
           1827         224.710
           1828         224.710
           1829         224.710
           1830         224.710
           1831         225.687
           1832         225.687
           1833         225.687
           1834         225.687
           1835         225.687
           1836         225.687
           1837         225.687
           1838         226.664
           1839         226.664
           1840         226.664
           1841         226.664
           1842         226.664
           1843         226.664
           1844         226.664
           1845         226.664
           1846         227.641
           1847         227.641
           1848         227.641
           1849         227.641
           1850         227.641
           1851         227.641
           1852         227.641
           1853         228.618
           1854         228.618
           1855         228.618
           1856         228.618
           1857         228.618
           1858         228.618
           1859         228.618
           1860         228.618
           1861         229.595
           1862         229.595
           1863         229.595
           1864         229.595
           1865         229.595
           1866         229.595
           1867         229.595
           1868         230.572
           1869         230.572
           1870         230.572
           1871         230.572
           1872         230.572
           1873         230.572
           1874         230.572
           1875         230.572
           1876         230.572
           1877         230.572
           1878         230.572
           1879         231.549
           1880         231.549
           1881         231.549
           1882         231.549
           1883         231.549
           1884         231.549
           1885         231.549
           1886         231.549
           1887         231.549
           1888         231.549
           1889         231.549
           1890         232.526
           1891         232.526
           1892         232.526
           1893         232.526
           1894         232.526
           1895         232.526
           1896         232.526
           1897         232.526
           1898         232.526
           1899         232.526
           1900         232.526
           1901         232.526
           1902         233.503
           1903         233.503
           1904         233.503
           1905         233.503
           1906         233.503
           1907         233.503
           1908         233.503
           1909         233.503
           1910         233.503
           1911         233.503
           1912         233.503
           1913         233.503
           1914         233.503
           1915         234.480
           1916         234.480
           1917         234.480
           1918         234.480
           1919         234.480
           1920         234.480
           1921         234.480
           1922         234.480
           1923         234.480
           1924         234.480
           1925         234.480
           1926         234.480
           1927         234.480
           1928         235.457
           1929         235.457
           1930         235.457
           1931         235.457
           1932         235.457
           1933         235.457
           1934         235.457
           1935         235.457
           1936         235.457
           1937         235.457
           1938         235.457
           1939         235.457
           1940         235.457
           1941         235.457
           1942         236.434
           1943         236.434
           1944         236.434
           1945         236.434
           1946         236.434
           1947         236.434
           1948         236.434
           1949         236.434
           1950         236.434
           1951         236.434
           1952         236.434
           1953         236.434
           1954         236.434
           1955         237.411
           1956         237.411
           1957         237.411
           1960         237.411
           1961         237.411
           1962         237.411
           1963         237.411
           1964         237.411
           1965         237.411
           1966         237.411
           1967         237.411
           1968         237.411
           1969         238.388
           1970         238.388
           1971         238.388
           1972         238.388
           1973         238.388
           1974         238.388
           1975         238.388
           1976         238.388
           1977         238.388
           1978         238.388
           1979         238.388
           1980         238.388
           1981         238.388
           1982         238.388
           1983         239.365
           1984         239.365
           1985         239.365
           1986         239.365
           1987         239.365
           1988         239.365
           1989         239.365
           1990         239.365
           1991         239.365
           1992         239.365
           1993         239.365
           1994         239.365
           1995         239.365
           1996         239.365
           1997         239.365
           1998         239.365
           1999         239.365
           2000         239.365
           2001         239.365
           2002         239.365
           2003         240.342
           2004         240.342
           2005         240.342
           2006         240.342
           2007         240.342
           2008         240.342
           2009         240.342
           2010         240.342
           2011         240.342
           2012         240.342
           2013         240.342
           2014         240.342
           2015         240.342
           2016         240.342
           2017         240.342
           2018         240.342
           2019         240.342
           2020         240.342
           2021         240.342
           2022         240.342
           2023         240.342
           2024         241.319
           2025         241.319
           2026         241.319
           2027         241.319
           2028         241.319
           2029         241.319
           2030         241.319
           2031         241.319
           2032         241.319
           2033         241.319
           2034         241.319
           2035         241.319
           2036         241.319
           2037         241.319
           2038         241.319
           2039         241.319
           2040         241.319
           2041         241.319
           2042         241.319
           2043         241.319
           2044         241.319
           2045         241.319
           2046         242.296
           2047         242.296
           2048         242.296
           2049         242.296
           2050         242.296
           2051         242.296
           2052         242.296
           2053         242.296
           2054         242.296
           2055         242.296
           2056         242.296
           2057         242.296
           2058         242.296
           2059         242.296
           2060         242.296
           2061         242.296
           2062         242.296
           2063         242.296
           2064         242.296
           2065         242.296
           2066         242.296
           2067         242.296
           2068         242.296
           2069         242.296
           2070         242.296
           2071         242.296
           2072         242.296
           2073         242.296
           2074         242.296
           2075         242.296
           2076         242.296
           2077         242.296
           2078         242.296
           2079         242.296
           2080         242.296
           2081         242.296
           2082         242.296
           2083         242.296
           2084         242.296
           2085         242.296
           2086         242.296
           2087         242.296
           2088         242.296
           2089         242.296
           2090         242.296
           2091         242.296
           2092         242.296
           2093         242.296
           2094         242.296
           2095         242.296
           2096         242.296
           2097         242.296
           2098         242.296
           2099         242.296
           2100         242.296
           2101         242.296
           2102         242.296
           2103         242.296
           2104         242.296
           2105         242.296
           2106         242.296
           2107         242.296
           2108         242.296
           2109         242.296
           2110         242.296
           2111         242.296
           2112         242.296
           2113         242.296
           2114         242.296
           2115         242.296
           2116         242.296
           2117         242.296
           2118         242.296
           2119         242.296
           2120         242.296
           2121         242.296
           2122         242.296
           2123         242.296
           2124         242.296
           2125         242.296
           2126         242.296
           2127         242.296
           2128         242.296
           2129         242.296
           2130         242.296
           2131         243.273
           2132         243.273
           2133         243.273
           2134         243.273
           2135         243.273
           2136         242.296
           2137         242.296
           2138         242.296
           2139         242.296
           2140         242.296
           2141         242.296
           2142         242.296
           2143         242.296
           2144         242.296
           2145         242.296
           2146         242.296
           2147         242.296
           2148         242.296
           2149         242.296
           2150         242.296
           2151         242.296
           2152         242.296
           2153         242.296
           2154         242.296
           2155         242.296
           2156         242.296
           2157         242.296
           2158         242.296
           2159         242.296
           2160         242.296
           2161         242.296
           2162         242.296
           2163         242.296
           2164         242.296
           2165         241.319
           2166         241.319
           2167         241.319
           2168         241.319
           2169         241.319
           2170         241.319
           2171         241.319
           2172         241.319
           2173         241.319
           2174         241.319
           2175         241.319
           2176         241.319
           2177         241.319
           2178         241.319
           2179         241.319
           2180         241.319
           2181         241.319
           2182         241.319
           2183         241.319
           2184         241.319
           2185         241.319
           2186         241.319
           2187         241.319
           2188         241.319
           2189         241.319
           2190         241.319
           2191         241.319
           2192         241.319
           2193         241.319
           2194         241.319
           2195         241.319
           2196         241.319
           2197         241.319
           2198         241.319
           2199         241.319
           2200         240.342
           2201         240.342
           2202         240.342
           2203         240.342
           2204         240.342
           2205         240.342
           2206         240.342
           2207         240.342
           2208         240.342
           2209         240.342
           2210         240.342
           2211         240.342
           2212         240.342
           2213         240.342
           2214         240.342
           2215         240.342
           2216         240.342
           2217         240.342
           2218         240.342
           2219         240.342
           2220         240.342
           2221         239.365
           2222         239.365
           2223         239.365
           2224         239.365
           2225         239.365
           2226         239.365
           2227         239.365
           2228         239.365
           2229         239.365
           2230         239.365
           2231         239.365
           2232         239.365
           2233         239.365
           2234         239.365
           2235         239.365
           2236         238.388
           2237         238.388
           2238         238.388
           2239         238.388
           2240         238.388
           2241         238.388
           2242         238.388
           2243         238.388
           2244         238.388
           2245         238.388
           2246         238.388
           2247         237.411
           2248         237.411
           2249         237.411
           2250         237.411
           2251         237.411
           2252         237.411
           2253         237.411
           2254         237.411
           2255         237.411
           2256         237.411
           2257         237.411
           2258         237.411
           2259         237.411
           2260         236.434
           2261         236.434
           2262         236.434
           2263         236.434
           2264         236.434
           2265         236.434
           2266         236.434
           2267         236.434
           2268         236.434
           2269         236.434
           2270         236.434
           2271         236.434
           2272         236.434
           2273         236.434
           2274         236.434
           2275         236.434
           2276         236.434
           2277         236.434
           2278         236.434
           2279         236.434
           2280         236.434
           2281         236.434
           2282         236.434
           2283         236.434
           2284         235.457
           2285         235.457
           2286         235.457
           2287         235.457
           2288         235.457
           2289         235.457
           2290         235.457
           2291         235.457
           2292         235.457
           2293         235.457
           2294         235.457
           2295         235.457
           2296         235.457
           2297         235.457
           2298         235.457
           2299         235.457
           2300         235.457
           2301         235.457
           2302         235.457
           2303         235.457
           2304         235.457
           2305         235.457
           2306         235.457
           2307         235.457
           2308         234.480
           2309         234.480
           2310         234.480
           2311         234.480
           2312         234.480
           2313         234.480
           2314         234.480
           2315         234.480
           2316         234.480
           2317         234.480
           2318         234.480
           2319         234.480
           2320         234.480
           2321         234.480
           2322         234.480
           2323         234.480
           2324         234.480
           2325         234.480
           2326         234.480
           2327         234.480
           2328         234.480
           2329         234.480
           2330         234.480
           2331         234.480
           2332         234.480
           2333         234.480
           2334         234.480
           2335         234.480
           2336         234.480
           2337         234.480
           2338         234.480
           2339         234.480
           2340         234.480
           2341         234.480
           2342         234.480
           2343         234.480
           2344         234.480
           2345         234.480
           2346         234.480
           2347         234.480
           2348         233.503
           2349         233.503
           2350         233.503
           2351         233.503
           2352         233.503
           2353         233.503
           2354         233.503
           2355         233.503
           2356         233.503
           2357         233.503
           2358         233.503
           2359         233.503
           2360         233.503
           2361         233.503
           2362         233.503
           2363         233.503
           2364         233.503
           2365         233.503
           2366         233.503
           2367         233.503
           2368         233.503
           2369         233.503
           2370         233.503
           2371         233.503
           2372         233.503
           2373         233.503
           2374         233.503
           2375         233.503
           2376         233.503
           2377         233.503
           2378         233.503
           2379         233.503
           2380         233.503
           2381         233.503
           2382         233.503
           2383         233.503
           2384         233.503
           2385         233.503
           2386         233.503
           2387         233.503
           2388         233.503
           2389         233.503
           2390         233.503
           2391         233.503
           2392         233.503
           2393         233.503
           2394         233.503
           2395         233.503
           2396         233.503
           2397         233.503
           2398         233.503
           2399         233.503
           2400         233.503
           2401         233.503
           2402         233.503
           2403         233.503
           2404         233.503
           2405         232.526
           2406         232.526
           2407         232.526
           2408         232.526
           2409         232.526
           2410         232.526
           2460         232.526
           2461         232.526
           2462         232.526
           2463         232.526
           2464         232.526
           2465         232.526
           2466         232.526
           2467         232.526
           2468         232.526
           2469         232.526
           2470         232.526
           2471         232.526
           2472         232.526
           2473         232.526
           2474         232.526
           2475         232.526
           2476         232.526
           2477         232.526
           2478         232.526
           2479         232.526
           2480         232.526
           2481         232.526
           2482         232.526
           2483         232.526
           2484         232.526
           2485         232.526
           2486         231.549
           2487         231.549
           2488         231.549
           2489         231.549
           2490         231.549
           2491         231.549
           2492         231.549
           2493         231.549
           2494         231.549
           2495         231.549
           2496         231.549
           2497         231.549
           2498         231.549
           2499         231.549
           2500         231.549
           2501         231.549
           2502         231.549
           2503         231.549
           2504         231.549
           2505         231.549
           2506         231.549
           2507         231.549
           2508         231.549
           2509         231.549
           2510         231.549
           2511         231.549
           2512         231.549
           2513         231.549
           2514         231.549
           2515         231.549
           2516         231.549
           2517         231.549
           2518         231.549
           2519         231.549
           2520         231.549
           2521         231.549
           2522         231.549
           2523         231.549
           2524         231.549
           2525         231.549
           2526         231.549
           2527         231.549
           2528         231.549
           2529         231.549
           2530         231.549
           2531         231.549
           2532         231.549
           2533         231.549
           2534         231.549
           2535         231.549
           2536         231.549
           2537         231.549
           2538         231.549
           2539         231.549
           2540         231.549
           2541         231.549
           2542         231.549
           2543         231.549
           2544         231.549
           2545         231.549
           2546         231.549
           2547         231.549
           2548         231.549
           2549         231.549
           2550         231.549
           2551         231.549
           2552         231.549
           2553         230.572
           2554         230.572
           2555         230.572
           2556         230.572
           2557         230.572
           2558         230.572
           2559         230.572
           2560         230.572
           2561         230.572
           2562         230.572
           2563         230.572
           2564         230.572
           2565         231.549
           2566         231.549
           2567         231.549
           2568         230.572
           2569         230.572
           2570         230.572
           2571         230.572
           2572         230.572
           2573         230.572
           2574         230.572
           2575         230.572
           2576         230.572
           2577         230.572
           2578         230.572
           2579         230.572
           2580         230.572
           2581         230.572
           2582         230.572
           2583         230.572
           2584         230.572
           2585         230.572
           2586         230.572
           2587         230.572
           2588         230.572
           2589         230.572
           2590         230.572
           2591         230.572
           2592         230.572
           2593         230.572
           2594         230.572
           2595         230.572
           2596         230.572
           2597         230.572
           2598         230.572
           2599         229.595
           2600         229.595
           2601         229.595
           2602         229.595
           2603         229.595
           2604         229.595
           2605         229.595
           2606         229.595
           2607         229.595
           2608         229.595
           2609         229.595
           2610         229.595
           2611         229.595
           2612         229.595
           2613         229.595
           2614         229.595
           2615         229.595
           2616         229.595
           2617         230.572
           2618         230.572
           2619         230.572
           2620         230.572
           2621         230.572
           2622         230.572
           2623         230.572
           2624         230.572
           2625         231.549
           2626         231.549
           2627         231.549
           2628         231.549
           2629         231.549
           2630         231.549
           2631         231.549
           2632         231.549
           2633         231.549
           2634         231.549
           2635         231.549
           2636         231.549
           2637         231.549
           2638         231.549
           2639         231.549
           2640         231.549
           2641         231.549
           2642         231.549
           2643         231.549
           2644         231.549
           2645         231.549
           2646         231.549
           2647         231.549
           2648         231.549
           2649         231.549
           2650         231.549
           2651         231.549
           2652         231.549
           2653         231.549
           2654         231.549
           2655         231.549
           2656         231.549
           2657         231.549
           2658         231.549
           2659         231.549
           2660         231.549
           2661         231.549
           2662         231.549
           2663         231.549
           2664         231.549
           2665         231.549
           2666         231.549
           2667         231.549
           2668         231.549
           2669         231.549
           2670         231.549
           2671         231.549
           2672         231.549
           2673         231.549
           2674         231.549
           2675         231.549
           2676         231.549
           2677         231.549
           2678         231.549
           2679         231.549
           2680         231.549
           2681         231.549
           2682         231.549
           2683         230.572
           2684         230.572
           2685         230.572
           2686         230.572
           2687         229.595
           2688         229.595
           2689         228.618
           2690         228.618
           2691         228.618
           2692         228.618
           2693         228.618
           2694         228.618
           2695         228.618
           2696         229.595
           2697         229.595
           2698         229.595
           2699         229.595
           2700         229.595
           2701         229.595
           2702         229.595
           2703         229.595
           2704         229.595
           2705         229.595
           2706         229.595
           2707         229.595
           2708         229.595
           2709         229.595
           2710         229.595
           2711         230.572
           2712         230.572
           2713         230.572
           2714         230.572
           2715         230.572
           2716         230.572
           2717         230.572
           2718         230.572
           2719         230.572
           2720         230.572
           2721         230.572
           2722         230.572
           2723         230.572
           2724         230.572
           2725         229.595
           2726         229.595
           2727         229.595
           2728         229.595
           2729         229.595
           2730         229.595
           2731         229.595
           2732         229.595
           2733         229.595
           2734         229.595
           2735         230.572
           2736         230.572
           2737         230.572
           2738         230.572
           2739         230.572
           2740         231.549
           2741         231.549
           2742         231.549
           2743         231.549
           2744         231.549
           2745         231.549
           2746         231.549
           2747         232.526
           2748         232.526
           2749         232.526
           2750         232.526
           2751         233.503
           2752         233.503
           2753         233.503
           2754         233.503
           2755         234.480
           2756         234.480
           2757         234.480
           2758         234.480
           2759         235.457
           2760         235.457
           2761         235.457
           2762         235.457
           2763         235.457
           2764         236.434
           2765         236.434
           2766         236.434
           2767         236.434
           2768         236.434
           2769         236.434
           2770         237.411
           2771         237.411
           2772         237.411
           2773         237.411
           2774         237.411
           2775         237.411
           2776         237.411
           2777         237.411
           2778         237.411
           2779         237.411
           2780         237.411
           2781         238.388
           2782         238.388
           2783         238.388
           2784         238.388
           2785         238.388
           2786         238.388
           2787         238.388
           2788         238.388
           2789         238.388
           2790         238.388
           2791         238.388
           2792         238.388
           2793         238.388
           2794         239.365
           2795         239.365
           2796         239.365
           2797         239.365
           2798         239.365
           2799         239.365
           2800         239.365
           2801         239.365
           2802         238.388
           2803         236.434
           2804         236.434
           2805         236.434
           2806         236.434
           2807         236.434
           2808         236.434
           2809         236.434
           2810         237.411
           2811         237.411
           2812         238.388
           2813         239.365
           2814         239.365
           2815         239.365
           2816         239.365
           2817         239.365
           2818         239.365
           2819         239.365
           2820         239.365
           2821         239.365
           2822         239.365
           2823         239.365
           2824         239.365
           2825         240.342
           2826         240.342
           2827         240.342
           2828         240.342
           2829         240.342
           2830         240.342
           2831         240.342
           2832         240.342
           2833         240.342
           2834         240.342
           2835         240.342
           2836         240.342
           2837         240.342
           2838         240.342
           2839         241.319
           2840         241.319
           2841         241.319
           2842         241.319
           2843         241.319
           2844         241.319
           2845         242.296
           2846         242.296
           2847         242.296
           2848         243.273
           2849         243.273
           2850         243.273
           2851         243.273
           2852         243.273
           2853         243.273
           2854         242.296
           2855         242.296
           2856         242.296
           2857         242.296
           2858         242.296
           2859         242.296
           2860         242.296
           2861         242.296
           2862         242.296
           2863         242.296
           2864         243.273
