TRACENO
              1         199.308
              2         199.308
              3         199.308
              4         199.308
              5         199.308
              6         199.308
              7         199.308
              8         199.308
              9         199.308
             10         199.308
             11         199.308
             12         199.308
             13         199.308
             14         199.308
             15         199.308
             16         199.308
             17         199.308
             18         199.308
             19         199.308
             20         199.308
             21         199.308
             22         199.308
             23         199.308
             24         199.308
             25         199.308
             26         199.308
             27         199.308
             28         199.308
             29         199.308
             30         199.308
             31         200.285
             32         200.285
             33         200.285
             34         200.285
             35         200.285
             36         200.285
             37         200.285
             38         200.285
             39         200.285
             40         200.285
             41         200.285
             42         200.285
             43         200.285
             44         200.285
             45         201.262
             46         201.262
             47         201.262
             48         201.262
             49         201.262
             50         201.262
             51         201.262
             52         201.262
             53         201.262
             54         201.262
             55         201.262
             56         201.262
             57         201.262
             58         201.262
             59         201.262
             60         201.262
             61         201.262
             62         201.262
             63         201.262
             64         201.262
             65         201.262
             66         201.262
             67         201.262
             68         201.262
             69         201.262
             70         201.262
             71         201.262
             72         201.262
             73         201.262
             74         201.262
             75         201.262
             76         201.262
             77         201.262
             78         201.262
             79         201.262
             80         201.262
             81         201.262
             82         201.262
             83         201.262
             84         201.262
             85         201.262
             86         201.262
             87         201.262
             88         201.262
             89         201.262
             90         201.262
             91         201.262
             92         201.262
             93         201.262
             94         201.262
             95         201.262
             96         201.262
             97         201.262
             98         201.262
             99         201.262
            100         201.262
            101         201.262
            102         201.262
            103         201.262
            104         201.262
            105         201.262
            106         201.262
            107         201.262
            108         201.262
            109         201.262
            110         201.262
            111         201.262
            112         201.262
            113         201.262
            114         201.262
            115         201.262
            116         201.262
            117         201.262
            118         201.262
            119         201.262
            120         201.262
            121         201.262
            122         201.262
            123         201.262
            124         201.262
            125         201.262
            126         201.262
            127         201.262
            128         201.262
            129         201.262
            130         201.262
            131         201.262
            132         201.262
            133         201.262
            134         201.262
            135         201.262
            136         201.262
            137         201.262
            138         201.262
            139         201.262
            140         201.262
            141         201.262
            142         201.262
            143         201.262
            144         201.262
            145         201.262
            146         201.262
            147         200.285
            148         200.285
            149         200.285
            150         200.285
            151         200.285
            152         200.285
            153         200.285
            154         200.285
            155         200.285
            156         200.285
            157         200.285
            158         200.285
            159         200.285
            160         200.285
            161         200.285
            162         200.285
            163         200.285
            164         200.285
            165         200.285
            166         200.285
            167         200.285
            168         200.285
            169         200.285
            170         200.285
            171         200.285
            172         200.285
            173         200.285
            174         200.285
            175         200.285
            176         200.285
            177         200.285
            178         200.285
            179         200.285
            180         200.285
            181         200.285
            182         200.285
            183         200.285
            184         200.285
            185         200.285
            186         200.285
            187         200.285
            188         201.262
            189         201.262
            190         201.262
            191         201.262
            192         201.262
            193         201.262
            194         201.262
            195         201.262
            196         201.262
            197         201.262
            198         201.262
            199         201.262
            200         201.262
            201         201.262
            202         201.262
            203         201.262
            204         201.262
            205         200.285
            206         200.285
            207         200.285
            208         200.285
            209         200.285
            210         200.285
            211         200.285
            212         200.285
            213         200.285
            214         200.285
            215         200.285
            216         200.285
            217         200.285
            218         200.285
            219         200.285
            220         200.285
            221         200.285
            222         200.285
            223         200.285
            224         200.285
            225         200.285
            226         200.285
            227         200.285
            228         200.285
            229         200.285
            230         200.285
            231         200.285
            232         200.285
            233         200.285
            234         200.285
            235         200.285
            236         200.285
            237         200.285
            238         200.285
            239         200.285
            240         200.285
            241         200.285
            242         200.285
            243         200.285
            244         200.285
            245         200.285
            246         200.285
            247         200.285
            248         200.285
            249         199.308
            250         199.308
            251         199.308
            252         199.308
            253         199.308
            254         199.308
            255         199.308
            256         199.308
            257         199.308
            258         199.308
            259         199.308
            260         199.308
            261         199.308
            262         199.308
            263         199.308
            264         199.308
            265         199.308
            266         199.308
            267         199.308
            268         199.308
            269         199.308
            270         200.285
            271         200.285
            272         200.285
            273         200.285
            274         200.285
            275         200.285
            276         200.285
            277         200.285
            278         200.285
            279         200.285
            280         200.285
            281         200.285
            282         200.285
            283         200.285
            284         200.285
            285         200.285
            286         200.285
            287         200.285
            288         200.285
            289         200.285
            290         201.262
            291         201.262
            292         201.262
            293         201.262
            294         201.262
            295         201.262
            296         201.262
            297         201.262
            298         201.262
            299         201.262
            300         201.262
            301         201.262
            302         201.262
            303         201.262
            304         201.262
            305         201.262
            306         201.262
            307         201.262
            308         201.262
            309         201.262
            310         201.262
            311         201.262
            312         201.262
            313         201.262
            314         201.262
            315         201.262
            316         201.262
            317         200.285
            318         200.285
            319         200.285
            320         200.285
            321         200.285
            322         200.285
            323         200.285
            324         200.285
            325         200.285
            326         200.285
            327         200.285
            328         200.285
            329         200.285
            330         200.285
            331         200.285
            332         200.285
            333         200.285
            334         200.285
            335         200.285
            336         200.285
            337         200.285
            338         200.285
            339         199.308
            340         199.308
            341         199.308
            342         199.308
            343         199.308
            344         199.308
            345         199.308
            346         199.308
            347         199.308
            348         199.308
            349         199.308
            350         199.308
            351         199.308
            352         199.308
            353         199.308
            354         199.308
            355         199.308
            356         199.308
            357         199.308
            358         199.308
            359         199.308
            360         200.285
            361         200.285
            362         200.285
            363         200.285
            364         200.285
            365         200.285
            366         200.285
            367         200.285
            368         200.285
            369         200.285
            370         201.262
            371         201.262
            372         201.262
            373         201.262
            374         201.262
            375         201.262
            376         200.285
            377         200.285
            378         200.285
            379         200.285
            380         200.285
            381         200.285
            382         200.285
            383         200.285
            384         200.285
            385         200.285
            386         200.285
            387         200.285
            388         200.285
            389         200.285
            390         200.285
            391         200.285
            392         200.285
            393         200.285
            394         200.285
            395         200.285
            396         200.285
            397         200.285
            398         200.285
            399         200.285
            400         200.285
            401         200.285
            402         200.285
            403         200.285
            404         200.285
            405         200.285
            406         200.285
            407         200.285
            408         200.285
            409         200.285
            410         200.285
            411         200.285
            412         200.285
            413         200.285
            414         200.285
            415         200.285
            416         200.285
            417         200.285
            418         200.285
            419         200.285
            420         200.285
            421         200.285
            422         200.285
            423         200.285
            424         200.285
            425         200.285
            426         200.285
            427         200.285
            428         200.285
            429         200.285
            430         200.285
            431         200.285
            432         200.285
            433         200.285
            434         200.285
            435         200.285
            436         200.285
            437         200.285
            438         200.285
            439         200.285
            440         200.285
            441         200.285
            442         200.285
            443         200.285
            444         200.285
            445         200.285
            446         200.285
            447         200.285
            448         200.285
            449         200.285
            450         200.285
            451         200.285
            452         200.285
            453         200.285
            454         200.285
            455         200.285
            456         200.285
            457         200.285
            458         200.285
            459         200.285
            460         200.285
            461         200.285
            462         200.285
            463         200.285
            464         200.285
            465         200.285
            466         200.285
            467         200.285
            468         200.285
            469         200.285
            470         200.285
            471         200.285
            472         200.285
            473         200.285
            474         200.285
            475         200.285
            476         200.285
            477         200.285
            478         200.285
            479         200.285
            480         200.285
            481         200.285
            482         200.285
            483         200.285
            484         200.285
            485         200.285
            486         200.285
            487         200.285
            488         200.285
            489         199.308
            490         199.308
            491         199.308
            492         199.308
            493         199.308
            494         199.308
            495         199.308
            496         199.308
            497         199.308
            498         199.308
            499         199.308
            500         198.331
            501         198.331
            502         198.331
            503         198.331
            504         198.331
            505         198.331
            506         198.331
            507         198.331
            508         198.331
            509         198.331
            510         198.331
            511         198.331
            512         198.331
            513         198.331
            514         198.331
            515         198.331
            516         198.331
            517         198.331
            518         198.331
            519         198.331
            520         198.331
            521         198.331
            522         198.331
            523         198.331
            524         198.331
            525         198.331
            526         198.331
            527         198.331
            528         198.331
            529         199.308
            530         199.308
            531         199.308
            532         199.308
            533         199.308
            534         199.308
            535         199.308
            536         199.308
            537         199.308
            538         199.308
            539         199.308
            540         199.308
            541         199.308
            542         199.308
            543         199.308
            544         199.308
            545         199.308
            546         199.308
            547         199.308
            548         199.308
            549         199.308
            550         199.308
            551         199.308
            552         199.308
            553         199.308
            554         199.308
            555         199.308
            556         199.308
            557         199.308
            558         199.308
            559         199.308
            560         199.308
            561         199.308
            562         199.308
            563         199.308
            564         199.308
            565         199.308
            566         199.308
            567         199.308
            568         199.308
            569         199.308
            570         198.331
            571         198.331
            572         198.331
            573         198.331
            574         198.331
            575         198.331
            576         198.331
            577         198.331
            578         198.331
            579         198.331
            580         198.331
            581         198.331
            582         198.331
            583         198.331
            584         198.331
            585         198.331
            586         198.331
            587         198.331
            588         198.331
            589         198.331
            590         198.331
            591         198.331
            592         198.331
            593         198.331
            594         197.354
            595         197.354
            596         197.354
            597         197.354
