TRACENO
              1         101.608
              2         101.608
              3         101.608
              4         101.608
              5         101.608
              6         101.608
              7         101.608
              8         101.608
              9         101.608
             10         101.608
             11         101.608
             12         101.608
             13         101.608
             14         101.608
             15         101.608
             16         101.608
             17         101.608
             18         101.608
             19         101.608
             20         101.608
             21         100.631
             22         100.631
             23         100.631
             24         100.631
             25         100.631
             26         100.631
             27         100.631
             28         100.631
             29         100.631
             30         100.631
             31         100.631
             32         100.631
             33         100.631
             34         100.631
             35         100.631
             36         100.631
             37         100.631
             38         100.631
             39         100.631
             40         100.631
             41         100.631
             42         100.631
             43         100.631
             44         101.608
             45         101.608
             46         101.608
             47         100.631
             48         100.631
             49         100.631
             50         100.631
             51         100.631
             52         100.631
             53         100.631
             54         100.631
             55         100.631
             56         100.631
             57         100.631
             58         100.631
             59         100.631
             60         100.631
             61         100.631
             62         100.631
             63         100.631
             64         101.608
             65         101.608
             66         101.608
             67         101.608
             68         101.608
             69         101.608
             70         101.608
             71         101.608
             72         101.608
             73         101.608
             74         100.631
             75         100.631
             76         100.631
             77         100.631
             78         100.631
             79         100.631
             80         100.631
             81         100.631
             82         100.631
             83         100.631
             84          99.654
             85          99.654
             86          99.654
             87          99.654
             88          99.654
             89          99.654
             90          99.654
             91          99.654
             92          99.654
             93          99.654
             94          99.654
             95          99.654
             96          99.654
             97          99.654
             98          99.654
             99          99.654
            100          99.654
            101          99.654
            102          99.654
            103          99.654
            104          99.654
            105          99.654
            106          99.654
            107          99.654
            108          99.654
            109          99.654
            110          99.654
            111          99.654
            112          99.654
            113          99.654
            114          99.654
            115          99.654
            116          98.677
            117          98.677
            118          98.677
            119          98.677
            120          98.677
            121          98.677
            122          98.677
            123          98.677
            124          98.677
            125          98.677
            126          98.677
            127          98.677
            128          98.677
            129          98.677
            130          97.700
            131          97.700
            132          97.700
            133          97.700
            134          97.700
            135          97.700
            136          97.700
            137          97.700
            138          97.700
            139          97.700
            140          97.700
            141          97.700
            142          97.700
            143          96.723
            144          96.723
            145          96.723
            146          96.723
            147          96.723
            148          96.723
            149          96.723
            150          96.723
            151          96.723
            152          96.723
            153          96.723
            154          96.723
            155          96.723
            156          96.723
            157          96.723
            158          96.723
            159          96.723
            160          96.723
            161          96.723
            162          96.723
            163          95.746
            164          95.746
            165          95.746
            166          95.746
            167          95.746
            168          95.746
            169          95.746
            170          95.746
            171          95.746
            172          95.746
            173          95.746
            174          95.746
            175          95.746
            176          95.746
            177          95.746
            178          95.746
            179          95.746
            180          95.746
            181          94.769
            182          94.769
            183          94.769
            184          94.769
            185          94.769
            186          94.769
            187          94.769
            188          94.769
            189          94.769
            190          94.769
            191          94.769
            192          94.769
            193          94.769
            194          94.769
            195          93.792
            196          93.792
            197          93.792
            198          93.792
            199          93.792
            200          93.792
            201          93.792
            202          93.792
            203          93.792
            204          93.792
            205          93.792
            206          93.792
            207          93.792
            208          92.815
            209          92.815
            210          92.815
            211          92.815
            212          92.815
            213          92.815
            214          92.815
            215          92.815
            216          92.815
            217          92.815
            218          92.815
            219          92.815
            220          92.815
            221          91.838
            222          91.838
            223          91.838
            224          91.838
            225          91.838
            226          91.838
            227          91.838
            228          91.838
            229          91.838
            230          91.838
            231          91.838
            232          91.838
            233          91.838
            234          90.861
            235          90.861
            236          90.861
            237          90.861
            238          90.861
            239          90.861
            240          90.861
            241          90.861
            242          90.861
            243          90.861
            244          90.861
            245          90.861
            246          90.861
            247          89.884
            248          89.884
            249          89.884
            250          89.884
            251          89.884
            252          89.884
            253          89.884
            254          89.884
            255          89.884
            256          89.884
            257          89.884
            258          89.884
            259          89.884
            260          88.907
            261          88.907
            262          88.907
            263          88.907
            264          88.907
            265          88.907
            266          88.907
            267          87.930
            268          87.930
            269          87.930
            270          87.930
            271          87.930
            272          87.930
            273          87.930
            274          86.953
            275          86.953
            276          86.953
            277          86.953
            278          86.953
            279          86.953
            280          86.953
            281          85.976
            282          85.976
            283          85.976
            284          85.976
            285          85.976
            286          85.976
            287          85.976
            288          84.999
            289          84.999
            290          84.999
            291          84.999
            292          84.999
            293          84.999
            294          84.022
            295          84.022
            296          84.022
            297          84.022
            298          84.022
            299          84.022
            300          84.022
            301          83.045
            302          83.045
            303          83.045
            304          83.045
            305          83.045
            306          83.045
            307          83.045
            308          82.068
            309          82.068
            310          82.068
            311          82.068
            312          82.068
            313          82.068
            314          82.068
            315          81.091
            316          81.091
            317          81.091
            318          81.091
            319          81.091
            320          81.091
            321          81.091
            322          81.091
            323          81.091
            324          81.091
            325          81.091
            326          81.091
            327          80.114
            328          80.114
            329          80.114
            330          80.114
            331          80.114
            332          80.114
            333          80.114
            334          80.114
            335          80.114
            336          80.114
            337          80.114
            338          80.114
            339          80.114
            340          79.137
            341          79.137
            342          79.137
            343          79.137
            344          79.137
            345          79.137
            346          79.137
            347          79.137
            348          79.137
            349          79.137
            350          79.137
            351          79.137
            352          78.160
            353          78.160
            354          78.160
            355          78.160
            356          78.160
            357          78.160
            358          77.183
            359          77.183
            360          77.183
            361          77.183
            362          77.183
            363          77.183
            364          76.206
            365          76.206
            366          76.206
            367          76.206
            368          76.206
            369          75.229
            370          75.229
            371          75.229
            372          75.229
            373          75.229
            374          75.229
            375          75.229
            376          75.229
            377          75.229
            378          75.229
            379          75.229
            380          75.229
            381          75.229
            382          75.229
            383          75.229
            384          75.229
            385          75.229
            386          75.229
            387          75.229
            388          75.229
            389          75.229
            390          75.229
            391          75.229
            392          75.229
            393          75.229
            394          75.229
            395          75.229
            396          75.229
            397          75.229
            398          75.229
            399          75.229
            400          74.252
            401          74.252
            402          74.252
            403          74.252
            404          74.252
            405          74.252
            406          74.252
            407          74.252
            408          74.252
            409          74.252
            410          73.275
            411          73.275
            412          73.275
            413          73.275
            414          73.275
            415          73.275
            416          73.275
            417          73.275
            418          73.275
            419          73.275
            420          72.298
            421          72.298
            422          72.298
            423          72.298
            424          72.298
            425          72.298
            426          72.298
            427          71.321
            428          71.321
            429          71.321
            430          71.321
            431          70.344
            432          70.344
            433          70.344
            434          70.344
            435          69.367
            436          69.367
            437          69.367
            438          69.367
            439          68.390
            440          68.390
            441          68.390
            442          68.390
            443          68.390
            444          67.413
            445          67.413
            446          67.413
            447          67.413
            448          67.413
            449          67.413
            450          67.413
            451          67.413
            452          67.413
            453          67.413
            454          67.413
            455          67.413
            456          66.436
            457          66.436
            458          66.436
            459          66.436
            460          66.436
            461          66.436
            462          66.436
            463          66.436
            464          66.436
            465          66.436
            466          66.436
            467          66.436
            468          66.436
            469          66.436
            470          66.436
            471          66.436
            472          65.459
            473          65.459
            474          65.459
            475          65.459
            476          65.459
            477          65.459
            478          64.482
            479          64.482
            480          64.482
            481          64.482
            482          64.482
            483          64.482
            484          63.505
            485          63.505
            486          63.505
            487          63.505
            488          63.505
            489          62.528
            490          62.528
            491          62.528
            492          62.528
            493          62.528
            494          62.528
            495          61.551
            496          61.551
            497          61.551
            498          61.551
            499          61.551
            500          60.574
            501          60.574
            502          60.574
            503          60.574
            504          60.574
            505          60.574
            506          60.574
            507          60.574
            508          60.574
            509          60.574
            510          59.597
            511          59.597
            512          59.597
            513          58.620
            514          58.620
            515          58.620
            516          57.643
            517          57.643
            518          57.643
            519          57.643
            520          56.666
            521          56.666
            522          56.666
            523          55.689
            524          55.689
            525          55.689
            526          54.712
            527          54.712
            528          53.735
            529          53.735
            530          53.735
            531          52.758
            532          52.758
            533          52.758
            534          52.758
            535          52.758
            536          51.781
            537          51.781
            538          51.781
            539          51.781
            540          51.781
            541          51.781
            542          51.781
            543          50.804
            544          50.804
            545          50.804
            546          50.804
            547          49.827
            548          49.827
            549          49.827
            550          49.827
            551          48.850
            552          48.850
            553          48.850
            554          47.873
            555          47.873
            556          47.873
            557          47.873
            558          47.873
            559          47.873
            560          47.873
            561          47.873
            562          47.873
            563          47.873
            564          47.873
            565          47.873
            566          47.873
            567          47.873
            568          48.850
            569          48.850
            570          48.850
            571          48.850
            572          48.850
            573          48.850
            574          48.850
            575          48.850
            576          48.850
            577          48.850
            578          47.873
            579          47.873
            580          47.873
            581          47.873
            582          47.873
            583          47.873
            584          46.896
            585          46.896
            586          46.896
            587          46.896
            588          46.896
            589          46.896
            590          46.896
            591          46.896
            592          46.896
            593          46.896
            594          47.873
            595          47.873
            596          47.873
            597          47.873
            598          47.873
            599          47.873
            600          47.873
            601          47.873
            602          47.873
            603          47.873
            604          47.873
            605          47.873
            606          47.873
            607          47.873
            608          47.873
            609          47.873
            610          47.873
            611          47.873
            612          47.873
            613          47.873
            614          47.873
            615          47.873
            616          47.873
            617          47.873
            618          47.873
            619          47.873
            620          47.873
            621          46.896
            622          46.896
            623          46.896
            624          46.896
            625          46.896
            626          46.896
            627          46.896
            628          46.896
            629          46.896
            630          46.896
            631          45.919
            632          45.919
            633          45.919
            634          45.919
            635          45.919
            636          44.942
            637          44.942
            638          44.942
            639          44.942
            640          44.942
            641          44.942
            642          44.942
            643          44.942
            644          44.942
            645          44.942
            646          44.942
            647          44.942
            648          44.942
            649          44.942
            650          43.965
            651          43.965
            652          43.965
            653          42.988
            654          42.988
            655          42.988
            656          42.988
            657          42.988
            658          42.988
            659          42.011
            660          42.011
            661          42.011
            662          42.011
            663          42.011
            664          42.011
            665          42.011
            666          42.011
            667          42.011
            668          42.011
            669          42.011
            670          41.034
            671          41.034
            672          41.034
            673          41.034
            674          41.034
            675          41.034
            676          41.034
            677          41.034
            678          41.034
            679          41.034
            680          41.034
            681          41.034
            682          41.034
            683          41.034
            684          41.034
            685          41.034
            686          41.034
            687          41.034
            688          41.034
            689          41.034
            690          41.034
            691          41.034
            692          41.034
            693          41.034
            694          41.034
            695          41.034
            696          41.034
            697          41.034
