TRACENO
              1         234.480
              2         234.480
              3         234.480
              4         234.480
              5         234.480
              6         234.480
              7         234.480
              8         234.480
              9         234.480
             10         234.480
             11         234.480
             12         234.480
             13         234.480
             14         234.480
             15         234.480
             16         234.480
             17         234.480
             18         234.480
             19         233.503
             20         233.503
             21         233.503
             22         233.503
             23         233.503
             24         233.503
             25         233.503
             26         233.503
             27         233.503
             28         233.503
             29         233.503
             30         233.503
             31         233.503
             32         233.503
             33         233.503
             34         233.503
             35         233.503
             36         233.503
             37         233.503
             38         233.503
             39         233.503
             40         233.503
             41         233.503
             42         233.503
             43         233.503
             44         233.503
             45         233.503
             46         233.503
             47         233.503
             48         233.503
             49         233.503
             50         233.503
             51         233.503
             52         233.503
             53         233.503
             54         233.503
             55         233.503
             56         233.503
             57         233.503
             58         233.503
             59         233.503
             60         233.503
             61         233.503
             62         233.503
             63         233.503
             64         233.503
             65         233.503
             66         233.503
             67         233.503
             68         233.503
             69         233.503
             70         234.480
             71         234.480
             72         234.480
             73         234.480
             74         234.480
             75         234.480
             76         235.457
             77         235.457
             78         235.457
             79         235.457
             80         235.457
             81         235.457
             82         235.457
             83         235.457
             84         235.457
             85         235.457
             86         235.457
             87         235.457
             88         235.457
             89         235.457
             90         235.457
             91         235.457
             92         235.457
             93         235.457
             94         235.457
             95         235.457
             96         235.457
             97         235.457
             98         235.457
             99         235.457
            100         235.457
            101         235.457
            102         235.457
            103         235.457
            104         235.457
            105         235.457
            106         235.457
            107         235.457
            108         235.457
            109         235.457
            110         235.457
            111         235.457
            112         235.457
            113         235.457
            114         235.457
            115         235.457
            116         235.457
            117         235.457
            118         235.457
            119         235.457
            120         235.457
            121         235.457
            122         235.457
            123         235.457
            124         235.457
            125         235.457
            126         235.457
            127         235.457
            128         235.457
            129         235.457
            130         235.457
            131         235.457
            132         234.480
            133         234.480
            134         234.480
            135         234.480
            136         234.480
            137         234.480
            138         234.480
            139         234.480
            140         234.480
            141         234.480
            142         234.480
            143         234.480
            144         234.480
            145         234.480
            146         234.480
            147         234.480
            148         234.480
            149         234.480
            150         233.503
            151         233.503
            152         233.503
            153         233.503
            154         233.503
            155         233.503
            156         233.503
            157         233.503
            158         233.503
            159         233.503
            160         233.503
            161         233.503
            162         233.503
            163         233.503
            164         233.503
            165         233.503
            166         233.503
            167         233.503
            168         233.503
            169         233.503
            170         233.503
            171         233.503
            172         233.503
            173         233.503
            174         233.503
            175         233.503
            176         233.503
            177         233.503
            178         233.503
            179         233.503
            180         233.503
            181         233.503
            182         233.503
            183         233.503
            184         233.503
            185         233.503
            186         233.503
            187         233.503
            188         233.503
            189         233.503
            190         233.503
            191         233.503
            192         233.503
            193         233.503
            194         233.503
            195         233.503
            196         233.503
            197         233.503
            198         233.503
            199         233.503
            200         233.503
            201         233.503
            202         233.503
            203         233.503
            204         233.503
            205         233.503
            206         233.503
            207         233.503
            208         233.503
            209         233.503
            210         233.503
            211         233.503
            212         233.503
            213         233.503
            214         233.503
            215         233.503
            216         233.503
            217         233.503
            218         233.503
            219         233.503
            220         233.503
            221         233.503
            222         233.503
            223         233.503
            224         233.503
            225         233.503
            226         233.503
            227         233.503
            228         233.503
            229         233.503
            230         233.503
            231         233.503
            232         233.503
            233         233.503
            234         233.503
            235         233.503
            236         233.503
            237         233.503
            238         233.503
            239         233.503
            240         233.503
            241         233.503
            242         233.503
            243         233.503
            244         233.503
            245         233.503
            246         233.503
            247         233.503
            248         233.503
            249         233.503
            250         233.503
            251         233.503
            252         233.503
            253         233.503
            254         233.503
            255         233.503
            256         233.503
            257         233.503
            258         233.503
            259         233.503
            260         233.503
            261         233.503
            262         233.503
            263         233.503
            264         233.503
            265         233.503
            266         233.503
            267         233.503
            268         233.503
            269         233.503
            270         233.503
            271         233.503
            272         233.503
            273         232.526
            274         232.526
            275         232.526
            276         232.526
            277         233.503
            278         233.503
            279         233.503
            280         233.503
            281         233.503
            282         233.503
            283         233.503
            284         233.503
            285         233.503
            286         233.503
            287         233.503
            288         233.503
            289         233.503
            290         233.503
            291         233.503
            292         233.503
            293         233.503
            294         233.503
            295         233.503
            296         233.503
            297         234.480
            298         234.480
            299         234.480
            300         234.480
            301         234.480
            302         234.480
            303         234.480
            304         234.480
            305         234.480
            306         234.480
            307         234.480
            308         233.503
            309         233.503
            310         233.503
            311         233.503
            312         233.503
            313         233.503
            314         233.503
            315         233.503
            316         233.503
            317         233.503
            318         233.503
            319         233.503
            320         233.503
            321         233.503
            322         233.503
            323         233.503
            324         233.503
            325         233.503
            326         233.503
            327         233.503
            328         233.503
            329         233.503
            330         233.503
            331         233.503
            332         233.503
            333         233.503
            334         233.503
            335         233.503
            336         233.503
            337         233.503
            338         232.526
            339         232.526
            340         232.526
            341         232.526
            342         232.526
            343         232.526
            344         232.526
            345         231.549
            346         231.549
            347         231.549
            348         231.549
            349         231.549
            350         231.549
            351         231.549
            352         231.549
            353         231.549
            354         231.549
            355         231.549
            356         231.549
            357         231.549
            358         231.549
            359         231.549
            360         231.549
            361         230.572
            362         230.572
            363         230.572
            364         230.572
            365         230.572
            366         230.572
            367         230.572
            368         230.572
            369         230.572
            370         230.572
            371         230.572
            372         230.572
            373         230.572
            374         230.572
            375         230.572
            376         230.572
            377         230.572
            378         230.572
            379         230.572
            380         230.572
            381         230.572
            382         230.572
            383         231.549
            384         231.549
            385         231.549
            386         231.549
            387         231.549
            388         231.549
            389         231.549
            390         231.549
            391         231.549
            392         231.549
            393         231.549
            394         231.549
            395         230.572
            396         230.572
            397         230.572
            398         230.572
            399         230.572
            400         230.572
            401         230.572
            402         230.572
            403         230.572
            404         230.572
            405         230.572
            406         230.572
            407         230.572
            408         230.572
            409         230.572
            410         230.572
            411         230.572
            412         230.572
            413         230.572
            414         230.572
            415         230.572
            416         229.595
            417         229.595
            418         229.595
            419         229.595
            420         229.595
            421         229.595
            422         229.595
            423         229.595
            424         229.595
            425         229.595
            426         229.595
            427         229.595
            428         229.595
            429         229.595
            430         229.595
            431         229.595
            432         229.595
            433         229.595
            434         229.595
            435         229.595
            436         229.595
            437         229.595
            438         229.595
            439         229.595
            440         228.618
            441         228.618
            442         228.618
            443         228.618
            444         228.618
            445         228.618
            446         228.618
            447         228.618
            448         228.618
            449         228.618
            450         228.618
            451         228.618
            452         228.618
            453         228.618
            454         228.618
            455         228.618
            456         228.618
            457         228.618
            458         228.618
            459         228.618
            460         228.618
            461         228.618
            462         228.618
            463         228.618
            464         228.618
            465         228.618
            466         228.618
            467         228.618
            468         228.618
            469         228.618
            470         228.618
            471         228.618
            472         228.618
            473         228.618
            474         228.618
            475         228.618
            476         228.618
            477         228.618
            478         228.618
            479         228.618
            480         228.618
            481         228.618
            482         228.618
            483         228.618
            484         228.618
            485         228.618
            486         228.618
            487         228.618
            488         228.618
            489         228.618
            490         228.618
            491         228.618
            492         228.618
            493         228.618
            494         228.618
            495         228.618
            496         228.618
            497         228.618
            498         228.618
            499         228.618
            500         228.618
            501         228.618
            502         228.618
            503         228.618
            504         228.618
            505         228.618
            506         228.618
            507         228.618
            508         228.618
            509         228.618
            510         228.618
            511         228.618
            512         228.618
            513         228.618
            514         228.618
            515         228.618
            516         228.618
            517         228.618
            518         228.618
            519         228.618
            520         228.618
            521         228.618
            522         228.618
            523         228.618
            524         228.618
            525         228.618
            526         228.618
            527         228.618
            528         228.618
            529         228.618
            530         228.618
            531         228.618
            532         228.618
            533         228.618
            534         228.618
            535         228.618
            536         228.618
            537         228.618
            538         228.618
            539         228.618
            540         228.618
            541         227.641
            542         227.641
            543         227.641
            544         227.641
            545         227.641
            546         227.641
            547         227.641
            548         227.641
            549         227.641
            550         227.641
            551         227.641
            552         227.641
            553         227.641
            554         227.641
            555         227.641
            556         227.641
            557         227.641
            558         227.641
            559         227.641
            560         227.641
            561         227.641
            562         227.641
            563         227.641
            564         227.641
            565         227.641
            566         227.641
            567         227.641
            568         227.641
            569         227.641
            570         227.641
            571         227.641
            572         227.641
            573         227.641
            574         227.641
            575         227.641
            576         227.641
            577         227.641
            578         227.641
            579         227.641
            580         227.641
            581         227.641
            582         227.641
            583         227.641
            584         227.641
            585         227.641
            586         227.641
            587         227.641
            588         227.641
            589         227.641
            590         227.641
            591         227.641
            592         227.641
            593         227.641
            594         227.641
            595         227.641
            596         227.641
            597         227.641
            598         227.641
            599         227.641
            600         227.641
            601         227.641
            602         227.641
            603         227.641
            604         227.641
            605         227.641
            606         227.641
            607         227.641
            608         227.641
            609         227.641
            610         227.641
            611         227.641
            612         227.641
            613         227.641
            614         227.641
            615         227.641
            616         227.641
            617         227.641
            618         227.641
            619         227.641
            620         227.641
            621         227.641
            622         227.641
            623         227.641
            624         227.641
            625         227.641
            626         227.641
            627         227.641
            628         227.641
            629         227.641
            630         227.641
            631         227.641
            632         227.641
            633         227.641
            634         227.641
            635         227.641
            636         227.641
            637         227.641
            638         227.641
            639         227.641
            640         227.641
            641         226.664
            642         226.664
            643         226.664
            644         226.664
            645         226.664
            646         226.664
            647         226.664
            648         226.664
            649         226.664
            650         226.664
            651         226.664
            652         226.664
            653         226.664
            654         226.664
            655         226.664
            656         226.664
            657         226.664
            658         226.664
            659         226.664
            660         226.664
            661         226.664
            662         226.664
            663         226.664
            664         226.664
            665         226.664
            666         226.664
            667         226.664
            668         226.664
            669         226.664
            670         226.664
            671         225.687
            672         225.687
            673         225.687
            674         225.687
            675         225.687
            676         225.687
            677         225.687
            678         225.687
            679         225.687
            680         225.687
            681         225.687
            682         225.687
            683         225.687
            684         225.687
            685         225.687
            686         225.687
            687         225.687
            688         225.687
            689         225.687
            690         225.687
            691         225.687
            692         225.687
            693         225.687
            694         225.687
            695         225.687
            696         225.687
            697         225.687
            698         225.687
            699         225.687
            700         225.687
            701         225.687
            702         225.687
            703         225.687
            704         225.687
            705         225.687
            706         225.687
            707         225.687
            708         225.687
            709         225.687
            710         225.687
            711         225.687
            712         225.687
            713         225.687
            714         225.687
            715         225.687
            716         225.687
            717         225.687
            718         225.687
            719         225.687
            720         225.687
            721         225.687
            722         225.687
            723         225.687
            724         225.687
            725         225.687
            726         225.687
            727         225.687
            728         225.687
            729         223.733
            730         223.733
            731         223.733
            732         223.733
            733         223.733
            734         223.733
            735         223.733
            736         223.733
            737         223.733
            738         223.733
            739         223.733
            740         223.733
            741         223.733
            742         223.733
            743         223.733
            744         223.733
            745         223.733
            746         223.733
            747         223.733
            748         223.733
            749         223.733
            750         223.733
            751         223.733
            752         223.733
            753         223.733
            754         223.733
            755         223.733
            756         223.733
            757         223.733
            758         223.733
            759         223.733
            760         223.733
            761         223.733
            762         223.733
            763         223.733
            764         223.733
            765         223.733
            766         223.733
            767         223.733
            768         223.733
            769         223.733
            770         223.733
            771         223.733
            772         223.733
            773         223.733
            774         223.733
            775         223.733
            776         223.733
            777         223.733
            778         223.733
            779         223.733
            780         223.733
            781         223.733
            782         223.733
            783         223.733
            784         223.733
            785         223.733
            786         223.733
            787         223.733
            788         223.733
            789         223.733
            790         223.733
            791         223.733
            792         223.733
            793         223.733
            794         223.733
            795         223.733
            796         223.733
            797         223.733
            798         223.733
            799         223.733
            800         223.733
            801         223.733
            802         223.733
            803         223.733
            804         223.733
            805         223.733
            806         223.733
            807         223.733
            808         223.733
            809         223.733
            810         223.733
            811         223.733
            812         223.733
            813         223.733
            814         223.733
            815         223.733
            816         223.733
            817         223.733
            818         223.733
            819         223.733
            820         223.733
            821         223.733
            822         223.733
            823         223.733
            824         223.733
            825         223.733
            826         223.733
            827         223.733
            828         223.733
            829         223.733
            830         223.733
            831         223.733
            832         223.733
            833         223.733
            834         223.733
            835         223.733
            836         223.733
            837         223.733
            838         223.733
            839         223.733
            840         222.756
            841         222.756
            842         222.756
            843         222.756
            844         222.756
            845         222.756
            846         222.756
            847         222.756
            848         222.756
            849         222.756
            850         222.756
            851         222.756
            852         222.756
            853         222.756
            854         222.756
            855         222.756
            856         222.756
            857         222.756
            858         222.756
            859         222.756
            860         222.756
            861         222.756
            862         222.756
            863         222.756
            864         222.756
            865         222.756
            866         222.756
            867         221.779
            868         221.779
            869         221.779
            870         221.779
            871         221.779
            872         221.779
            873         221.779
            874         221.779
            875         221.779
            876         221.779
            877         221.779
            878         221.779
            879         221.779
            880         221.779
            881         221.779
            882         221.779
            883         221.779
            884         221.779
            885         221.779
            886         221.779
            887         221.779
            888         221.779
            889         221.779
            890         221.779
            891         221.779
            892         221.779
            893         221.779
            894         221.779
            895         221.779
            896         221.779
            897         221.779
            898         221.779
            899         221.779
            900         221.779
            901         221.779
            902         221.779
            903         221.779
            904         221.779
            905         221.779
            906         221.779
            907         221.779
            908         221.779
            909         221.779
            910         221.779
            911         221.779
            912         221.779
            913         221.779
            914         221.779
            915         221.779
            916         221.779
            917         221.779
            918         220.802
            919         220.802
            920         220.802
            921         220.802
            922         220.802
            923         220.802
            924         220.802
            925         220.802
            926         220.802
            927         220.802
            928         220.802
            929         220.802
            930         220.802
            931         220.802
            932         220.802
            933         220.802
            934         220.802
            935         220.802
            936         220.802
            937         220.802
            938         220.802
            939         220.802
            940         220.802
            941         220.802
            942         220.802
            943         220.802
            944         220.802
            945         220.802
            946         220.802
            947         220.802
            948         219.825
            949         219.825
            950         219.825
            951         219.825
            952         219.825
            953         219.825
            954         219.825
            955         219.825
            956         219.825
            957         219.825
            958         219.825
            959         219.825
            960         219.825
            961         219.825
            962         219.825
            963         219.825
            964         219.825
            965         219.825
            966         219.825
            967         218.848
            968         218.848
            969         218.848
            970         218.848
            971         218.848
            972         218.848
            973         218.848
            974         218.848
            975         218.848
            976         218.848
            977         218.848
            978         218.848
            979         218.848
            980         218.848
            981         218.848
            982         218.848
            983         218.848
            984         218.848
            985         218.848
            986         218.848
            987         218.848
            988         218.848
            989         218.848
            990         218.848
            991         218.848
            992         218.848
            993         218.848
            994         218.848
            995         218.848
            996         218.848
            997         218.848
            998         218.848
            999         218.848
           1000         218.848
           1001         218.848
           1002         218.848
           1003         218.848
           1004         218.848
           1005         218.848
           1006         217.871
           1007         217.871
           1008         217.871
           1009         217.871
           1010         217.871
           1011         217.871
           1012         217.871
           1013         217.871
           1014         217.871
           1015         217.871
           1016         217.871
           1017         217.871
           1018         217.871
           1019         217.871
           1020         217.871
           1021         217.871
           1022         217.871
           1023         217.871
           1024         217.871
           1025         217.871
           1026         217.871
           1027         217.871
           1028         217.871
           1029         216.894
           1030         216.894
           1031         216.894
           1032         216.894
           1033         216.894
           1034         216.894
           1035         216.894
           1036         216.894
           1037         216.894
           1038         216.894
           1039         216.894
           1040         216.894
           1041         216.894
           1042         216.894
           1043         216.894
           1044         216.894
           1045         216.894
           1046         216.894
           1047         216.894
           1048         216.894
           1049         216.894
           1050         216.894
           1051         216.894
           1052         216.894
           1053         216.894
           1054         216.894
           1055         216.894
           1056         216.894
           1057         216.894
           1058         216.894
           1059         216.894
           1060         216.894
           1061         216.894
           1062         216.894
           1063         216.894
           1064         216.894
           1065         216.894
           1066         216.894
           1067         216.894
           1068         216.894
           1069         216.894
           1070         216.894
           1071         216.894
           1072         216.894
           1073         216.894
           1074         216.894
           1075         216.894
           1076         216.894
           1077         216.894
           1078         216.894
           1079         216.894
           1080         216.894
           1081         216.894
           1082         216.894
           1083         216.894
           1084         216.894
           1085         216.894
           1086         216.894
           1087         216.894
           1088         216.894
           1089         216.894
           1090         216.894
           1091         216.894
           1092         216.894
           1093         216.894
           1094         216.894
           1095         216.894
           1096         216.894
           1097         216.894
           1098         215.917
           1099         215.917
           1100         215.917
           1101         215.917
           1102         215.917
           1103         215.917
           1104         215.917
           1105         215.917
           1106         215.917
           1107         215.917
           1108         215.917
           1109         215.917
           1110         215.917
           1111         215.917
           1112         215.917
           1113         215.917
           1114         215.917
           1115         215.917
           1116         215.917
           1117         215.917
           1118         215.917
           1119         215.917
           1120         215.917
           1121         215.917
           1122         215.917
           1123         215.917
           1124         215.917
           1125         215.917
           1126         215.917
           1127         215.917
           1128         215.917
           1129         215.917
           1130         215.917
           1131         215.917
           1132         215.917
           1133         215.917
           1134         215.917
           1135         215.917
           1136         215.917
           1137         215.917
           1138         215.917
           1139         215.917
           1140         215.917
           1141         215.917
           1142         215.917
           1143         215.917
           1144         215.917
           1145         215.917
           1146         215.917
           1147         215.917
           1148         215.917
           1149         215.917
           1150         215.917
           1151         215.917
           1152         215.917
           1153         215.917
           1154         215.917
           1155         215.917
           1156         215.917
           1157         215.917
           1158         215.917
           1159         215.917
           1160         215.917
           1161         215.917
           1162         215.917
           1163         215.917
           1164         215.917
           1165         215.917
           1166         215.917
           1167         215.917
           1168         215.917
           1169         215.917
           1170         215.917
           1171         215.917
           1172         215.917
           1173         215.917
           1174         215.917
           1175         215.917
           1176         215.917
           1177         215.917
           1178         215.917
           1179         215.917
           1180         215.917
           1181         215.917
           1182         215.917
           1183         215.917
           1184         215.917
           1185         215.917
           1186         215.917
           1187         215.917
           1188         215.917
           1189         215.917
           1190         215.917
           1191         215.917
           1192         215.917
           1193         215.917
           1194         215.917
           1195         214.940
           1196         214.940
           1197         214.940
           1198         214.940
           1199         214.940
           1200         214.940
           1201         214.940
           1202         214.940
           1203         214.940
           1204         214.940
           1205         214.940
           1206         214.940
           1207         214.940
           1208         214.940
           1209         214.940
           1210         214.940
           1211         214.940
           1212         214.940
           1213         214.940
           1214         214.940
           1215         214.940
           1216         214.940
           1217         214.940
           1218         214.940
           1219         214.940
           1220         214.940
           1221         214.940
           1222         214.940
           1223         214.940
           1224         214.940
           1225         214.940
           1226         214.940
           1227         214.940
           1228         214.940
           1229         214.940
           1230         214.940
           1231         214.940
           1232         214.940
           1233         214.940
           1234         214.940
           1235         214.940
           1236         214.940
           1237         214.940
           1238         214.940
           1239         214.940
           1240         214.940
           1241         214.940
           1242         214.940
           1243         214.940
           1244         214.940
           1245         214.940
           1246         214.940
           1247         214.940
           1248         214.940
           1249         214.940
           1250         214.940
           1251         214.940
           1252         214.940
           1253         214.940
           1254         214.940
           1255         214.940
           1256         214.940
           1257         214.940
           1258         214.940
           1259         214.940
           1260         214.940
           1261         214.940
           1262         214.940
           1263         214.940
           1264         214.940
           1265         214.940
           1266         214.940
           1267         214.940
           1268         214.940
           1269         214.940
           1270         214.940
           1271         214.940
           1272         214.940
           1273         214.940
           1274         214.940
           1275         214.940
           1276         214.940
           1277         214.940
           1278         214.940
           1279         214.940
           1280         214.940
           1281         214.940
           1282         214.940
           1283         214.940
           1284         214.940
           1285         214.940
           1286         215.917
           1287         215.917
           1288         215.917
           1289         215.917
           1290         215.917
           1291         215.917
           1292         215.917
           1293         215.917
           1294         215.917
           1295         215.917
           1296         215.917
           1297         215.917
           1298         215.917
           1299         215.917
           1300         215.917
           1301         215.917
           1302         215.917
           1303         215.917
           1304         215.917
           1305         215.917
           1306         215.917
           1307         215.917
           1308         214.940
           1309         214.940
           1310         214.940
           1311         214.940
           1312         214.940
           1313         214.940
           1314         214.940
           1315         214.940
           1316         214.940
           1317         214.940
           1318         214.940
           1319         214.940
           1320         214.940
           1321         214.940
           1322         214.940
           1323         214.940
           1324         214.940
           1325         214.940
           1326         214.940
           1327         214.940
           1328         214.940
           1329         214.940
           1330         214.940
           1331         214.940
           1332         214.940
           1333         214.940
           1334         214.940
           1335         214.940
           1336         214.940
           1337         214.940
           1338         214.940
           1339         214.940
           1340         214.940
           1341         214.940
           1342         214.940
           1343         214.940
           1344         214.940
           1345         214.940
           1346         214.940
           1347         214.940
           1348         214.940
           1349         214.940
           1350         214.940
           1351         214.940
           1352         214.940
           1353         214.940
           1354         214.940
           1355         214.940
           1356         214.940
           1357         214.940
           1358         214.940
           1359         214.940
           1360         214.940
           1361         214.940
           1362         214.940
           1363         214.940
           1364         214.940
           1365         214.940
           1366         214.940
           1367         214.940
           1368         214.940
           1369         214.940
           1370         214.940
           1371         214.940
           1372         214.940
           1373         214.940
           1374         214.940
           1375         214.940
           1376         214.940
           1377         214.940
           1378         214.940
           1379         214.940
           1380         214.940
           1381         214.940
           1382         214.940
           1383         214.940
           1384         214.940
           1385         214.940
           1386         214.940
           1387         214.940
           1388         214.940
           1389         214.940
           1390         214.940
           1391         214.940
           1392         214.940
           1393         214.940
           1394         214.940
           1395         214.940
           1396         214.940
           1397         214.940
           1398         214.940
           1399         214.940
           1400         214.940
           1401         214.940
           1402         214.940
           1403         214.940
           1404         214.940
           1405         214.940
           1406         214.940
           1407         214.940
           1408         214.940
           1409         214.940
           1410         214.940
           1411         214.940
           1412         214.940
           1413         214.940
           1414         214.940
           1415         214.940
           1416         214.940
           1417         214.940
           1418         214.940
           1419         214.940
           1420         214.940
           1421         214.940
           1422         214.940
           1423         214.940
           1424         214.940
           1425         214.940
           1426         214.940
           1427         214.940
           1428         214.940
           1429         214.940
           1430         214.940
           1431         214.940
           1432         214.940
           1433         214.940
           1434         214.940
           1435         214.940
           1436         214.940
           1437         213.963
           1438         213.963
           1439         213.963
           1440         213.963
           1441         213.963
           1442         213.963
           1443         213.963
           1444         213.963
           1445         213.963
           1446         213.963
           1447         213.963
           1448         213.963
           1449         213.963
           1450         213.963
           1451         213.963
           1452         213.963
           1453         213.963
           1454         213.963
           1455         213.963
           1456         213.963
           1457         213.963
           1458         213.963
           1459         212.986
           1460         212.986
           1461         212.986
           1462         212.986
           1463         212.986
           1464         212.986
           1465         212.986
           1466         212.986
           1467         212.986
           1468         213.963
           1469         213.963
           1470         213.963
           1471         213.963
           1472         213.963
           1473         213.963
           1474         213.963
           1475         213.963
           1476         213.963
           1477         213.963
           1478         213.963
           1479         213.963
           1480         213.963
           1481         213.963
           1482         213.963
           1483         213.963
           1484         213.963
           1485         213.963
           1486         213.963
           1487         213.963
           1488         213.963
           1489         213.963
           1490         213.963
           1491         213.963
           1492         213.963
           1493         213.963
           1494         213.963
           1495         213.963
           1496         213.963
           1497         213.963
           1498         213.963
           1499         213.963
           1500         213.963
           1501         213.963
           1502         213.963
           1503         213.963
           1504         213.963
           1505         213.963
           1506         213.963
           1507         213.963
           1508         213.963
           1509         213.963
           1510         213.963
           1511         213.963
           1512         213.963
           1513         213.963
           1514         212.986
           1515         212.986
           1516         212.986
           1517         212.986
           1518         212.986
           1519         212.986
           1520         212.986
           1521         212.986
           1522         212.986
           1523         212.986
           1524         212.986
           1525         212.986
           1526         212.986
           1527         212.986
           1528         212.986
           1529         212.986
           1530         212.986
           1531         212.986
           1532         212.986
           1533         212.986
           1534         212.986
           1535         212.986
           1536         212.986
           1537         212.986
           1538         212.986
           1539         212.986
           1540         212.986
           1541         212.986
           1542         212.986
           1543         212.986
           1544         212.986
           1545         212.986
           1546         212.986
           1547         212.986
           1548         212.986
           1549         212.009
           1550         212.009
           1551         212.009
           1552         212.009
           1553         212.009
           1554         212.009
           1555         212.009
           1556         212.009
           1557         212.009
           1558         212.009
           1559         212.009
           1560         212.009
           1561         212.009
           1562         212.009
           1563         212.009
           1564         212.009
           1565         212.009
           1566         212.009
           1567         212.009
           1568         212.009
           1569         212.009
           1570         212.009
           1571         212.009
           1572         212.009
           1573         212.009
           1574         212.009
           1575         211.032
           1576         211.032
           1577         211.032
           1578         211.032
           1579         211.032
           1580         211.032
           1581         211.032
           1582         211.032
           1583         211.032
           1584         211.032
           1585         211.032
           1586         211.032
           1587         211.032
           1588         211.032
           1589         211.032
           1590         211.032
           1591         211.032
           1592         211.032
           1593         211.032
           1594         211.032
           1595         211.032
           1596         211.032
           1597         211.032
           1598         211.032
           1599         211.032
           1600         210.055
           1601         210.055
           1602         210.055
           1603         210.055
           1604         210.055
           1605         210.055
           1606         210.055
           1607         210.055
           1608         210.055
           1609         210.055
           1610         210.055
           1611         210.055
           1612         210.055
           1613         210.055
           1614         210.055
           1615         210.055
           1616         210.055
           1617         210.055
           1618         210.055
           1619         210.055
           1620         210.055
           1621         210.055
           1622         210.055
           1623         210.055
           1624         210.055
           1625         210.055
           1626         210.055
           1627         210.055
           1628         210.055
           1629         210.055
           1630         209.078
           1631         209.078
           1632         209.078
           1633         209.078
           1634         209.078
           1635         209.078
           1636         209.078
           1637         209.078
           1638         209.078
           1639         209.078
           1640         209.078
           1641         209.078
           1642         209.078
           1643         209.078
           1644         209.078
           1645         209.078
           1646         209.078
           1647         209.078
           1648         209.078
           1649         209.078
           1650         209.078
           1651         209.078
           1652         208.101
           1653         208.101
           1654         208.101
           1655         208.101
           1656         208.101
           1657         208.101
           1658         208.101
           1659         208.101
           1660         208.101
           1661         208.101
           1662         208.101
           1663         208.101
           1664         208.101
           1665         208.101
           1666         208.101
           1667         208.101
           1668         208.101
           1669         208.101
           1670         208.101
           1671         208.101
           1672         208.101
           1673         208.101
           1674         208.101
           1675         208.101
           1676         208.101
           1677         208.101
           1678         208.101
           1679         207.124
           1680         207.124
           1681         207.124
           1682         207.124
           1683         207.124
           1684         207.124
           1685         207.124
           1686         207.124
           1687         207.124
           1688         207.124
           1689         207.124
           1690         207.124
           1691         207.124
           1692         206.147
           1693         206.147
           1694         206.147
           1695         206.147
           1696         206.147
           1697         206.147
           1698         206.147
           1699         206.147
           1700         206.147
           1701         206.147
           1702         206.147
           1703         206.147
           1704         206.147
           1705         206.147
           1706         206.147
           1707         206.147
           1708         206.147
           1709         206.147
           1710         206.147
           1711         206.147
           1712         205.170
           1713         205.170
           1714         205.170
           1715         205.170
           1716         205.170
           1717         205.170
           1718         205.170
           1719         205.170
           1720         205.170
           1721         205.170
           1722         205.170
           1723         205.170
           1724         205.170
           1725         205.170
           1726         205.170
           1727         205.170
           1728         205.170
           1729         205.170
           1730         205.170
           1731         205.170
           1732         205.170
           1733         205.170
           1734         205.170
           1735         205.170
           1736         204.193
           1737         204.193
           1738         204.193
           1739         204.193
           1740         204.193
           1741         204.193
           1742         204.193
           1743         204.193
           1744         204.193
           1745         204.193
           1746         204.193
           1747         204.193
           1748         204.193
           1749         204.193
           1750         204.193
           1751         204.193
           1752         204.193
           1753         204.193
           1754         203.216
           1755         203.216
           1756         203.216
           1757         203.216
           1758         203.216
           1759         203.216
           1760         203.216
           1761         203.216
           1762         203.216
           1763         203.216
           1764         203.216
           1765         203.216
           1766         203.216
           1767         203.216
           1768         203.216
           1769         203.216
           1770         203.216
           1771         203.216
           1772         203.216
           1773         203.216
           1774         203.216
           1775         203.216
           1776         203.216
           1777         203.216
           1778         203.216
           1779         203.216
           1780         203.216
           1781         203.216
           1782         203.216
           1783         203.216
           1784         203.216
           1785         203.216
           1786         203.216
           1787         203.216
           1788         203.216
           1789         203.216
           1790         203.216
           1791         203.216
           1792         203.216
           1793         203.216
           1794         203.216
           1795         203.216
           1796         203.216
           1797         203.216
           1798         203.216
           1799         203.216
           1800         203.216
           1801         203.216
           1802         203.216
           1803         203.216
           1804         203.216
           1805         203.216
           1806         203.216
           1807         203.216
           1808         203.216
           1809         203.216
           1810         203.216
           1811         203.216
           1812         203.216
           1813         203.216
           1814         203.216
           1815         203.216
           1816         203.216
           1817         203.216
           1818         203.216
           1819         203.216
           1820         203.216
           1821         202.239
           1822         202.239
           1823         202.239
           1824         202.239
           1825         202.239
           1826         202.239
           1827         202.239
           1828         202.239
           1829         202.239
           1830         202.239
           1831         202.239
           1832         202.239
           1833         202.239
           1834         202.239
           1835         202.239
           1836         202.239
           1837         202.239
           1838         202.239
           1839         202.239
           1840         202.239
           1841         201.262
           1842         201.262
           1843         201.262
           1844         201.262
           1845         201.262
           1846         201.262
           1847         201.262
           1848         201.262
           1849         201.262
           1850         201.262
           1851         201.262
           1852         201.262
           1853         201.262
           1854         201.262
           1855         201.262
           1856         201.262
           1857         201.262
           1858         201.262
           1859         201.262
           1860         201.262
           1861         201.262
           1862         201.262
           1863         201.262
           1864         201.262
           1865         201.262
           1866         201.262
           1867         201.262
           1868         201.262
           1869         201.262
           1870         201.262
           1871         201.262
           1872         201.262
           1873         201.262
           1874         201.262
           1875         201.262
           1876         201.262
           1877         201.262
           1878         201.262
           1879         201.262
           1880         201.262
           1881         201.262
           1882         201.262
           1883         201.262
           1884         201.262
           1885         201.262
           1886         201.262
           1887         201.262
           1888         201.262
           1889         201.262
           1890         201.262
           1891         201.262
           1892         201.262
           1893         201.262
           1894         201.262
           1895         201.262
           1896         201.262
           1897         200.285
           1898         200.285
           1899         200.285
           1900         200.285
           1901         200.285
           1902         200.285
           1903         200.285
           1904         200.285
           1905         200.285
           1906         200.285
           1907         200.285
           1908         200.285
           1909         200.285
           1910         200.285
           1911         200.285
           1912         200.285
           1913         200.285
           1914         200.285
           1915         200.285
           1916         200.285
           1917         200.285
           1918         199.308
           1919         199.308
           1920         199.308
           1921         199.308
           1922         199.308
           1923         199.308
           1924         199.308
           1925         199.308
           1926         199.308
           1927         199.308
           1928         199.308
           1929         199.308
           1930         199.308
           1931         199.308
           1932         199.308
           1933         199.308
           1934         199.308
           1935         199.308
           1936         199.308
           1937         198.331
           1938         198.331
           1939         198.331
           1940         198.331
           1941         198.331
           1942         198.331
           1943         198.331
           1944         198.331
           1945         198.331
           1946         198.331
           1947         198.331
           1948         198.331
           1949         198.331
           1950         198.331
           1951         198.331
           1952         198.331
           1953         198.331
           1954         198.331
           1955         198.331
           1956         198.331
           1957         198.331
           1958         198.331
           1959         198.331
           1960         198.331
           1961         198.331
           1962         198.331
           1963         198.331
           1964         198.331
           1965         198.331
           1966         198.331
           1967         198.331
           1968         198.331
           1969         198.331
           1970         198.331
           1971         197.354
           1972         197.354
           1973         197.354
           1974         197.354
           1975         197.354
           1976         197.354
           1977         197.354
           1978         197.354
           1979         197.354
           1980         197.354
           1981         197.354
           1982         197.354
           1983         197.354
           1984         197.354
           1985         197.354
           1986         197.354
           1987         197.354
           1988         197.354
           1989         197.354
           1990         197.354
           1991         197.354
           1992         197.354
           1993         197.354
           1994         197.354
           1995         197.354
           1996         197.354
           1997         197.354
           1998         197.354
           1999         197.354
           2000         196.377
           2001         196.377
           2002         196.377
           2003         196.377
           2004         196.377
           2005         196.377
           2006         196.377
           2007         196.377
           2008         196.377
           2009         196.377
           2010         196.377
           2011         196.377
           2012         196.377
           2013         196.377
           2014         196.377
           2015         196.377
           2016         196.377
           2017         196.377
           2018         196.377
           2019         196.377
           2020         196.377
           2021         196.377
           2022         196.377
           2023         196.377
           2024         196.377
           2025         196.377
           2026         196.377
           2027         196.377
           2028         196.377
           2029         196.377
           2030         196.377
           2031         196.377
           2032         196.377
           2033         196.377
           2034         195.400
           2035         195.400
           2036         195.400
           2037         195.400
           2038         195.400
           2039         195.400
           2040         195.400
           2041         195.400
           2042         195.400
           2043         195.400
           2044         195.400
           2045         195.400
           2046         195.400
           2047         195.400
           2048         195.400
           2049         195.400
           2050         195.400
           2051         195.400
           2052         194.423
           2053         194.423
           2054         194.423
           2055         194.423
           2056         194.423
           2057         194.423
           2058         194.423
           2059         194.423
           2060         194.423
           2061         194.423
           2062         194.423
           2063         193.446
           2064         193.446
           2065         193.446
           2066         193.446
           2067         193.446
           2068         193.446
           2069         193.446
           2070         193.446
           2071         193.446
           2072         193.446
           2073         193.446
           2074         193.446
           2075         193.446
           2076         193.446
           2077         193.446
           2078         193.446
           2079         193.446
           2080         193.446
           2081         193.446
           2082         193.446
           2083         193.446
           2084         193.446
           2085         192.469
           2086         192.469
           2087         192.469
           2088         192.469
           2089         192.469
           2090         192.469
           2091         192.469
           2092         192.469
           2093         192.469
           2094         192.469
           2095         192.469
           2096         192.469
           2097         192.469
           2098         192.469
           2099         192.469
           2100         192.469
           2101         192.469
           2102         192.469
           2103         192.469
           2104         191.492
           2105         191.492
           2106         191.492
           2107         191.492
           2108         191.492
           2109         191.492
           2110         191.492
           2111         191.492
           2112         191.492
           2113         191.492
           2114         191.492
           2115         191.492
           2116         190.515
           2117         190.515
           2118         190.515
           2119         190.515
           2120         190.515
           2121         190.515
           2122         190.515
           2123         190.515
           2124         190.515
           2125         190.515
           2126         190.515
           2127         190.515
           2128         190.515
           2129         189.538
           2130         189.538
           2131         189.538
           2132         189.538
           2133         189.538
           2134         189.538
           2135         189.538
           2136         189.538
           2137         189.538
           2138         189.538
           2139         189.538
           2140         189.538
           2141         189.538
           2142         189.538
           2143         189.538
           2144         189.538
           2145         189.538
           2146         189.538
           2147         189.538
           2148         189.538
           2149         188.561
           2150         188.561
           2151         188.561
           2152         188.561
           2153         188.561
           2154         188.561
           2155         187.584
           2156         187.584
           2157         187.584
           2158         187.584
           2159         187.584
           2160         186.607
           2161         186.607
           2162         186.607
           2163         186.607
           2164         186.607
           2165         186.607
           2166         186.607
           2167         186.607
           2168         186.607
           2169         185.630
           2170         185.630
           2171         185.630
           2172         185.630
           2173         185.630
           2174         185.630
           2175         185.630
           2176         184.653
           2177         184.653
           2178         184.653
           2179         184.653
           2180         183.676
           2181         183.676
           2182         183.676
           2183         182.699
           2184         182.699
           2185         182.699
           2186         182.699
           2187         182.699
           2188         182.699
           2189         182.699
           2190         181.722
           2191         181.722
           2192         181.722
           2193         181.722
           2194         181.722
           2195         181.722
           2196         181.722
           2197         181.722
           2198         180.745
           2199         180.745
           2200         180.745
           2201         180.745
           2202         180.745
           2203         180.745
           2204         180.745
           2205         180.745
           2206         179.768
           2207         179.768
           2208         179.768
           2209         179.768
           2210         179.768
           2211         179.768
           2212         179.768
           2213         179.768
           2214         179.768
           2215         179.768
           2216         179.768
           2217         179.768
           2218         179.768
           2219         179.768
           2220         179.768
           2221         179.768
           2222         179.768
           2223         179.768
           2224         178.791
           2225         178.791
           2226         178.791
           2227         178.791
           2228         178.791
           2229         178.791
           2230         178.791
           2231         178.791
           2232         178.791
           2233         177.814
           2234         177.814
           2235         177.814
           2236         177.814
           2237         177.814
           2238         177.814
           2239         177.814
           2240         177.814
           2241         177.814
           2242         176.837
           2243         176.837
           2244         176.837
           2245         176.837
           2246         176.837
           2247         176.837
           2248         176.837
           2249         176.837
           2250         176.837
           2251         175.860
           2252         175.860
           2253         175.860
           2254         175.860
           2255         175.860
           2256         175.860
           2257         175.860
           2258         175.860
           2259         175.860
           2260         175.860
           2261         175.860
           2262         175.860
           2263         175.860
           2264         175.860
           2265         174.883
           2266         174.883
           2267         174.883
           2268         174.883
           2269         174.883
           2270         174.883
           2271         174.883
           2272         174.883
           2273         174.883
           2274         174.883
           2275         174.883
           2276         174.883
           2277         174.883
           2278         174.883
           2279         174.883
           2280         174.883
           2281         174.883
           2282         174.883
           2283         174.883
           2284         174.883
           2285         174.883
           2286         174.883
           2287         174.883
           2288         174.883
           2289         174.883
           2290         173.906
           2291         173.906
           2292         173.906
           2293         173.906
           2294         173.906
           2295         173.906
           2296         173.906
           2297         173.906
           2298         173.906
           2299         173.906
           2300         173.906
           2301         173.906
           2302         173.906
           2303         173.906
           2304         172.929
           2305         172.929
           2306         172.929
           2307         172.929
           2308         172.929
           2309         172.929
           2310         172.929
           2311         172.929
           2312         171.952
           2313         171.952
           2314         171.952
           2315         171.952
           2316         171.952
           2317         171.952
           2318         171.952
           2319         171.952
           2320         170.975
           2321         170.975
           2322         170.975
           2323         170.975
           2324         170.975
           2325         170.975
           2326         170.975
           2327         169.998
           2328         169.998
           2329         169.998
           2330         169.998
           2331         169.998
           2332         169.998
           2333         169.998
           2334         169.998
           2335         169.998
           2336         169.021
           2337         169.021
           2338         169.021
           2339         169.021
           2340         169.021
           2341         169.021
           2342         169.021
           2343         169.021
           2344         169.021
           2345         169.021
           2346         168.044
           2347         168.044
           2348         168.044
           2349         168.044
           2350         168.044
           2351         167.067
           2352         167.067
           2353         167.067
           2354         167.067
           2355         167.067
