TRACENO
              1         112.355
              2         112.355
              3         112.355
              4         113.332
              5         113.332
              6         113.332
              7         113.332
              8         113.332
              9         113.332
             10         113.332
             11         113.332
             12         113.332
             13         113.332
             14         113.332
             15         113.332
             16         113.332
             17         113.332
             18         113.332
             19         113.332
             20         113.332
             21         113.332
             22         113.332
             23         113.332
             24         113.332
             25         113.332
             26         113.332
             27         113.332
             28         114.309
             29         114.309
             30         114.309
             31         114.309
             32         114.309
             33         114.309
             34         114.309
             35         114.309
             36         114.309
             37         114.309
             38         114.309
             39         114.309
             40         114.309
             41         114.309
             42         114.309
             43         115.286
             44         115.286
             45         115.286
             46         115.286
             47         115.286
             48         115.286
             49         115.286
             50         115.286
             51         115.286
             52         115.286
             53         115.286
             54         115.286
             55         115.286
             56         115.286
             57         115.286
             58         115.286
             59         115.286
             60         115.286
             61         115.286
             62         115.286
             63         115.286
             64         115.286
             65         115.286
             66         115.286
             67         116.263
             68         116.263
             69         117.240
             70         118.217
             71         118.217
             72         118.217
             73         118.217
             74         118.217
             75         118.217
             76         118.217
             77         117.240
             78         117.240
             79         117.240
             80         117.240
             81         117.240
             82         117.240
             83         117.240
             84         117.240
             85         118.217
             86         118.217
             87         118.217
             88         118.217
             89         118.217
             90         118.217
             91         119.194
             92         119.194
             93         119.194
             94         120.171
             95         120.171
             96         121.148
             97         121.148
             98         121.148
             99         122.125
            100         122.125
            101         123.102
            102         124.079
            103         124.079
            104         125.056
            105         126.033
            106         126.033
            107         126.033
            108         127.010
            109         127.010
            110         127.010
            111         127.010
            112         127.010
            113         127.987
            114         127.987
            115         127.987
            116         127.987
            117         127.987
            118         127.987
            119         127.987
            120         128.964
            121         128.964
            122         128.964
            123         128.964
            124         128.964
            125         128.964
            126         128.964
            127         128.964
            128         128.964
            129         128.964
            130         129.941
            131         129.941
            132         129.941
            133         129.941
            134         129.941
            135         129.941
            136         129.941
            137         129.941
            138         129.941
            139         130.918
            140         130.918
            141         130.918
            142         131.895
            143         131.895
            144         132.872
            145         132.872
            146         132.872
            147         132.872
            148         132.872
            149         132.872
            150         132.872
            151         133.849
            152         133.849
            153         133.849
            154         133.849
            155         134.826
            156         134.826
            157         134.826
            158         134.826
            159         135.803
            160         135.803
            161         135.803
            162         135.803
            163         135.803
            164         135.803
            165         135.803
            166         135.803
            167         135.803
            168         135.803
            169         134.826
            170         134.826
            171         134.826
            172         134.826
            173         134.826
            174         134.826
            175         134.826
            176         134.826
            177         134.826
            178         134.826
            179         135.803
            180         135.803
            181         135.803
            182         134.826
            183         134.826
            184         134.826
            185         134.826
            186         134.826
            187         134.826
            188         134.826
            189         134.826
            190         134.826
            191         134.826
            192         135.803
            193         135.803
            194         135.803
            195         135.803
            196         135.803
            197         135.803
            198         135.803
            199         135.803
            200         135.803
            201         135.803
            202         136.780
            203         136.780
            204         136.780
            205         136.780
            206         136.780
            207         136.780
            208         136.780
            209         137.757
            210         137.757
            211         137.757
            212         137.757
            213         137.757
            214         137.757
            215         137.757
            216         137.757
            217         138.734
            218         138.734
            219         138.734
            220         138.734
            221         138.734
            222         138.734
            223         138.734
            224         138.734
            225         138.734
            226         138.734
            227         139.711
            228         139.711
            229         139.711
            230         139.711
            231         139.711
            232         139.711
            233         139.711
            234         139.711
            235         139.711
            236         139.711
            237         139.711
            238         140.688
            239         140.688
            240         140.688
            241         140.688
            242         140.688
            243         140.688
            244         140.688
            245         140.688
            246         140.688
            247         140.688
            248         140.688
            249         140.688
            250         140.688
            251         140.688
            252         140.688
            253         140.688
            254         140.688
            255         140.688
            256         140.688
            257         140.688
            258         140.688
            259         140.688
            260         140.688
            261         140.688
            262         140.688
            263         140.688
            264         140.688
            265         140.688
            266         140.688
            267         140.688
            268         140.688
            269         140.688
            270         140.688
            271         140.688
            272         140.688
            273         140.688
            274         140.688
            275         140.688
            276         140.688
            277         140.688
            278         140.688
