TRACENO
              1         151.435
              2         151.435
              3         151.435
              4         151.435
              5         151.435
              6         151.435
              7         151.435
              8         151.435
              9         151.435
             10         151.435
             11         151.435
             12         151.435
             13         151.435
             14         151.435
             15         151.435
             16         151.435
             17         152.412
             18         152.412
             19         152.412
             20         152.412
             21         152.412
             22         152.412
             23         152.412
             24         152.412
             25         152.412
             26         152.412
             27         152.412
             28         152.412
             29         152.412
             30         152.412
             31         152.412
             32         152.412
             33         152.412
             34         152.412
             35         152.412
             36         152.412
             37         152.412
             38         152.412
             39         152.412
             40         152.412
             41         152.412
             42         152.412
             43         152.412
             44         152.412
             45         152.412
             46         152.412
             47         153.389
             48         153.389
             49         153.389
             50         153.389
             51         153.389
             52         153.389
             53         153.389
             54         153.389
             55         153.389
             56         153.389
             57         153.389
             58         153.389
             59         153.389
             60         153.389
             61         153.389
             62         153.389
             63         153.389
             64         153.389
             65         153.389
             66         153.389
             67         154.366
             68         154.366
             69         154.366
             70         154.366
             71         154.366
             72         154.366
             73         154.366
             74         154.366
             75         154.366
             76         154.366
             77         154.366
             78         154.366
             79         154.366
             80         154.366
             81         154.366
             82         154.366
             83         154.366
             84         154.366
             85         154.366
             86         154.366
             87         154.366
             88         154.366
             89         154.366
             90         154.366
             91         154.366
             92         154.366
             93         154.366
             94         154.366
             95         154.366
             96         154.366
             97         154.366
             98         155.343
             99         155.343
            100         155.343
            101         155.343
            102         155.343
            103         155.343
            104         155.343
            105         155.343
            106         155.343
            107         155.343
            108         156.320
            109         156.320
            110         156.320
            111         156.320
            112         156.320
            113         156.320
            114         156.320
            115         156.320
            116         156.320
            117         157.297
            118         157.297
            119         157.297
            120         157.297
            121         157.297
            122         157.297
            123         157.297
            124         157.297
            125         157.297
            126         157.297
            127         157.297
            128         157.297
            129         157.297
            130         157.297
            131         157.297
            132         157.297
            133         157.297
            134         157.297
            135         157.297
            136         157.297
            137         157.297
            138         157.297
            139         157.297
            140         157.297
            141         157.297
            142         157.297
            143         157.297
            144         157.297
            145         157.297
            146         157.297
            147         157.297
            148         157.297
            149         157.297
            150         157.297
            151         157.297
            152         157.297
            153         157.297
            154         157.297
            155         157.297
            156         157.297
            157         157.297
            158         157.297
            159         157.297
            160         157.297
            161         157.297
            162         158.274
            163         158.274
            164         158.274
            165         158.274
            166         158.274
            167         158.274
            168         158.274
            169         158.274
            170         158.274
            171         158.274
            172         158.274
            173         158.274
            174         158.274
            175         157.297
            176         157.297
            177         157.297
            178         157.297
            179         157.297
            180         157.297
            181         158.274
            182         158.274
            183         158.274
            184         158.274
            185         158.274
            186         158.274
            187         158.274
            188         158.274
            189         158.274
            190         159.251
            191         159.251
            192         159.251
            193         159.251
            194         159.251
            195         159.251
            196         159.251
            197         159.251
            198         159.251
            199         159.251
            200         159.251
            201         160.228
            202         160.228
            203         160.228
            204         160.228
            205         160.228
            206         160.228
            207         160.228
            208         160.228
            209         160.228
            210         160.228
            211         160.228
            212         160.228
            213         160.228
            214         160.228
            215         161.205
            216         161.205
            217         161.205
            218         161.205
            219         161.205
            220         161.205
            221         161.205
            222         161.205
            223         161.205
            224         161.205
            225         161.205
            226         161.205
            227         161.205
            228         161.205
            229         161.205
            230         161.205
            231         161.205
            232         161.205
            233         161.205
            234         161.205
            235         161.205
            236         161.205
            237         161.205
            238         161.205
            239         161.205
            240         161.205
            241         161.205
            242         161.205
            243         161.205
            244         161.205
            245         161.205
            246         161.205
            247         161.205
            248         161.205
            249         161.205
            250         161.205
            251         162.182
            252         162.182
            253         162.182
            254         162.182
            255         162.182
            256         162.182
            257         162.182
            258         162.182
            259         162.182
            260         162.182
            261         162.182
            262         162.182
            263         162.182
            264         162.182
            265         162.182
            266         162.182
            267         162.182
            268         162.182
            269         162.182
            270         162.182
            271         162.182
            272         162.182
            273         162.182
            274         162.182
            275         162.182
            276         162.182
            277         163.159
            278         163.159
            279         163.159
            280         163.159
            281         163.159
            282         163.159
            283         163.159
            284         163.159
            285         163.159
            286         163.159
            287         163.159
            288         163.159
            289         163.159
            290         163.159
            291         163.159
            292         163.159
            293         163.159
            294         163.159
            295         163.159
            296         163.159
            297         163.159
            298         163.159
            299         163.159
            300         163.159
            301         163.159
            302         163.159
            303         163.159
            304         163.159
            305         163.159
            306         163.159
            307         163.159
            308         163.159
            309         163.159
            310         163.159
            311         163.159
            312         163.159
            313         163.159
            314         163.159
            315         163.159
            316         163.159
            317         163.159
            318         163.159
            319         164.136
            320         164.136
            321         164.136
            322         164.136
            323         164.136
            324         164.136
            325         164.136
            326         164.136
            327         164.136
            328         164.136
            329         164.136
            330         164.136
            331         164.136
            332         164.136
            333         164.136
            334         164.136
            335         164.136
            336         164.136
            337         164.136
            338         164.136
            339         164.136
            340         164.136
            341         164.136
            342         164.136
            343         164.136
            344         164.136
            345         164.136
            346         164.136
            347         165.113
            348         165.113
            349         165.113
            350         165.113
            351         165.113
            352         165.113
            353         165.113
            354         165.113
            355         165.113
            356         165.113
            357         165.113
            358         165.113
            359         165.113
            360         165.113
            361         165.113
            362         165.113
            363         165.113
            364         165.113
            365         165.113
            366         165.113
            367         165.113
            368         165.113
            369         165.113
            370         165.113
            371         165.113
            372         165.113
            373         165.113
            374         165.113
            375         165.113
            376         165.113
            377         165.113
            378         165.113
            379         165.113
            380         165.113
            381         165.113
            382         164.136
            383         164.136
            384         164.136
            385         164.136
            386         164.136
            387         164.136
            388         164.136
            389         164.136
            390         164.136
            391         164.136
            392         164.136
            393         164.136
            394         164.136
            395         164.136
            396         164.136
            397         164.136
            398         164.136
            399         164.136
            400         164.136
            401         164.136
            402         164.136
            403         164.136
            404         164.136
            405         164.136
            406         164.136
            407         164.136
            408         164.136
            409         164.136
            410         164.136
            411         164.136
            412         164.136
            413         164.136
            414         164.136
            415         164.136
            416         164.136
            417         164.136
            418         164.136
            419         164.136
            420         164.136
            421         164.136
            422         164.136
            423         164.136
            424         164.136
            425         164.136
            426         164.136
            427         164.136
            428         164.136
            429         164.136
            430         164.136
            431         164.136
            432         164.136
            433         164.136
            434         165.113
            435         165.113
            436         165.113
            437         165.113
            438         165.113
            439         165.113
            440         165.113
            441         165.113
            442         165.113
            443         165.113
            444         165.113
            445         165.113
            446         165.113
            447         165.113
            448         165.113
            449         165.113
            450         165.113
            451         165.113
            452         165.113
            453         165.113
            454         165.113
            455         165.113
            456         165.113
            457         165.113
            458         165.113
            459         165.113
            460         165.113
            461         165.113
            462         165.113
            463         165.113
            464         165.113
            465         165.113
            466         165.113
            467         165.113
            468         165.113
            469         165.113
            470         165.113
            471         165.113
            472         165.113
            473         165.113
            474         165.113
            475         165.113
            476         165.113
            477         165.113
            478         165.113
            479         165.113
            480         165.113
            481         165.113
            482         165.113
            483         165.113
            484         165.113
            485         165.113
            486         165.113
            487         165.113
            488         165.113
            489         165.113
            490         165.113
            491         165.113
            492         165.113
            493         165.113
            494         165.113
            495         165.113
            496         165.113
            497         165.113
            498         165.113
            499         165.113
            500         165.113
            501         165.113
            502         165.113
            503         165.113
            504         165.113
            505         165.113
            506         165.113
            507         165.113
            508         165.113
            509         166.090
            510         166.090
            511         166.090
            512         166.090
            513         166.090
            514         166.090
            515         166.090
            516         166.090
            517         166.090
            518         166.090
            519         166.090
            520         166.090
            521         166.090
            522         166.090
            523         166.090
            524         166.090
            525         166.090
            526         166.090
            527         166.090
            528         166.090
            529         166.090
            530         166.090
            531         166.090
            532         166.090
            533         166.090
            534         166.090
            535         166.090
            536         166.090
            537         166.090
            538         166.090
            539         166.090
            540         166.090
            541         166.090
            542         166.090
            543         166.090
            544         166.090
            545         166.090
            546         166.090
            547         166.090
            548         166.090
            549         166.090
            550         166.090
            551         166.090
            552         166.090
            553         166.090
            554         166.090
            555         166.090
            556         166.090
            557         166.090
            558         166.090
            559         166.090
            560         166.090
            561         166.090
            562         166.090
            563         166.090
            564         166.090
            565         165.113
            566         165.113
            567         165.113
            568         165.113
            569         165.113
            570         165.113
            571         165.113
            572         165.113
            573         165.113
            574         165.113
            575         165.113
            576         165.113
            577         165.113
            578         165.113
            579         165.113
            580         165.113
            581         165.113
            582         165.113
            583         165.113
            584         165.113
            585         165.113
            586         165.113
            587         165.113
            588         165.113
            589         165.113
            590         165.113
            591         165.113
            592         165.113
            593         165.113
            594         165.113
            595         164.136
            596         164.136
            597         164.136
            598         164.136
            599         164.136
            600         164.136
            601         164.136
            602         164.136
            603         164.136
            604         164.136
            605         164.136
            606         164.136
            607         164.136
            608         164.136
            609         164.136
            610         164.136
            611         164.136
            612         164.136
            613         164.136
            614         164.136
            615         164.136
            616         164.136
            617         164.136
            618         164.136
            619         164.136
            620         164.136
            621         164.136
            622         164.136
            623         165.113
            624         165.113
            625         165.113
            626         165.113
            627         165.113
            628         165.113
            629         165.113
            630         165.113
            631         165.113
            632         165.113
            633         165.113
            634         165.113
            635         165.113
            636         165.113
            637         165.113
            638         165.113
            639         165.113
            640         165.113
            641         165.113
            642         165.113
            643         165.113
            644         165.113
            645         165.113
            646         165.113
            647         165.113
            648         165.113
            649         165.113
            650         165.113
            651         165.113
            652         165.113
            653         164.136
            654         164.136
            655         164.136
            656         164.136
            657         164.136
            658         164.136
            659         164.136
            660         164.136
            661         164.136
            662         164.136
            663         164.136
            664         164.136
            665         164.136
            666         164.136
            667         164.136
            668         164.136
            669         164.136
            670         164.136
            671         164.136
            672         164.136
            673         164.136
            674         164.136
            675         164.136
            676         164.136
            677         164.136
            678         164.136
            679         164.136
            680         164.136
            681         164.136
            682         164.136
            683         164.136
            684         164.136
            685         164.136
            686         164.136
            687         164.136
            688         164.136
            689         164.136
            690         164.136
            691         164.136
            692         164.136
            693         164.136
            694         164.136
            695         164.136
            696         164.136
            697         164.136
            698         164.136
            699         164.136
            700         164.136
            701         164.136
            702         164.136
            703         164.136
            704         164.136
            705         164.136
            706         164.136
            707         164.136
            708         164.136
            709         164.136
            710         164.136
            711         165.113
            712         165.113
            713         165.113
            714         165.113
            715         165.113
            716         165.113
            717         165.113
            718         165.113
            719         165.113
            720         165.113
            721         165.113
            722         165.113
            723         165.113
            724         165.113
            725         165.113
            726         165.113
            727         165.113
            728         165.113
            729         165.113
            730         165.113
            731         165.113
            732         165.113
            733         165.113
            734         165.113
            735         165.113
            736         165.113
            737         165.113
            738         165.113
            739         165.113
            740         165.113
            741         165.113
            742         164.136
            743         164.136
            744         164.136
            745         164.136
            746         164.136
            747         164.136
            748         164.136
            749         164.136
            750         164.136
            751         164.136
            752         164.136
            753         164.136
            754         164.136
            755         164.136
            756         164.136
            757         164.136
            758         164.136
            759         164.136
            760         164.136
            761         164.136
            762         164.136
            763         164.136
            764         164.136
            765         164.136
            766         164.136
            767         164.136
            768         164.136
            769         164.136
            770         164.136
            771         164.136
            772         164.136
            773         164.136
            774         164.136
            775         164.136
            776         164.136
            777         164.136
            778         164.136
            779         164.136
            780         164.136
            781         164.136
            782         164.136
            783         163.159
            784         163.159
            785         163.159
            786         163.159
            787         163.159
            788         163.159
            789         163.159
            790         163.159
            791         163.159
            792         163.159
            793         163.159
            794         163.159
            795         163.159
            796         163.159
            797         163.159
            798         163.159
            799         163.159
            800         163.159
            801         163.159
            802         163.159
            803         163.159
            804         163.159
            805         162.182
            806         162.182
            807         162.182
            808         162.182
            809         162.182
            810         162.182
            811         162.182
            812         162.182
            813         162.182
            814         162.182
            815         162.182
            816         162.182
            817         162.182
            818         162.182
            819         162.182
            820         162.182
            821         162.182
            822         162.182
            823         162.182
            824         162.182
            825         162.182
            826         162.182
            827         162.182
            828         162.182
            829         162.182
            830         162.182
            831         162.182
            832         162.182
            833         162.182
            834         162.182
            835         162.182
            836         162.182
            837         162.182
            838         162.182
            839         162.182
            840         162.182
            841         162.182
            842         162.182
            843         162.182
            844         162.182
            845         162.182
            846         162.182
            847         162.182
            848         162.182
            849         162.182
            850         162.182
            851         162.182
            852         162.182
            853         162.182
            854         163.159
            855         163.159
            856         163.159
            857         163.159
            858         163.159
            859         163.159
            860         163.159
            861         163.159
            862         163.159
            863         163.159
            864         163.159
            865         163.159
            866         163.159
            867         163.159
            868         163.159
            869         163.159
            870         163.159
            871         163.159
            872         163.159
            873         163.159
            874         163.159
            875         163.159
            876         163.159
            877         163.159
            878         163.159
            879         163.159
            880         163.159
            881         163.159
            882         163.159
            883         163.159
            884         163.159
            885         163.159
            886         163.159
            887         163.159
            888         163.159
            889         163.159
            890         163.159
            891         163.159
            892         163.159
            893         163.159
            894         163.159
            895         163.159
            896         163.159
            897         163.159
            898         163.159
            899         163.159
            900         163.159
            901         163.159
            902         163.159
            903         163.159
            904         163.159
            905         163.159
            906         163.159
            907         163.159
            908         163.159
            909         163.159
            910         163.159
            911         163.159
            912         162.182
            913         162.182
            914         162.182
            915         162.182
            916         162.182
            917         162.182
            918         162.182
            919         162.182
            920         162.182
            921         162.182
            922         162.182
            923         162.182
            924         162.182
            925         162.182
            926         162.182
            927         162.182
            928         162.182
            929         162.182
            930         162.182
            931         163.159
            932         163.159
            933         163.159
            934         163.159
            935         163.159
            936         163.159
            937         163.159
            938         163.159
            939         163.159
            940         163.159
            941         163.159
            942         163.159
            943         163.159
            944         163.159
            945         163.159
            946         163.159
            947         163.159
            948         163.159
            949         163.159
            950         163.159
            951         163.159
            952         163.159
            953         163.159
            954         163.159
            955         163.159
            956         163.159
            957         163.159
            958         163.159
            959         163.159
            960         163.159
            961         163.159
            962         163.159
            963         163.159
            964         163.159
            965         163.159
            966         163.159
            967         163.159
            968         162.182
            969         162.182
            970         162.182
            971         162.182
            972         162.182
            973         162.182
            974         162.182
            975         162.182
            976         162.182
            977         162.182
            978         162.182
            979         162.182
            980         162.182
            981         162.182
            982         162.182
            983         162.182
            984         162.182
            985         162.182
            986         162.182
            987         162.182
            988         162.182
            989         162.182
            990         162.182
            991         162.182
            992         162.182
            993         162.182
            994         162.182
            995         162.182
            996         162.182
            997         162.182
            998         162.182
            999         162.182
           1000         162.182
           1001         162.182
           1002         162.182
           1003         162.182
           1004         163.159
           1005         163.159
           1006         163.159
           1007         163.159
           1008         163.159
           1009         163.159
           1010         163.159
           1011         163.159
           1012         163.159
           1013         163.159
           1014         163.159
           1015         163.159
           1016         163.159
           1017         163.159
           1018         163.159
           1019         163.159
           1020         163.159
           1021         163.159
           1022         163.159
           1023         163.159
           1024         163.159
           1025         163.159
           1026         163.159
           1027         163.159
           1028         163.159
           1029         163.159
           1030         163.159
           1031         163.159
           1032         163.159
           1033         163.159
           1034         163.159
           1035         163.159
           1036         163.159
           1037         163.159
           1038         163.159
           1039         163.159
           1040         163.159
           1041         163.159
           1042         163.159
           1043         163.159
           1044         163.159
           1045         163.159
           1046         163.159
           1047         163.159
           1048         163.159
           1049         163.159
           1050         163.159
           1051         163.159
           1052         163.159
           1053         163.159
           1054         163.159
           1055         163.159
           1056         163.159
           1057         163.159
           1058         163.159
           1059         163.159
           1060         163.159
           1061         163.159
           1062         163.159
           1063         164.136
           1064         164.136
           1065         164.136
           1066         164.136
           1067         164.136
           1068         164.136
           1069         164.136
           1070         164.136
           1071         164.136
           1072         164.136
           1073         164.136
           1074         164.136
           1075         164.136
           1076         164.136
           1077         164.136
           1078         164.136
           1079         164.136
           1080         164.136
           1081         164.136
           1082         164.136
           1083         164.136
           1084         164.136
           1085         164.136
           1086         164.136
           1087         164.136
           1088         164.136
           1089         164.136
           1090         164.136
           1091         164.136
           1092         164.136
           1093         164.136
           1094         164.136
           1095         164.136
           1096         164.136
           1097         164.136
           1098         164.136
           1099         164.136
           1100         164.136
           1101         164.136
           1102         164.136
           1103         164.136
           1104         164.136
           1105         164.136
           1106         164.136
           1107         164.136
           1108         164.136
           1109         164.136
           1110         164.136
           1111         164.136
           1112         164.136
           1113         164.136
           1114         164.136
           1115         164.136
           1116         164.136
           1117         164.136
           1118         164.136
           1119         164.136
           1120         164.136
           1121         164.136
           1122         164.136
           1123         164.136
           1124         164.136
           1125         164.136
           1126         164.136
           1127         164.136
           1128         164.136
           1129         164.136
           1130         164.136
           1131         164.136
           1132         164.136
           1133         164.136
           1134         164.136
           1135         164.136
           1136         164.136
           1137         164.136
           1138         164.136
           1139         164.136
           1140         164.136
           1141         164.136
           1142         164.136
           1143         164.136
           1144         164.136
           1145         164.136
           1146         164.136
           1147         164.136
           1148         164.136
           1149         164.136
           1150         164.136
           1151         164.136
           1152         164.136
           1153         164.136
           1154         164.136
           1155         164.136
           1156         164.136
           1157         164.136
           1158         164.136
           1159         164.136
           1160         164.136
           1161         164.136
           1162         164.136
           1163         164.136
           1164         164.136
           1165         164.136
           1166         164.136
           1167         164.136
           1168         164.136
           1169         164.136
           1170         164.136
           1171         164.136
           1172         164.136
           1173         164.136
           1174         164.136
           1175         164.136
           1176         164.136
           1177         164.136
           1178         164.136
           1179         164.136
           1180         164.136
           1181         164.136
           1182         164.136
           1183         164.136
           1184         164.136
           1185         164.136
           1186         164.136
           1187         164.136
           1188         164.136
           1189         164.136
           1190         164.136
           1191         164.136
           1192         164.136
           1193         164.136
           1194         164.136
           1195         164.136
           1196         164.136
           1197         164.136
           1198         164.136
           1199         164.136
           1200         164.136
           1201         164.136
           1202         164.136
           1203         164.136
           1204         164.136
           1205         164.136
           1206         164.136
           1207         164.136
           1208         164.136
           1209         164.136
           1210         164.136
           1211         164.136
           1212         164.136
           1213         164.136
           1214         164.136
           1215         164.136
           1216         164.136
           1217         164.136
           1218         164.136
           1219         164.136
           1220         164.136
           1221         164.136
           1222         164.136
           1223         164.136
           1224         164.136
           1225         164.136
           1226         164.136
           1227         164.136
           1228         164.136
           1229         164.136
           1230         164.136
           1231         164.136
           1232         163.159
           1233         163.159
           1234         163.159
           1235         163.159
           1236         163.159
           1237         163.159
           1238         163.159
           1239         163.159
           1240         163.159
           1241         163.159
           1242         163.159
           1243         163.159
           1244         163.159
           1245         163.159
           1246         163.159
           1247         163.159
           1248         163.159
           1249         163.159
           1250         163.159
           1251         163.159
           1252         163.159
           1253         163.159
           1254         163.159
           1255         163.159
           1256         163.159
           1257         163.159
           1258         163.159
           1259         163.159
           1260         163.159
           1261         163.159
           1262         163.159
           1263         163.159
           1264         163.159
           1265         163.159
           1266         163.159
           1267         164.136
           1268         164.136
           1269         164.136
           1270         164.136
           1271         164.136
           1272         164.136
           1273         164.136
           1274         164.136
           1275         164.136
           1276         164.136
           1277         164.136
           1278         164.136
           1279         164.136
           1280         164.136
           1281         164.136
           1282         164.136
           1283         164.136
           1284         164.136
           1285         163.159
           1286         163.159
           1287         163.159
           1288         163.159
           1289         163.159
           1290         163.159
           1291         163.159
           1292         163.159
           1293         162.182
           1294         162.182
           1295         162.182
           1296         162.182
           1297         162.182
           1298         162.182
           1299         162.182
           1300         162.182
           1301         162.182
           1302         162.182
           1303         162.182
           1304         162.182
           1305         162.182
           1306         161.205
           1307         161.205
           1308         161.205
           1309         161.205
           1310         161.205
           1311         161.205
           1312         161.205
           1313         161.205
           1314         161.205
           1315         161.205
           1316         160.228
           1317         160.228
           1318         160.228
           1319         160.228
           1320         160.228
           1321         160.228
           1322         160.228
           1323         160.228
           1324         160.228
           1325         160.228
           1326         160.228
           1327         159.251
           1328         159.251
           1329         159.251
           1330         159.251
           1331         159.251
           1332         159.251
           1333         159.251
           1334         159.251
           1335         159.251
           1336         159.251
           1337         159.251
           1338         158.274
           1339         158.274
           1340         158.274
           1341         158.274
           1342         158.274
           1343         158.274
           1344         158.274
           1345         158.274
           1346         158.274
           1347         158.274
           1348         158.274
           1349         158.274
           1350         158.274
           1351         158.274
           1352         158.274
           1353         158.274
           1354         157.297
           1355         157.297
           1356         157.297
           1357         157.297
           1358         157.297
           1359         157.297
           1360         157.297
           1361         157.297
           1362         157.297
           1363         157.297
           1364         157.297
           1365         157.297
           1366         157.297
           1367         157.297
           1368         157.297
           1369         157.297
           1370         157.297
           1371         157.297
           1372         157.297
           1373         156.320
           1374         156.320
           1375         156.320
           1376         156.320
           1377         156.320
           1378         156.320
           1379         156.320
           1380         156.320
           1381         156.320
           1382         155.343
           1383         155.343
           1384         155.343
           1385         155.343
           1386         155.343
           1387         155.343
           1388         155.343
           1389         155.343
           1390         155.343
           1391         155.343
           1392         155.343
           1393         155.343
           1394         155.343
           1395         155.343
           1396         155.343
           1397         155.343
           1398         155.343
           1399         155.343
           1400         155.343
           1401         155.343
           1402         155.343
           1403         154.366
           1404         154.366
           1405         154.366
           1406         154.366
           1407         154.366
           1408         154.366
           1409         154.366
           1410         153.389
           1411         153.389
           1412         153.389
           1413         153.389
           1414         153.389
           1415         153.389
           1416         152.412
           1417         152.412
           1418         152.412
           1419         152.412
           1420         152.412
           1421         152.412
           1422         151.435
           1423         151.435
           1424         151.435
           1425         151.435
           1426         151.435
           1427         150.458
           1428         150.458
           1429         150.458
           1430         150.458
           1431         150.458
           1432         150.458
           1433         149.481
           1434         149.481
           1435         149.481
           1436         149.481
           1437         149.481
           1438         149.481
           1439         149.481
           1440         149.481
           1441         149.481
           1442         149.481
           1443         149.481
           1444         148.504
           1445         148.504
           1446         148.504
           1447         148.504
           1448         148.504
           1449         148.504
           1450         148.504
           1451         148.504
           1452         148.504
           1453         148.504
           1454         147.527
           1455         147.527
           1456         147.527
           1457         147.527
           1458         147.527
           1459         147.527
           1460         147.527
           1461         147.527
           1462         147.527
           1463         147.527
           1464         147.527
           1465         147.527
           1466         147.527
           1467         147.527
           1468         147.527
           1469         147.527
           1470         147.527
           1471         147.527
           1472         147.527
           1473         147.527
           1474         147.527
           1475         147.527
           1476         147.527
           1477         147.527
           1478         147.527
           1479         147.527
           1480         147.527
           1481         146.550
           1482         146.550
           1483         146.550
           1484         146.550
           1485         146.550
           1486         146.550
           1487         146.550
           1488         146.550
           1489         146.550
           1490         146.550
           1491         146.550
           1492         146.550
           1493         146.550
           1494         146.550
           1495         146.550
           1496         146.550
           1497         146.550
           1498         146.550
           1499         146.550
           1500         146.550
           1501         146.550
           1502         146.550
           1503         146.550
           1504         146.550
           1505         146.550
           1506         146.550
           1507         146.550
           1508         146.550
           1509         146.550
           1510         146.550
           1511         146.550
           1512         146.550
           1513         146.550
           1514         146.550
           1515         146.550
           1516         146.550
           1517         146.550
           1518         146.550
           1519         146.550
           1520         146.550
           1521         146.550
           1522         146.550
           1523         146.550
           1524         146.550
           1525         146.550
           1526         146.550
           1527         146.550
           1528         146.550
           1529         146.550
           1530         146.550
           1531         146.550
           1532         146.550
           1533         145.573
           1534         145.573
           1535         145.573
           1536         145.573
           1537         145.573
           1538         145.573
           1539         145.573
           1540         144.596
           1541         144.596
           1542         144.596
           1543         143.619
           1544         142.642
           1545         141.665
           1546         140.688
           1547         140.688
           1548         139.711
           1549         139.711
           1550         138.734
           1551         138.734
           1552         137.757
           1553         137.757
           1554         137.757
           1555         137.757
           1556         136.780
           1557         136.780
           1558         136.780
           1559         135.803
           1560         135.803
           1561         135.803
           1562         134.826
           1563         134.826
           1564         134.826
           1565         134.826
           1566         133.849
           1567         133.849
           1568         133.849
           1569         133.849
           1570         133.849
           1571         133.849
           1572         133.849
           1573         133.849
           1574         133.849
           1575         133.849
           1576         133.849
           1577         133.849
           1578         133.849
           1579         133.849
           1580         133.849
           1581         133.849
           1582         133.849
           1583         132.872
           1584         132.872
           1585         132.872
           1586         132.872
           1587         132.872
           1588         132.872
           1589         132.872
           1590         132.872
           1591         132.872
           1592         132.872
           1593         132.872
           1594         133.849
           1595         133.849
           1596         133.849
           1597         134.826
           1598         134.826
           1599         134.826
           1600         134.826
           1601         135.803
           1602         135.803
           1603         135.803
           1604         136.780
           1605         136.780
           1606         136.780
           1607         137.757
           1608         137.757
           1609         138.734
           1610         138.734
           1611         138.734
           1612         139.711
           1613         139.711
           1614         139.711
           1615         139.711
           1616         140.688
           1617         140.688
           1618         140.688
           1619         140.688
           1620         141.665
           1621         141.665
           1622         141.665
           1623         141.665
           1624         141.665
           1625         141.665
           1626         142.642
           1627         142.642
           1628         142.642
           1629         142.642
           1630         142.642
           1631         142.642
           1632         142.642
           1633         143.619
           1634         143.619
           1635         143.619
           1636         143.619
           1637         143.619
           1638         143.619
           1639         143.619
           1640         143.619
           1641         143.619
           1642         143.619
           1643         143.619
           1644         143.619
           1645         144.596
           1646         145.573
           1647         145.573
           1648         146.550
           1649         146.550
           1650         146.550
           1651         145.573
           1652         145.573
           1653         144.596
           1654         144.596
           1655         144.596
           1656         144.596
           1657         143.619
           1658         143.619
           1659         143.619
           1660         143.619
           1661         143.619
           1662         143.619
           1663         143.619
           1664         142.642
           1665         142.642
           1666         142.642
           1667         141.665
           1668         141.665
           1669         141.665
           1670         141.665
           1671         140.688
           1672         140.688
           1673         139.711
           1674         138.734
           1675         138.734
           1676         138.734
           1677         137.757
           1678         137.757
           1679         137.757
           1680         136.780
           1681         136.780
           1682         135.803
           1683         135.803
           1684         135.803
           1685         134.826
           1686         134.826
           1687         133.849
           1688         133.849
           1689         133.849
           1690         132.872
           1691         132.872
           1692         132.872
           1693         131.895
           1694         131.895
           1695         131.895
           1696         130.918
           1697         130.918
           1698         130.918
           1699         130.918
           1700         130.918
           1701         130.918
           1702         130.918
           1703         129.941
           1704         129.941
           1705         129.941
           1706         129.941
           1707         129.941
           1708         129.941
           1709         129.941
           1710         129.941
           1711         130.918
           1712         130.918
           1713         130.918
           1714         130.918
           1715         130.918
           1716         130.918
           1717         130.918
           1718         131.895
           1719         131.895
           1720         131.895
           1721         131.895
           1722         132.872
           1723         132.872
           1724         132.872
           1725         133.849
           1726         133.849
           1727         133.849
           1728         134.826
           1729         134.826
           1730         134.826
           1731         135.803
           1732         135.803
           1733         135.803
           1734         136.780
           1735         137.757
           1736         138.734
           1737         139.711
           1738         139.711
           1739         140.688
           1740         141.665
           1741         142.642
           1742         143.619
           1743         145.573
           1744         145.573
           1745         146.550
           1746         147.527
           1747         152.412
           1748         153.389
           1749         155.343
           1750         156.320
           1751         157.297
           1752         158.274
           1753         159.251
           1754         160.228
           1755         162.182
           1756         163.159
           1757         164.136
           1758         165.113
           1759         165.113
           1760         166.090
           1761         166.090
           1762         167.067
           1763         167.067
           1764         168.044
           1765         168.044
           1766         169.021
           1767         169.021
           1768         169.021
           1769         169.998
           1770         169.998
           1771         169.998
           1772         169.998
           1773         169.998
           1774         170.975
           1775         170.975
           1776         170.975
           1777         171.952
           1778         171.952
           1779         171.952
           1780         172.929
           1781         172.929
           1782         172.929
           1783         173.906
           1784         173.906
           1785         174.883
           1786         174.883
           1787         174.883
           1788         175.860
           1789         175.860
           1790         176.837
           1791         176.837
           1792         176.837
           1793         177.814
           1794         177.814
           1795         178.791
           1796         178.791
           1797         179.768
           1798         178.791
           1799         177.814
           1800         177.814
           1801         176.837
           1802         176.837
           1803         175.860
           1804         175.860
           1805         174.883
           1806         173.906
           1807         173.906
           1808         172.929
           1809         171.952
           1810         171.952
           1811         170.975
           1812         169.998
           1813         169.998
           1814         169.021
           1815         169.021
           1816         168.044
           1817         168.044
           1818         167.067
           1819         166.090
           1820         165.113
           1821         164.136
           1822         163.159
           1823         163.159
           1824         163.159
           1825         162.182
           1826         162.182
           1827         161.205
           1828         161.205
           1829         161.205
           1830         160.228
           1831         160.228
           1832         159.251
           1833         159.251
           1834         159.251
           1835         158.274
           1836         157.297
           1837         156.320
           1838         155.343
           1839         154.366
           1840         154.366
           1841         153.389
           1842         152.412
           1843         151.435
           1844         150.458
           1845         150.458
           1846         150.458
           1847         150.458
           1848         150.458
           1849         150.458
           1850         150.458
           1851         149.481
           1852         149.481
           1853         149.481
           1854         149.481
           1855         149.481
           1856         148.504
           1857         147.527
           1858         146.550
           1859         145.573
           1860         145.573
           1861         144.596
           1862         143.619
           1863         143.619
           1864         142.642
           1865         142.642
           1866         141.665
           1867         140.688
           1868         140.688
           1869         139.711
           1870         138.734
           1871         138.734
           1872         137.757
           1873         136.780
           1874         135.803
           1875         134.826
           1876         134.826
           1877         134.826
           1878         133.849
           1879         133.849
           1880         132.872
           1881         132.872
           1882         131.895
           1883         131.895
           1884         130.918
           1885         130.918
           1886         130.918
           1887         129.941
           1888         129.941
           1889         129.941
           1890         128.964
           1891         128.964
           1892         128.964
           1893         127.987
           1894         127.987
           1895         127.987
           1896         127.010
           1897         127.010
           1898         127.010
           1899         126.033
           1900         126.033
           1901         126.033
           1902         126.033
           1903         125.056
           1904         125.056
           1905         125.056
           1906         125.056
           1907         125.056
           1908         124.079
           1909         124.079
           1910         124.079
           1911         124.079
           1912         124.079
           1913         123.102
           1914         123.102
           1915         123.102
           1916         123.102
           1917         123.102
           1918         123.102
           1919         122.125
           1920         122.125
           1921         122.125
           1922         122.125
           1923         122.125
           1924         122.125
           1925         121.148
           1926         121.148
           1927         121.148
           1928         121.148
           1929         121.148
           1930         121.148
           1931         120.171
           1932         120.171
           1933         120.171
