TRACENO
              1         110.401
              2         110.401
              3         110.401
              4         110.401
              5         110.401
              6         110.401
              7         110.401
              8         110.401
              9         110.401
             10         110.401
             11         110.401
             12         110.401
             13         110.401
             14         110.401
             15         110.401
             16         110.401
             17         110.401
             18         110.401
             19         110.401
             20         110.401
             21         110.401
             22         110.401
             23         110.401
             24         110.401
             25         110.401
             26         110.401
             27         110.401
             28         110.401
             29         110.401
             30         110.401
             31         110.401
             32         110.401
             33         110.401
             34         110.401
             35         110.401
             36         110.401
             37         110.401
             38         110.401
             39         110.401
             40         110.401
             41         110.401
             42         110.401
             43         110.401
             44         110.401
             45         110.401
             46         110.401
             47         110.401
             48         110.401
             49         110.401
             50         110.401
             51         110.401
             52         110.401
             53         110.401
             54         110.401
             55         110.401
             56         110.401
             57         110.401
             58         110.401
             59         110.401
             60         110.401
             61         110.401
             62         110.401
             63         110.401
             64         110.401
             65         110.401
             66         110.401
             67         110.401
             68         110.401
             69         110.401
             70         110.401
             71         110.401
             72         110.401
             73         111.378
             74         111.378
             75         111.378
             76         111.378
             77         111.378
             78         111.378
             79         111.378
             80         111.378
             81         111.378
             82         111.378
             83         111.378
             84         111.378
             85         111.378
             86         111.378
             87         111.378
             88         111.378
             89         111.378
             90         111.378
             91         111.378
             92         111.378
             93         111.378
             94         111.378
             95         111.378
             96         111.378
             97         111.378
             98         111.378
             99         111.378
            100         111.378
            101         111.378
            102         111.378
            103         111.378
            104         111.378
            105         111.378
            106         111.378
            107         111.378
            108         111.378
            109         111.378
            110         111.378
            111         111.378
            112         111.378
            113         111.378
            114         111.378
            115         111.378
            116         111.378
            117         111.378
            118         111.378
            119         111.378
            120         111.378
            121         111.378
            122         111.378
            123         111.378
            124         111.378
            125         111.378
            126         111.378
            127         111.378
            128         111.378
            129         111.378
            130         111.378
            131         111.378
            132         111.378
            133         111.378
            134         111.378
            135         111.378
            136         111.378
            137         111.378
            138         111.378
            139         111.378
            140         111.378
            141         111.378
            142         111.378
            143         111.378
            144         111.378
            145         111.378
            146         111.378
            147         111.378
            148         111.378
            149         111.378
            150         111.378
            151         111.378
            152         111.378
            153         111.378
            154         111.378
            155         111.378
            156         111.378
            157         111.378
            158         111.378
            159         111.378
            160         111.378
            161         111.378
            162         111.378
            163         111.378
            164         111.378
            165         111.378
            166         112.355
            167         112.355
            168         112.355
            169         112.355
            170         112.355
            171         112.355
            172         112.355
            173         112.355
            174         112.355
            175         112.355
            176         112.355
            177         112.355
            178         112.355
            179         112.355
            180         112.355
            181         112.355
            182         112.355
            183         112.355
            184         112.355
            185         112.355
            186         112.355
            187         113.332
            188         113.332
            189         114.309
            190         114.309
            191         114.309
            192         114.309
            193         114.309
            194         114.309
            195         114.309
            196         114.309
            197         114.309
            198         114.309
            199         114.309
            200         114.309
            201         114.309
            202         114.309
            203         114.309
            204         114.309
            205         114.309
            206         114.309
            207         114.309
            208         114.309
            209         114.309
            210         114.309
            211         114.309
            212         114.309
            213         114.309
            214         114.309
            215         114.309
            216         114.309
            217         114.309
            218         114.309
            219         114.309
            220         114.309
            221         114.309
            222         114.309
            223         114.309
            224         114.309
            225         114.309
            226         114.309
            227         114.309
            228         114.309
            229         114.309
            230         114.309
            231         114.309
            232         114.309
            233         114.309
            234         114.309
            235         114.309
            236         114.309
            237         114.309
            238         114.309
            239         114.309
            240         114.309
            241         114.309
            242         114.309
            243         114.309
            244         114.309
            245         114.309
            246         114.309
            247         114.309
            248         114.309
            249         114.309
            250         114.309
            251         114.309
            252         114.309
            253         114.309
            254         114.309
            255         114.309
            256         114.309
            257         114.309
            258         114.309
            259         114.309
            260         114.309
            261         114.309
            262         114.309
            263         114.309
            264         114.309
            265         114.309
            266         114.309
            267         114.309
            268         114.309
            269         114.309
            270         114.309
            271         114.309
            272         114.309
            273         114.309
            274         114.309
            275         114.309
            276         114.309
            277         114.309
            278         114.309
            279         114.309
            280         114.309
            281         114.309
            282         114.309
            283         115.286
            284         115.286
            285         115.286
            286         115.286
            287         115.286
            288         115.286
            289         115.286
            290         115.286
            291         115.286
            292         115.286
            293         115.286
            294         115.286
            295         115.286
            296         115.286
            297         116.263
            298         116.263
            299         116.263
            300         115.286
            301         115.286
            302         115.286
            303         115.286
            304         115.286
            305         115.286
            306         115.286
            307         115.286
            308         115.286
            309         115.286
            310         115.286
            311         115.286
            312         115.286
            313         115.286
            314         115.286
            315         115.286
            316         115.286
            317         115.286
            318         115.286
            319         115.286
            320         115.286
            321         115.286
            322         115.286
            323         115.286
            324         115.286
            325         115.286
            326         115.286
            327         115.286
            328         115.286
            329         115.286
            330         115.286
            331         115.286
            332         115.286
            333         115.286
            334         115.286
            335         115.286
            336         115.286
            337         115.286
            338         115.286
            339         115.286
            340         115.286
            341         115.286
            342         115.286
            343         115.286
            344         115.286
            345         115.286
            346         115.286
            347         115.286
            348         115.286
            349         115.286
            350         115.286
            351         115.286
            352         115.286
            353         115.286
            354         115.286
            355         115.286
            356         115.286
            357         115.286
            358         115.286
            359         115.286
            360         115.286
            361         115.286
            362         115.286
            363         115.286
            364         115.286
            365         115.286
            366         115.286
            367         115.286
            368         115.286
            369         115.286
            370         115.286
            371         115.286
            372         115.286
            373         115.286
            374         115.286
            375         115.286
            376         115.286
            377         115.286
            378         115.286
            379         115.286
            380         115.286
            381         115.286
            382         115.286
            383         115.286
            384         115.286
            385         115.286
            386         115.286
            387         115.286
            388         115.286
            389         115.286
            390         115.286
            391         115.286
            392         115.286
            393         115.286
            394         115.286
            395         115.286
            396         115.286
            397         115.286
            398         116.263
            399         116.263
            400         116.263
            401         116.263
            402         116.263
            403         116.263
            404         116.263
            405         116.263
            406         116.263
            407         116.263
            408         116.263
            409         116.263
            410         116.263
            411         116.263
            412         116.263
            413         116.263
            414         116.263
            415         116.263
            416         116.263
            417         115.286
            418         115.286
            419         115.286
            420         115.286
            421         115.286
            422         115.286
            423         115.286
            424         115.286
            425         115.286
            426         115.286
            427         115.286
            428         115.286
            429         115.286
            430         115.286
            431         115.286
            432         115.286
            433         115.286
            434         115.286
            435         115.286
            436         115.286
            437         115.286
            438         115.286
            439         115.286
            440         115.286
            441         115.286
            442         115.286
            443         115.286
            444         115.286
            445         115.286
            446         115.286
            447         115.286
            448         115.286
            449         115.286
            450         115.286
            451         115.286
            452         115.286
            453         115.286
            454         115.286
            455         115.286
            456         115.286
            457         115.286
            458         115.286
            459         115.286
            460         115.286
            461         115.286
            462         115.286
            463         115.286
            464         115.286
            465         115.286
            466         115.286
            467         115.286
            468         115.286
            469         115.286
            470         115.286
            471         115.286
            472         115.286
            473         115.286
            474         115.286
            475         115.286
            476         115.286
            477         115.286
            478         115.286
            479         115.286
            480         115.286
            481         115.286
            482         115.286
            483         115.286
            484         115.286
            485         115.286
            486         115.286
            487         115.286
            488         115.286
            489         114.309
            490         114.309
            491         114.309
            492         114.309
            493         114.309
            494         114.309
            495         114.309
            496         114.309
            497         114.309
            498         114.309
            499         114.309
            500         114.309
            501         114.309
            502         114.309
            503         114.309
            504         114.309
            505         114.309
            506         114.309
            507         114.309
            508         114.309
            509         114.309
            510         114.309
            511         114.309
            512         114.309
            513         114.309
            514         114.309
            515         114.309
            516         114.309
            517         114.309
            518         114.309
            519         114.309
            520         114.309
            521         114.309
            522         114.309
            523         114.309
            524         114.309
            525         114.309
            526         114.309
            527         114.309
            528         114.309
            529         114.309
            530         114.309
            531         114.309
            532         114.309
            533         114.309
            534         114.309
            535         114.309
            536         114.309
            537         114.309
            538         114.309
            539         114.309
            540         114.309
            541         114.309
            542         114.309
            543         114.309
            544         114.309
            545         114.309
            546         114.309
            547         114.309
            548         114.309
            549         114.309
            550         114.309
            551         114.309
            552         114.309
            553         114.309
            554         114.309
            555         114.309
            556         113.332
            557         113.332
            558         113.332
            559         113.332
            560         113.332
            561         113.332
            562         113.332
            563         113.332
            564         113.332
            565         113.332
            566         113.332
            567         113.332
            568         113.332
            569         113.332
            570         112.355
            571         112.355
            572         112.355
            573         112.355
            574         112.355
            575         112.355
            576         112.355
            577         112.355
            578         112.355
            579         112.355
            580         112.355
            581         112.355
            582         112.355
            583         112.355
            584         112.355
            585         112.355
            586         112.355
            587         112.355
            588         112.355
            589         112.355
            590         112.355
            591         112.355
            592         112.355
            593         112.355
            594         112.355
            595         112.355
            596         112.355
            597         112.355
            598         112.355
            599         112.355
            600         112.355
            601         112.355
            602         112.355
            603         112.355
            604         112.355
            605         112.355
            606         112.355
            607         112.355
            608         112.355
            609         112.355
            610         112.355
            611         112.355
            612         112.355
            613         112.355
            614         112.355
            615         111.378
            616         111.378
            617         111.378
            618         111.378
            619         111.378
            620         111.378
            621         111.378
            622         111.378
            623         112.355
            624         112.355
            625         112.355
            626         112.355
            627         112.355
            628         112.355
            629         112.355
            630         112.355
            631         112.355
            632         112.355
            633         112.355
            634         112.355
            635         112.355
            636         112.355
            637         112.355
            638         112.355
            639         112.355
            640         111.378
            641         111.378
            642         111.378
            643         111.378
            644         111.378
            645         111.378
            646         111.378
            647         111.378
            648         111.378
            649         111.378
            650         111.378
            651         111.378
            652         111.378
            653         111.378
            654         111.378
            655         111.378
            656         111.378
            657         111.378
            658         111.378
            659         111.378
            660         111.378
            661         111.378
            662         111.378
            663         111.378
            664         111.378
            665         111.378
            666         111.378
            667         111.378
            668         111.378
            669         111.378
            670         111.378
            671         111.378
            672         111.378
            673         111.378
            674         111.378
            675         111.378
            676         111.378
            677         111.378
            678         111.378
            679         111.378
            680         111.378
            681         111.378
            682         111.378
            683         111.378
            684         111.378
            685         111.378
            686         111.378
            687         111.378
            688         111.378
            689         111.378
            690         111.378
            691         111.378
            692         111.378
            693         111.378
            694         111.378
            695         111.378
            696         111.378
            697         111.378
            698         111.378
            699         111.378
            700         111.378
            701         111.378
            702         111.378
            703         111.378
            704         111.378
            705         111.378
            706         111.378
            707         111.378
            708         111.378
            709         111.378
            710         111.378
            711         111.378
            712         111.378
            713         111.378
            714         111.378
            715         111.378
            716         111.378
            717         111.378
            718         111.378
            719         111.378
            720         111.378
            721         111.378
            722         111.378
            723         111.378
            724         111.378
            725         111.378
            726         111.378
            727         111.378
            728         111.378
            729         111.378
            730         111.378
            731         111.378
            732         111.378
            733         111.378
            734         111.378
            735         111.378
            736         110.401
            737         110.401
            738         110.401
            739         110.401
            740         110.401
            741         110.401
            742         110.401
            743         110.401
            744         110.401
            745         110.401
            746         110.401
            747         110.401
            748         110.401
            749         110.401
            750         110.401
            751         110.401
            752         110.401
            753         110.401
            754         110.401
            755         110.401
            756         110.401
            757         110.401
            758         110.401
            759         110.401
            760         110.401
            761         110.401
            762         110.401
            763         110.401
            764         110.401
            765         110.401
            766         110.401
            767         110.401
            768         110.401
            769         110.401
            770         110.401
            771         110.401
            772         110.401
            773         110.401
            774         110.401
            775         110.401
            776         110.401
            777         110.401
            778         110.401
            779         110.401
            780         110.401
            781         110.401
            782         110.401
            783         110.401
            784         110.401
            785         110.401
            786         109.424
            787         109.424
            788         109.424
            789         109.424
            790         109.424
            791         109.424
            792         109.424
            793         109.424
            794         109.424
            795         109.424
            796         109.424
            797         109.424
            798         109.424
            799         109.424
            800         109.424
            801         109.424
            802         109.424
            803         109.424
            804         109.424
            805         109.424
            806         109.424
            807         109.424
            808         109.424
            809         109.424
            810         109.424
            811         109.424
            812         109.424
            813         109.424
            814         109.424
            815         109.424
            816         109.424
            817         109.424
            818         109.424
            819         109.424
            820         108.447
            821         108.447
            822         108.447
            823         108.447
            824         108.447
            825         108.447
            826         108.447
            827         108.447
            828         108.447
            829         108.447
            830         108.447
            831         108.447
            832         108.447
            833         108.447
            834         108.447
            835         108.447
            836         108.447
            837         108.447
            838         108.447
            839         108.447
            840         108.447
            841         108.447
            842         108.447
            843         108.447
            844         108.447
            845         108.447
            846         108.447
            847         108.447
            848         108.447
            849         108.447
            850         108.447
            851         108.447
            852         108.447
            853         108.447
            854         108.447
            855         108.447
            856         108.447
            857         108.447
            858         108.447
            859         108.447
            860         108.447
            861         108.447
            862         108.447
            863         108.447
            864         108.447
            865         108.447
            866         108.447
            867         108.447
            868         108.447
            869         108.447
            870         108.447
            871         108.447
            872         108.447
            873         108.447
            874         108.447
            875         108.447
            876         108.447
            877         108.447
            878         108.447
            879         108.447
            880         108.447
            881         108.447
            882         108.447
            883         108.447
            884         108.447
            885         108.447
            886         108.447
            887         108.447
            888         108.447
            889         108.447
            890         108.447
            891         108.447
            892         107.470
            893         107.470
            894         107.470
            895         107.470
            896         107.470
            897         107.470
            898         107.470
            899         107.470
            900         107.470
            901         107.470
            902         107.470
            903         107.470
            904         107.470
            905         107.470
            906         107.470
            907         107.470
            908         107.470
            909         107.470
            910         107.470
            911         107.470
            912         107.470
            913         107.470
            914         107.470
            915         107.470
            916         108.447
            917         108.447
            918         108.447
            919         108.447
            920         108.447
            921         108.447
            922         108.447
            923         108.447
            924         108.447
            925         108.447
            926         108.447
            927         108.447
            928         108.447
            929         108.447
            930         108.447
            931         108.447
            932         108.447
            933         108.447
            934         108.447
            935         108.447
            936         108.447
            937         108.447
            938         108.447
            939         108.447
            940         108.447
            941         108.447
            942         108.447
            943         108.447
            944         108.447
            945         108.447
            946         108.447
            947         108.447
            948         108.447
            949         108.447
            950         108.447
            951         108.447
            952         108.447
            953         108.447
            954         108.447
            955         108.447
            956         108.447
            957         108.447
            958         108.447
            959         108.447
            960         108.447
            961         108.447
            962         108.447
            963         108.447
            964         108.447
            965         108.447
            966         108.447
            967         108.447
            968         108.447
            969         108.447
            970         108.447
            971         108.447
            972         108.447
            973         108.447
            974         108.447
            975         108.447
            976         108.447
            977         108.447
            978         108.447
            979         108.447
            980         108.447
            981         108.447
            982         108.447
            983         108.447
            984         108.447
            985         108.447
            986         108.447
            987         108.447
            988         108.447
            989         108.447
            990         108.447
            991         108.447
            992         108.447
            993         108.447
            994         108.447
            995         108.447
            996         108.447
            997         108.447
            998         108.447
            999         108.447
           1000         108.447
           1001         108.447
           1002         108.447
           1003         108.447
           1004         108.447
           1005         108.447
           1006         108.447
           1007         108.447
           1008         108.447
           1009         108.447
           1010         108.447
           1011         108.447
           1012         108.447
           1013         108.447
           1014         108.447
           1015         108.447
           1016         108.447
           1017         108.447
           1018         108.447
           1019         108.447
           1020         108.447
           1021         108.447
           1022         108.447
           1023         108.447
           1024         108.447
           1025         108.447
           1026         108.447
           1027         108.447
           1028         108.447
           1029         108.447
           1030         108.447
           1031         108.447
           1032         108.447
           1033         108.447
           1034         108.447
           1035         108.447
           1036         108.447
           1037         108.447
           1038         108.447
           1039         108.447
           1040         108.447
           1041         108.447
           1042         108.447
           1043         108.447
           1044         108.447
           1045         108.447
           1046         108.447
           1047         108.447
           1048         108.447
           1049         108.447
           1050         108.447
           1051         108.447
           1052         108.447
           1053         108.447
           1054         108.447
           1055         108.447
           1056         108.447
           1057         108.447
           1058         108.447
           1059         108.447
           1060         108.447
           1061         108.447
           1062         108.447
           1063         108.447
           1064         108.447
           1065         108.447
           1066         108.447
           1067         108.447
           1068         108.447
           1069         108.447
           1070         108.447
           1071         108.447
           1072         108.447
           1073         108.447
           1074         108.447
           1075         108.447
           1076         108.447
           1077         108.447
           1078         108.447
           1079         108.447
           1080         108.447
           1081         108.447
           1082         108.447
           1083         108.447
           1084         108.447
           1085         108.447
           1086         108.447
           1087         108.447
           1088         108.447
           1089         109.424
           1090         109.424
           1091         109.424
           1092         109.424
           1093         109.424
           1094         109.424
           1095         109.424
           1096         109.424
           1097         109.424
           1098         109.424
           1099         109.424
           1100         109.424
           1101         109.424
           1102         109.424
           1103         109.424
           1104         109.424
           1105         109.424
           1106         109.424
           1107         109.424
           1108         109.424
           1109         109.424
           1110         109.424
           1111         109.424
           1112         109.424
           1113         109.424
           1114         109.424
           1115         109.424
           1116         109.424
           1117         109.424
           1118         109.424
           1119         109.424
           1120         109.424
           1121         109.424
           1122         109.424
           1123         109.424
           1124         109.424
           1125         109.424
           1126         109.424
           1127         109.424
           1128         109.424
           1129         109.424
           1130         109.424
           1131         109.424
           1132         109.424
           1133         109.424
           1134         109.424
           1135         109.424
           1136         109.424
           1137         109.424
           1138         109.424
           1139         109.424
           1140         109.424
           1141         109.424
           1142         109.424
           1143         109.424
           1144         109.424
           1145         109.424
           1146         109.424
           1147         109.424
           1148         109.424
           1149         109.424
           1150         109.424
           1151         109.424
           1152         109.424
           1153         109.424
           1154         109.424
           1155         109.424
           1156         109.424
           1157         109.424
           1158         109.424
           1159         109.424
           1160         109.424
           1161         109.424
           1162         109.424
           1163         109.424
           1164         109.424
           1165         109.424
           1166         109.424
           1167         109.424
           1168         109.424
           1169         109.424
           1170         110.401
           1171         110.401
           1172         110.401
           1173         110.401
           1174         110.401
           1175         110.401
           1176         110.401
           1177         110.401
           1178         110.401
           1179         110.401
           1180         110.401
           1181         110.401
           1182         110.401
           1183         110.401
           1184         110.401
           1185         110.401
           1186         110.401
           1187         110.401
           1188         110.401
           1189         110.401
           1190         110.401
           1191         110.401
           1192         110.401
           1193         110.401
           1194         110.401
           1195         110.401
           1196         110.401
           1197         110.401
           1198         110.401
           1199         110.401
           1200         110.401
           1201         110.401
           1202         110.401
           1203         110.401
           1204         110.401
           1205         110.401
           1206         110.401
           1207         110.401
           1208         110.401
           1209         110.401
           1210         110.401
           1211         110.401
           1212         110.401
           1213         110.401
           1214         110.401
           1215         110.401
           1216         110.401
           1217         110.401
           1218         110.401
           1219         109.424
           1220         109.424
           1221         109.424
           1222         109.424
           1223         109.424
           1224         109.424
           1225         109.424
           1226         109.424
           1227         109.424
           1228         109.424
           1229         109.424
           1230         109.424
           1231         109.424
           1232         109.424
           1233         109.424
           1234         109.424
           1235         109.424
           1236         109.424
           1237         109.424
           1238         109.424
           1239         109.424
           1240         109.424
           1241         109.424
           1242         109.424
           1243         109.424
           1244         109.424
           1245         109.424
           1246         109.424
           1247         109.424
           1248         109.424
           1249         109.424
           1250         109.424
           1251         109.424
           1252         109.424
           1253         109.424
           1254         109.424
           1255         109.424
           1256         109.424
           1257         109.424
           1258         109.424
           1259         109.424
           1260         109.424
           1261         109.424
           1262         109.424
           1263         109.424
           1264         109.424
           1265         109.424
           1266         108.447
           1267         108.447
           1268         108.447
           1269         108.447
           1270         108.447
           1271         108.447
           1272         108.447
           1273         108.447
           1274         108.447
           1275         108.447
           1276         108.447
           1277         108.447
           1278         108.447
           1279         108.447
           1280         108.447
           1281         108.447
           1282         108.447
           1283         108.447
           1284         108.447
           1285         108.447
           1286         108.447
           1287         108.447
           1288         107.470
           1289         107.470
           1290         107.470
           1291         107.470
           1292         107.470
           1293         107.470
           1294         107.470
           1295         107.470
           1296         107.470
           1297         107.470
           1298         107.470
           1299         107.470
           1300         107.470
           1301         107.470
           1302         107.470
           1303         107.470
           1304         107.470
           1305         107.470
           1306         107.470
           1307         107.470
           1308         107.470
           1309         107.470
           1310         107.470
           1311         107.470
           1312         107.470
           1313         107.470
           1314         107.470
           1315         107.470
           1316         107.470
           1317         107.470
           1318         107.470
           1319         107.470
           1320         107.470
           1321         107.470
           1322         107.470
           1323         107.470
           1324         107.470
           1325         107.470
           1326         107.470
           1327         107.470
           1328         107.470
           1329         107.470
           1330         107.470
           1331         107.470
           1332         107.470
           1333         107.470
           1334         107.470
           1335         107.470
           1336         107.470
           1337         106.493
           1338         106.493
           1339         106.493
           1340         106.493
           1341         106.493
           1342         106.493
           1343         106.493
           1344         106.493
           1345         106.493
           1346         106.493
           1347         106.493
           1348         106.493
           1349         106.493
           1350         106.493
           1351         106.493
           1352         106.493
           1353         106.493
           1354         106.493
           1355         106.493
           1356         106.493
           1357         105.516
           1358         105.516
           1359         105.516
           1360         105.516
           1361         105.516
           1362         105.516
           1363         105.516
           1364         105.516
           1365         105.516
           1366         105.516
           1367         105.516
           1368         105.516
           1369         105.516
           1370         105.516
           1371         105.516
           1372         105.516
           1373         105.516
           1374         105.516
           1375         105.516
           1376         105.516
           1377         105.516
           1378         105.516
           1379         104.539
           1380         104.539
           1381         104.539
           1382         104.539
           1383         104.539
           1384         104.539
           1385         104.539
           1386         104.539
           1387         104.539
           1388         104.539
           1389         104.539
           1390         104.539
           1391         104.539
           1392         104.539
           1393         104.539
           1394         104.539
           1395         104.539
           1396         104.539
           1397         104.539
           1398         104.539
           1399         103.562
           1400         103.562
           1401         103.562
           1402         103.562
           1403         103.562
           1404         103.562
           1405         103.562
           1406         103.562
           1407         102.585
           1408         102.585
           1409         102.585
           1410         102.585
           1411         102.585
           1412         102.585
           1413         102.585
           1414         102.585
           1415         102.585
           1416         102.585
           1417         102.585
           1418         102.585
           1419         102.585
           1420         102.585
           1421         102.585
           1422         102.585
           1423         102.585
           1424         102.585
           1425         102.585
           1426         102.585
           1427         101.608
           1428         101.608
           1429         101.608
           1430         101.608
           1431         101.608
           1432         101.608
           1433         101.608
           1434         101.608
           1435         101.608
           1436         101.608
           1437         101.608
           1438         101.608
           1439         101.608
           1440         101.608
           1441         101.608
           1442         101.608
           1443         101.608
           1444         101.608
           1445         101.608
           1446         101.608
           1447         101.608
           1448         101.608
           1449         100.631
           1450         100.631
           1451         100.631
           1452         100.631
           1453         100.631
           1454         100.631
           1455         100.631
           1456         100.631
           1457         100.631
           1458         100.631
           1459         100.631
           1460         100.631
           1461         100.631
           1462         100.631
           1463         100.631
           1464         100.631
           1465         100.631
           1466         100.631
           1467         100.631
           1468         100.631
           1469         100.631
           1470         100.631
           1471         100.631
           1472         100.631
           1473         100.631
           1474         100.631
           1475         100.631
           1476          99.654
           1477          99.654
           1478          99.654
           1479          99.654
           1480          99.654
           1481          99.654
           1482          99.654
           1483          99.654
           1484          99.654
           1485          99.654
           1486          99.654
           1487          99.654
           1488          99.654
           1489          99.654
           1490          99.654
           1491          99.654
           1492          99.654
           1493          99.654
           1494          99.654
           1495          99.654
           1496          99.654
           1497          99.654
           1498          99.654
           1499          99.654
           1500          99.654
           1501          99.654
           1502          99.654
           1503          99.654
           1504          99.654
           1505          99.654
           1506          99.654
           1507          99.654
           1508          99.654
           1509          99.654
           1510          99.654
           1511          99.654
           1512          99.654
           1513          99.654
           1514          99.654
           1515          99.654
           1516          99.654
           1517          99.654
           1518          99.654
           1519          99.654
           1520          99.654
           1521          99.654
           1522          99.654
           1523          99.654
           1524          99.654
           1525          99.654
           1526          99.654
           1527          99.654
           1528          99.654
           1529          99.654
           1530          99.654
           1531          99.654
           1532          99.654
           1533          99.654
           1534          99.654
           1535          99.654
           1536          99.654
           1537          99.654
           1538          99.654
           1539          99.654
           1540          99.654
           1541          99.654
           1542          99.654
           1543          99.654
           1544          99.654
           1545          99.654
           1546          99.654
           1547          99.654
           1548          99.654
           1549          99.654
           1550          99.654
           1551          99.654
           1552          99.654
           1553          99.654
           1554          99.654
           1555          99.654
           1556          99.654
           1557          99.654
           1558          99.654
           1559          99.654
           1560          99.654
           1561          99.654
           1562          99.654
           1563          99.654
           1564          99.654
           1565          99.654
           1566          99.654
           1567          99.654
           1568          99.654
           1569          99.654
           1570          99.654
           1571          99.654
           1572          99.654
           1573          99.654
           1574          99.654
           1575          99.654
           1576          99.654
           1577          99.654
           1578          99.654
           1579          99.654
           1580          99.654
           1581          99.654
           1582          99.654
           1583          99.654
           1584          99.654
           1585          99.654
           1586          99.654
           1587          99.654
           1588          99.654
           1589          99.654
           1590          99.654
           1591          99.654
           1592          99.654
           1593          99.654
           1594          99.654
           1595          99.654
           1596          99.654
           1597          99.654
           1598          99.654
           1599          99.654
           1600          99.654
           1601          99.654
           1602          99.654
           1603          99.654
           1604          99.654
           1605          99.654
           1606          99.654
           1607         100.631
           1608         100.631
           1609         100.631
           1610         100.631
           1611         100.631
           1612         101.608
           1613         101.608
           1614         101.608
           1615         101.608
           1616         101.608
           1617         101.608
           1618         101.608
           1619         102.585
           1620         102.585
           1621         102.585
           1622         102.585
           1623         102.585
           1624         102.585
           1625         102.585
           1626         102.585
           1627         103.562
           1628         103.562
           1629         103.562
           1630         103.562
           1631         103.562
           1632         103.562
           1633         103.562
           1634         103.562
           1635         103.562
           1636         104.539
           1637         104.539
           1638         104.539
           1639         104.539
           1640         104.539
           1641         104.539
           1642         104.539
           1643         105.516
           1644         105.516
           1645         105.516
           1646         105.516
           1647         105.516
           1648         105.516
           1649         106.493
           1650         106.493
           1651         106.493
           1652         106.493
           1653         106.493
           1654         106.493
           1655         106.493
           1656         107.470
           1657         107.470
           1658         107.470
           1659         107.470
           1660         107.470
           1661         108.447
           1662         108.447
           1663         108.447
           1664         108.447
           1665         108.447
           1666         108.447
           1667         108.447
           1668         109.424
           1669         109.424
           1670         109.424
           1671         109.424
           1672         110.401
           1673         110.401
           1674         110.401
           1675         110.401
           1676         111.378
           1677         111.378
           1678         111.378
           1679         111.378
           1680         112.355
           1681         112.355
           1682         112.355
           1683         112.355
           1684         113.332
           1685         113.332
           1686         113.332
           1687         113.332
           1688         113.332
           1689         114.309
           1690         114.309
           1691         114.309
           1692         113.332
           1693         112.355
           1694         111.378
           1695         110.401
           1696         109.424
           1697         109.424
           1698         108.447
           1699         107.470
           1700         107.470
           1701         107.470
           1702         107.470
           1703         107.470
           1704         107.470
           1705         108.447
           1706         108.447
           1707         108.447
           1708         108.447
           1709         108.447
           1710         108.447
           1711         108.447
           1712         109.424
           1713         109.424
           1714         109.424
           1715         110.401
           1716         110.401
           1717         110.401
           1718         110.401
           1719         111.378
           1720         112.355
           1721         112.355
           1722         113.332
           1723         113.332
           1724         114.309
           1725         115.286
           1726         116.263
           1727         117.240
           1728         118.217
           1729         118.217
           1730         118.217
           1731         119.194
           1732         119.194
           1733         119.194
           1734         119.194
           1735         120.171
           1736         120.171
           1737         120.171
           1738         121.148
           1739         121.148
           1740         122.125
           1741         122.125
           1742         123.102
           1743         123.102
           1744         123.102
           1745         124.079
           1746         124.079
           1747         124.079
           1748         125.056
           1749         125.056
           1750         125.056
           1751         126.033
           1752         126.033
           1753         126.033
           1754         127.010
           1755         127.010
           1756         127.010
           1757         127.987
           1758         127.987
           1759         127.987
           1760         128.964
           1761         128.964
           1762         128.964
           1763         128.964
           1764         129.941
           1765         129.941
           1766         129.941
           1767         130.918
           1768         130.918
           1769         130.918
           1770         131.895
           1771         131.895
           1772         131.895
           1773         132.872
           1774         132.872
           1775         132.872
           1776         133.849
           1777         133.849
           1778         133.849
           1779         134.826
           1780         134.826
           1781         134.826
           1782         135.803
           1783         134.826
           1784         134.826
           1785         134.826
           1786         134.826
           1787         133.849
           1788         133.849
           1789         133.849
           1790         133.849
           1791         132.872
           1792         132.872
           1793         132.872
           1794         132.872
           1795         131.895
           1796         131.895
           1797         131.895
           1798         130.918
           1799         130.918
           1800         130.918
           1801         129.941
           1802         129.941
           1803         128.964
           1804         128.964
           1805         127.987
           1806         127.987
           1807         127.987
           1808         127.010
           1809         127.010
           1810         126.033
           1811         126.033
           1812         125.056
           1813         125.056
           1814         124.079
           1815         124.079
           1816         123.102
           1817         123.102
           1818         122.125
           1819         122.125
           1820         121.148
           1821         121.148
           1822         120.171
           1823         120.171
           1824         119.194
           1825         119.194
           1826         119.194
           1827         118.217
           1828         118.217
           1829         117.240
           1830         117.240
           1831         117.240
           1832         116.263
           1833         116.263
           1834         116.263
           1835         115.286
           1836         115.286
           1837         115.286
           1838         115.286
           1839         115.286
           1840         114.309
           1841         114.309
           1842         114.309
           1843         113.332
           1844         113.332
           1845         112.355
           1846         111.378
           1847         111.378
           1848         111.378
           1849         111.378
           1850         110.401
           1851         110.401
           1852         110.401
           1853         109.424
           1854         109.424
           1855         109.424
           1856         108.447
           1857         108.447
           1858         107.470
           1859         107.470
           1860         106.493
           1861         106.493
           1862         105.516
           1863         105.516
           1864         105.516
           1865         104.539
           1866         104.539
           1867         103.562
           1868         103.562
           1869         102.585
           1870         102.585
           1871         102.585
           1872         101.608
           1873         101.608
           1874         101.608
           1875         100.631
           1876         100.631
           1877          99.654
           1878          99.654
           1879          98.677
           1880          98.677
           1881          98.677
           1882          97.700
           1883          97.700
           1884          96.723
           1885          96.723
           1886          96.723
           1887          95.746
           1888          95.746
           1889          95.746
           1890          94.769
           1891          94.769
           1892          93.792
           1893          93.792
           1894          93.792
           1895          93.792
           1896          92.815
           1897          92.815
           1898          92.815
           1899          92.815
           1900          91.838
           1901          91.838
           1902          91.838
           1903          91.838
           1904          91.838
           1905          90.861
           1906          90.861
           1907          89.884
           1908          89.884
           1909          89.884
           1910          88.907
           1911          88.907
           1912          88.907
           1913          88.907
           1914          88.907
           1915          88.907
           1916          88.907
           1917          88.907
           1918          88.907
           1919          88.907
           1920          88.907
           1921          88.907
           1922          87.930
           1923          87.930
           1924          87.930
           1925          86.953
           1926          86.953
           1927          86.953
           1928          85.976
           1929          85.976
           1930          85.976
           1931          85.976
           1932          85.976
           1933          85.976
           1934          85.976
           1935          85.976
           1936          85.976
           1937          85.976
           1938          85.976
           1939          85.976
           1940          85.976
           1941          86.953
           1942          86.953
           1943          86.953
           1944          86.953
           1945          86.953
