TRACENO
              1         228.618
              2         228.618
              3         228.618
              4         228.618
              5         228.618
              6         228.618
              7         228.618
              8         228.618
              9         228.618
             10         227.641
             11         227.641
             12         227.641
             13         227.641
             14         227.641
             15         227.641
             16         227.641
             17         227.641
             18         227.641
             19         227.641
             20         227.641
             21         227.641
             22         227.641
             23         227.641
             24         227.641
             25         227.641
             26         227.641
             27         227.641
             28         227.641
             29         227.641
             30         227.641
             31         227.641
             32         227.641
             33         227.641
             34         227.641
             35         227.641
             36         227.641
             37         227.641
             38         227.641
             39         227.641
             40         227.641
             41         226.664
             42         226.664
             43         226.664
             44         226.664
             45         226.664
             46         226.664
             47         226.664
             48         226.664
             49         226.664
             50         226.664
             51         226.664
             52         226.664
             53         226.664
             54         226.664
             55         226.664
             56         226.664
             57         226.664
             58         226.664
             59         226.664
             60         226.664
             61         226.664
             62         226.664
             63         226.664
             64         226.664
             65         226.664
             66         226.664
             67         226.664
             68         226.664
             69         226.664
             70         226.664
             71         226.664
             72         226.664
             73         226.664
             74         226.664
             75         226.664
             76         226.664
             77         226.664
             78         226.664
             79         226.664
             80         226.664
             81         226.664
             82         226.664
             83         225.687
             84         225.687
             85         225.687
             86         225.687
             87         225.687
             88         225.687
             89         225.687
             90         225.687
             91         225.687
             92         225.687
             93         225.687
             94         225.687
             95         225.687
             96         225.687
             97         225.687
             98         225.687
             99         225.687
            100         225.687
            101         225.687
            102         225.687
            103         225.687
            104         225.687
            105         225.687
            106         225.687
            107         225.687
            108         225.687
            109         225.687
            110         225.687
            111         225.687
            112         225.687
            113         225.687
            114         225.687
            115         225.687
            116         225.687
            117         225.687
            118         225.687
            119         225.687
            120         225.687
            121         225.687
            122         225.687
            123         225.687
            124         225.687
            125         225.687
            126         225.687
            127         225.687
            128         225.687
            129         225.687
            130         225.687
            131         225.687
            132         225.687
            133         225.687
            134         225.687
            135         225.687
            136         225.687
            137         225.687
            138         225.687
            139         225.687
            140         225.687
            141         225.687
            142         225.687
            143         225.687
            144         225.687
            145         225.687
            146         225.687
            147         225.687
            148         225.687
            149         225.687
            150         224.710
            151         224.710
            152         224.710
            153         224.710
            154         224.710
            155         224.710
            156         224.710
            157         224.710
            158         224.710
            159         224.710
            160         224.710
            161         224.710
            162         224.710
            163         224.710
            164         224.710
            165         224.710
            166         224.710
            167         224.710
            168         224.710
            169         224.710
            170         224.710
            171         224.710
            172         224.710
            173         224.710
            174         224.710
            175         224.710
            176         224.710
            177         224.710
            178         224.710
            179         224.710
            180         224.710
            181         224.710
            182         224.710
            183         224.710
            184         224.710
            185         224.710
            186         224.710
            187         224.710
            188         224.710
            189         224.710
            190         224.710
            191         224.710
            192         224.710
            193         224.710
            194         224.710
            195         224.710
            196         224.710
            197         224.710
            198         224.710
            199         224.710
            200         224.710
            201         224.710
            202         224.710
            203         224.710
            204         224.710
            205         224.710
            206         224.710
            207         224.710
            208         224.710
            209         224.710
            210         224.710
            211         224.710
            212         224.710
            213         224.710
            214         224.710
            215         224.710
            216         224.710
            217         224.710
            218         224.710
            219         224.710
            220         224.710
            221         224.710
            222         224.710
            223         223.733
            224         223.733
            225         223.733
            226         223.733
            227         223.733
            228         223.733
            229         223.733
            230         223.733
            231         223.733
            232         223.733
            233         223.733
            234         223.733
            235         223.733
            236         223.733
            237         223.733
            238         223.733
            239         223.733
            240         223.733
            241         223.733
            242         223.733
            243         223.733
            244         223.733
            245         223.733
            246         223.733
            247         224.710
            248         224.710
            249         224.710
            250         224.710
            251         224.710
            252         224.710
            253         224.710
            254         224.710
            255         224.710
            256         224.710
            257         224.710
            258         224.710
            259         224.710
            260         224.710
            261         224.710
            262         224.710
            263         224.710
            264         224.710
            265         224.710
            266         224.710
            267         224.710
            268         224.710
            269         224.710
            270         224.710
            271         224.710
            272         224.710
            273         224.710
            274         224.710
            275         224.710
            276         224.710
            277         224.710
            278         224.710
            279         224.710
            280         224.710
            281         224.710
            282         225.687
            283         225.687
            284         225.687
            285         225.687
            286         225.687
            287         225.687
            288         225.687
            289         225.687
            290         225.687
            291         225.687
            292         225.687
            293         225.687
            294         225.687
            295         225.687
            296         225.687
            297         225.687
            298         225.687
            299         225.687
            300         225.687
            301         225.687
            302         225.687
            303         225.687
            304         225.687
            305         225.687
            306         225.687
            307         225.687
            308         225.687
            309         225.687
            310         225.687
            311         225.687
            312         225.687
            313         225.687
            314         225.687
            315         225.687
            316         225.687
            317         225.687
            318         225.687
            319         225.687
            320         225.687
            321         225.687
            322         225.687
            323         225.687
            324         225.687
            325         225.687
            326         225.687
            327         225.687
            328         225.687
            329         225.687
            330         225.687
            331         226.664
            332         226.664
            333         226.664
            334         226.664
            335         226.664
            336         226.664
            337         226.664
            338         226.664
            339         226.664
            340         226.664
            341         226.664
            342         226.664
            343         226.664
            344         226.664
            345         226.664
            346         226.664
            347         226.664
            348         226.664
            349         226.664
            350         227.641
            351         227.641
            352         227.641
            353         227.641
            354         227.641
            355         227.641
            356         227.641
            357         227.641
            358         227.641
            359         227.641
            360         227.641
            361         227.641
            362         227.641
            363         227.641
            364         227.641
            365         227.641
            366         227.641
            367         227.641
            368         227.641
            369         227.641
            370         227.641
            371         227.641
            372         227.641
            373         227.641
            374         227.641
            375         227.641
            376         227.641
            377         227.641
            378         227.641
            379         227.641
            380         227.641
            381         228.618
            382         228.618
            383         228.618
            384         228.618
            385         228.618
            386         228.618
            387         228.618
            388         228.618
            389         228.618
            390         228.618
            391         228.618
            392         228.618
            393         228.618
            394         228.618
            395         229.595
            396         229.595
            397         229.595
            398         229.595
            399         229.595
            400         229.595
            401         229.595
            402         229.595
            403         229.595
            404         229.595
            405         229.595
            406         229.595
            407         229.595
            408         229.595
            409         229.595
            410         229.595
            411         230.572
            412         230.572
            413         230.572
            414         230.572
            415         230.572
            416         230.572
            417         230.572
            418         230.572
            419         230.572
            420         230.572
            421         230.572
            422         230.572
            423         230.572
            424         230.572
            425         230.572
            426         230.572
            427         230.572
            428         231.549
            429         231.549
            430         231.549
            431         231.549
            432         231.549
            433         231.549
            434         231.549
            435         231.549
            436         231.549
            437         231.549
            438         231.549
            439         231.549
            440         231.549
            441         232.526
            442         232.526
            443         232.526
            444         232.526
            445         232.526
            446         232.526
            447         232.526
            448         232.526
            449         232.526
            450         232.526
            451         232.526
            452         232.526
            453         232.526
            454         233.503
            455         233.503
            456         233.503
            457         233.503
            458         233.503
            459         233.503
            460         233.503
            461         233.503
            462         233.503
            463         233.503
            464         233.503
            465         233.503
            466         233.503
            467         233.503
            468         233.503
            469         233.503
            470         233.503
            471         233.503
            472         233.503
            473         233.503
            474         233.503
            475         233.503
            476         233.503
            477         233.503
            478         233.503
            479         233.503
            480         233.503
            481         233.503
            482         233.503
            483         233.503
            484         233.503
            485         233.503
            486         233.503
            487         233.503
            488         233.503
            489         234.480
            490         234.480
            491         234.480
            492         234.480
            493         234.480
            494         234.480
            495         234.480
            496         234.480
            497         234.480
            498         234.480
            499         234.480
            500         234.480
            501         234.480
            502         234.480
            503         234.480
            504         234.480
            505         234.480
            506         234.480
            507         234.480
            508         234.480
            509         234.480
            510         234.480
            511         234.480
            512         234.480
            513         234.480
            514         234.480
            515         234.480
            516         234.480
            517         234.480
            518         234.480
            519         234.480
            520         234.480
            521         234.480
            522         234.480
            523         234.480
            524         234.480
            525         234.480
            526         234.480
            527         234.480
            528         234.480
            529         234.480
            530         234.480
            531         234.480
            532         234.480
            533         234.480
            534         234.480
            535         234.480
            536         234.480
            537         234.480
            538         234.480
            539         234.480
            540         234.480
            541         234.480
            542         234.480
            543         234.480
            544         234.480
            545         234.480
            546         234.480
            547         234.480
            548         234.480
            549         234.480
            550         234.480
            551         234.480
            552         234.480
            553         234.480
            554         234.480
            555         234.480
            556         234.480
            557         234.480
            558         235.457
            559         235.457
            560         235.457
            561         235.457
            562         235.457
            563         235.457
            564         235.457
            565         235.457
            566         235.457
            567         235.457
            568         235.457
            569         235.457
            570         235.457
            571         235.457
            572         235.457
            573         235.457
            574         235.457
            575         235.457
            576         235.457
            577         235.457
            578         235.457
            579         235.457
            580         235.457
            581         235.457
            582         235.457
            583         235.457
            584         235.457
            585         235.457
            586         235.457
            587         235.457
            588         235.457
            589         235.457
            590         235.457
            591         235.457
            592         235.457
            593         235.457
            594         235.457
            595         235.457
            596         235.457
            597         235.457
            598         235.457
            599         235.457
            600         235.457
            601         235.457
            602         235.457
            603         235.457
            604         235.457
            605         235.457
            606         235.457
            607         235.457
            608         235.457
            609         235.457
            610         236.434
            611         236.434
            612         236.434
            613         236.434
            614         236.434
            615         236.434
            616         236.434
            617         236.434
            618         236.434
            619         236.434
            620         236.434
            621         236.434
            622         236.434
            623         236.434
            624         236.434
            625         236.434
            626         236.434
            627         236.434
            628         236.434
            629         236.434
            630         237.411
            631         237.411
            632         237.411
            633         237.411
            634         237.411
            635         237.411
            636         238.388
            637         238.388
            638         238.388
            639         238.388
            640         238.388
            641         238.388
            642         238.388
            643         238.388
            644         238.388
            645         238.388
            646         238.388
            647         238.388
            648         238.388
            649         238.388
            650         238.388
            651         238.388
            652         238.388
            653         238.388
            654         238.388
            655         238.388
            656         238.388
            657         238.388
            658         238.388
            659         238.388
            660         238.388
            661         238.388
            662         238.388
            663         238.388
            664         238.388
            665         238.388
            666         238.388
            667         238.388
            668         238.388
            669         238.388
            670         238.388
            671         238.388
            672         238.388
            673         238.388
            674         239.365
            675         239.365
            676         239.365
            677         239.365
            678         239.365
            679         239.365
            680         239.365
            681         239.365
            682         239.365
            683         239.365
            684         239.365
            685         239.365
            686         239.365
            687         239.365
            688         239.365
            689         239.365
            690         239.365
            691         239.365
            692         239.365
            693         239.365
            694         239.365
            695         239.365
            696         239.365
            697         239.365
            698         239.365
            699         239.365
            700         239.365
            701         239.365
            702         239.365
            703         239.365
            704         239.365
            705         239.365
            706         239.365
            707         239.365
            708         239.365
            709         239.365
            710         239.365
            711         239.365
            712         239.365
            713         239.365
            714         239.365
            715         239.365
            716         239.365
            717         239.365
            718         239.365
            719         239.365
            720         239.365
            721         239.365
            722         239.365
            723         239.365
            724         239.365
            725         239.365
            726         239.365
            727         239.365
            728         239.365
            729         239.365
            730         239.365
            731         239.365
            732         239.365
            733         239.365
            734         239.365
            735         239.365
            736         239.365
            737         239.365
            738         239.365
            739         239.365
            740         239.365
            741         239.365
            742         239.365
            743         239.365
            744         239.365
            745         239.365
            746         239.365
            747         239.365
            748         239.365
            749         239.365
            750         239.365
            751         239.365
            752         239.365
            753         239.365
            754         239.365
            755         239.365
            756         239.365
            757         239.365
            758         239.365
            759         239.365
            760         239.365
            761         239.365
            762         239.365
            763         239.365
            764         239.365
            765         239.365
            766         239.365
            767         239.365
            768         239.365
            769         239.365
            770         239.365
            771         239.365
            772         239.365
            773         239.365
            774         239.365
            775         239.365
            776         239.365
            777         239.365
            778         239.365
            779         239.365
            780         239.365
            781         239.365
            782         239.365
            783         239.365
            784         239.365
            785         239.365
            786         240.342
            787         240.342
            788         240.342
            789         240.342
            790         240.342
            791         240.342
            792         240.342
            793         240.342
            794         240.342
            795         240.342
            796         240.342
            797         240.342
            798         240.342
            799         240.342
            800         240.342
            801         240.342
            802         240.342
            803         240.342
            804         240.342
            805         240.342
            806         240.342
            807         240.342
            808         240.342
            809         240.342
            810         240.342
            811         240.342
            812         240.342
            813         240.342
            814         240.342
            815         240.342
            816         240.342
            817         240.342
            818         240.342
            819         240.342
            820         240.342
            821         240.342
            822         240.342
            823         240.342
            824         240.342
            825         240.342
            826         240.342
            827         240.342
            828         240.342
            829         240.342
            830         240.342
            831         240.342
            832         240.342
            833         240.342
            834         241.319
            835         241.319
            836         241.319
            837         241.319
            838         241.319
            839         241.319
            840         241.319
            841         241.319
            842         241.319
            843         241.319
            844         241.319
            845         241.319
            846         241.319
            847         241.319
            848         241.319
            849         241.319
            850         241.319
            851         241.319
            852         241.319
            853         241.319
            854         240.342
            855         240.342
            856         240.342
            857         240.342
            858         240.342
            859         240.342
            860         240.342
            861         240.342
            862         240.342
            863         240.342
            864         240.342
            865         240.342
            866         240.342
            867         240.342
            868         240.342
            869         240.342
            870         240.342
            871         240.342
            872         240.342
            873         240.342
            874         240.342
            875         240.342
            876         240.342
            877         240.342
            878         240.342
            879         240.342
            880         240.342
            881         240.342
            882         240.342
            883         240.342
            884         240.342
            885         240.342
            886         240.342
            887         240.342
            888         240.342
            889         240.342
            890         241.319
            891         241.319
            892         241.319
            893         241.319
            894         241.319
            895         241.319
            896         241.319
            897         241.319
            898         241.319
            899         241.319
            900         241.319
            901         241.319
            902         241.319
            903         241.319
            904         241.319
            905         241.319
            906         241.319
            907         242.296
            908         242.296
            909         242.296
            910         242.296
            911         242.296
            912         242.296
            913         242.296
            914         242.296
            915         242.296
            916         242.296
            917         242.296
            918         242.296
            919         242.296
            920         242.296
            921         242.296
            922         242.296
            923         242.296
            924         242.296
            925         242.296
            926         242.296
            927         242.296
            928         242.296
            929         242.296
            930         242.296
            931         242.296
            932         242.296
            933         242.296
            934         241.319
            935         241.319
            936         241.319
            937         241.319
            938         241.319
            939         241.319
            940         241.319
            941         241.319
            942         241.319
            943         241.319
            944         241.319
            945         241.319
            946         241.319
            947         241.319
            948         241.319
            949         241.319
            950         241.319
            951         241.319
            952         241.319
            953         242.296
            954         242.296
            955         242.296
            956         242.296
            957         242.296
            958         242.296
            959         242.296
            960         242.296
            961         242.296
            962         243.273
            963         243.273
            964         243.273
            965         243.273
            966         243.273
            967         243.273
            968         243.273
            969         243.273
            970         243.273
            971         243.273
            972         243.273
            973         243.273
            974         243.273
            975         243.273
            976         243.273
            977         243.273
            978         243.273
            979         243.273
            980         243.273
            981         243.273
            982         243.273
            983         243.273
            984         243.273
            985         243.273
            986         243.273
            987         243.273
            988         243.273
            989         244.250
            990         244.250
            991         244.250
            992         244.250
            993         244.250
            994         244.250
            995         244.250
            996         244.250
            997         244.250
            998         244.250
            999         244.250
           1000         244.250
           1001         244.250
           1002         244.250
           1003         244.250
           1004         244.250
           1005         244.250
           1006         244.250
           1007         244.250
           1008         244.250
           1009         244.250
           1010         244.250
           1011         244.250
           1012         244.250
           1013         244.250
           1014         244.250
           1015         245.227
           1016         245.227
           1017         245.227
           1018         245.227
           1019         245.227
           1020         245.227
           1021         245.227
           1022         245.227
           1023         245.227
           1024         245.227
           1025         245.227
           1026         245.227
           1027         245.227
           1028         245.227
           1029         245.227
           1030         245.227
           1031         245.227
           1032         245.227
           1033         245.227
           1034         245.227
           1035         245.227
           1036         245.227
           1037         245.227
           1038         245.227
           1039         245.227
           1040         246.204
           1041         246.204
           1042         246.204
           1043         246.204
           1044         246.204
           1045         246.204
           1046         246.204
           1047         246.204
           1048         246.204
           1049         246.204
           1050         246.204
           1051         246.204
           1052         246.204
           1053         246.204
           1054         246.204
           1055         246.204
           1056         246.204
           1057         246.204
           1058         246.204
           1059         246.204
           1060         246.204
           1061         246.204
           1062         246.204
           1063         246.204
           1064         247.181
           1065         247.181
           1066         247.181
           1067         247.181
           1068         247.181
           1069         247.181
           1070         247.181
           1071         247.181
           1072         247.181
           1073         247.181
           1074         247.181
           1075         247.181
           1076         247.181
           1077         247.181
           1078         247.181
           1079         247.181
           1080         247.181
           1081         247.181
           1082         247.181
           1083         247.181
           1084         247.181
           1085         247.181
           1086         247.181
           1087         247.181
           1088         247.181
           1089         247.181
           1090         247.181
           1091         247.181
           1092         247.181
           1093         247.181
           1094         247.181
           1095         247.181
           1096         247.181
           1097         247.181
           1098         247.181
           1099         248.158
           1100         248.158
           1101         248.158
           1102         248.158
           1103         248.158
           1104         248.158
           1105         248.158
           1106         248.158
           1107         248.158
           1108         248.158
           1109         248.158
           1110         248.158
           1111         248.158
           1112         248.158
           1113         248.158
           1114         248.158
           1115         248.158
           1116         248.158
           1117         248.158
           1118         248.158
           1119         248.158
           1120         248.158
           1121         248.158
           1122         248.158
           1123         248.158
           1124         248.158
           1125         248.158
           1126         248.158
           1127         248.158
           1128         248.158
           1129         248.158
           1130         248.158
           1131         248.158
           1132         248.158
           1133         248.158
           1134         248.158
           1135         248.158
           1136         248.158
           1137         248.158
           1138         248.158
           1139         248.158
           1140         248.158
           1141         248.158
           1142         248.158
           1143         248.158
           1144         248.158
           1145         248.158
           1146         248.158
           1147         248.158
           1148         248.158
           1149         248.158
           1150         248.158
           1151         249.135
           1152         249.135
           1153         249.135
           1154         249.135
           1155         249.135
           1156         249.135
           1157         249.135
           1158         249.135
           1159         249.135
           1160         249.135
           1161         249.135
           1162         249.135
           1163         249.135
           1164         249.135
           1165         249.135
           1166         249.135
           1167         249.135
           1168         249.135
           1169         249.135
           1170         249.135
           1171         249.135
           1172         249.135
           1173         249.135
           1174         249.135
           1175         249.135
           1176         249.135
           1177         249.135
           1178         249.135
           1179         249.135
           1180         249.135
           1181         250.112
           1182         250.112
           1183         250.112
           1184         250.112
           1185         250.112
           1186         250.112
           1187         250.112
           1188         250.112
           1189         250.112
           1190         250.112
           1191         250.112
           1192         250.112
           1193         250.112
           1194         250.112
           1195         250.112
           1196         250.112
           1197         250.112
           1198         250.112
           1199         250.112
           1200         250.112
           1201         250.112
           1202         250.112
           1203         250.112
           1204         250.112
           1205         250.112
           1206         250.112
           1207         250.112
           1208         250.112
           1209         250.112
           1210         250.112
           1211         250.112
           1212         250.112
           1213         250.112
           1214         250.112
           1215         250.112
           1216         250.112
           1217         250.112
           1218         250.112
           1219         250.112
           1220         250.112
           1221         250.112
           1222         250.112
           1223         250.112
           1224         250.112
           1225         250.112
           1226         250.112
           1227         250.112
           1228         250.112
           1229         250.112
           1230         250.112
           1231         250.112
           1232         250.112
           1233         250.112
           1234         250.112
           1235         250.112
           1236         250.112
           1237         250.112
           1238         250.112
           1239         250.112
           1240         250.112
           1241         250.112
           1242         250.112
           1243         250.112
           1244         250.112
           1245         250.112
           1246         250.112
           1247         250.112
           1248         250.112
           1249         250.112
           1250         250.112
           1251         250.112
           1252         250.112
           1253         250.112
           1254         250.112
           1255         250.112
           1256         250.112
           1257         250.112
           1258         250.112
           1259         250.112
           1260         250.112
           1261         250.112
           1262         250.112
           1263         250.112
           1264         250.112
           1265         250.112
           1266         250.112
           1267         250.112
           1268         250.112
           1269         250.112
           1270         250.112
           1271         250.112
           1272         250.112
           1273         250.112
           1274         250.112
           1275         250.112
           1276         250.112
           1277         250.112
           1278         250.112
           1279         250.112
           1280         250.112
           1281         250.112
           1282         250.112
           1283         250.112
           1284         250.112
           1285         250.112
           1286         250.112
           1287         250.112
           1288         250.112
           1289         250.112
           1290         250.112
           1291         250.112
           1292         250.112
           1293         250.112
           1294         250.112
           1295         250.112
           1296         249.135
           1297         249.135
           1298         249.135
           1299         249.135
           1300         249.135
           1301         249.135
           1302         249.135
           1303         249.135
           1304         249.135
           1305         249.135
           1306         249.135
           1307         249.135
           1308         249.135
           1309         249.135
           1310         249.135
           1311         249.135
           1312         249.135
           1313         249.135
           1314         249.135
           1315         249.135
           1316         249.135
           1317         249.135
           1318         249.135
           1319         249.135
           1320         249.135
           1321         249.135
           1322         249.135
           1323         249.135
           1324         249.135
           1325         249.135
           1326         249.135
           1327         249.135
           1328         249.135
           1329         249.135
           1330         249.135
           1331         249.135
           1332         249.135
           1333         249.135
           1334         249.135
           1335         249.135
           1336         249.135
           1337         249.135
           1338         249.135
           1339         249.135
           1340         249.135
           1341         249.135
           1342         249.135
           1343         249.135
           1344         249.135
           1345         249.135
           1346         249.135
           1347         249.135
           1348         248.158
           1349         248.158
           1350         248.158
           1351         248.158
           1352         248.158
           1353         248.158
           1354         248.158
           1355         248.158
           1356         248.158
           1357         248.158
           1358         248.158
           1359         248.158
           1360         248.158
           1361         248.158
           1362         248.158
           1363         248.158
           1364         248.158
           1365         248.158
           1366         248.158
           1367         248.158
           1368         248.158
           1369         248.158
           1370         247.181
           1371         247.181
           1372         247.181
           1373         247.181
           1374         247.181
           1375         247.181
           1376         247.181
           1377         247.181
           1378         247.181
           1379         247.181
           1380         247.181
           1381         247.181
           1382         247.181
           1383         247.181
           1384         247.181
           1385         247.181
           1386         247.181
           1387         247.181
           1388         247.181
           1389         247.181
           1390         247.181
           1391         247.181
           1392         246.204
           1393         246.204
           1394         246.204
           1395         246.204
           1396         246.204
           1397         246.204
           1398         246.204
           1399         246.204
           1400         246.204
           1401         246.204
           1402         246.204
           1403         246.204
           1404         246.204
           1405         246.204
           1406         246.204
           1407         246.204
           1408         246.204
           1409         246.204
           1410         246.204
           1411         246.204
           1412         246.204
           1413         246.204
           1414         246.204
           1415         246.204
           1416         246.204
           1417         246.204
           1418         246.204
           1419         246.204
           1420         246.204
           1421         246.204
           1422         246.204
           1423         246.204
           1424         246.204
           1425         246.204
           1426         246.204
           1427         246.204
           1428         246.204
           1429         246.204
           1430         246.204
           1431         246.204
           1432         246.204
           1433         246.204
           1434         246.204
           1435         246.204
           1436         246.204
           1437         246.204
           1438         246.204
           1439         246.204
           1440         246.204
           1441         246.204
           1442         246.204
           1443         246.204
           1444         246.204
           1445         246.204
           1446         246.204
           1447         246.204
           1448         246.204
           1449         246.204
           1450         246.204
           1451         246.204
           1452         246.204
           1453         246.204
           1454         246.204
           1455         246.204
           1456         246.204
           1457         246.204
           1458         246.204
           1459         246.204
           1460         246.204
           1461         246.204
           1462         246.204
           1463         246.204
           1464         246.204
           1465         246.204
           1466         246.204
           1467         246.204
           1468         246.204
           1469         246.204
           1470         246.204
           1471         246.204
           1472         246.204
           1473         246.204
           1474         246.204
           1475         246.204
           1476         246.204
           1477         246.204
           1478         246.204
           1479         246.204
           1480         246.204
           1481         246.204
           1482         245.227
           1483         245.227
           1484         245.227
           1485         245.227
           1486         245.227
           1487         245.227
           1488         245.227
           1489         245.227
           1490         245.227
           1491         245.227
           1492         245.227
           1493         245.227
           1494         245.227
           1495         245.227
           1496         245.227
           1497         245.227
           1498         245.227
           1499         245.227
           1500         245.227
           1501         245.227
           1502         245.227
           1503         245.227
           1504         245.227
           1505         245.227
           1506         245.227
           1507         245.227
           1508         245.227
           1509         245.227
           1510         245.227
           1511         245.227
           1512         245.227
           1513         245.227
           1514         245.227
           1515         245.227
           1516         245.227
           1517         245.227
           1518         245.227
           1519         245.227
           1520         245.227
           1521         245.227
           1522         245.227
           1523         245.227
           1524         245.227
           1525         245.227
           1526         245.227
           1527         245.227
           1528         245.227
           1529         245.227
           1530         245.227
           1531         245.227
           1532         245.227
           1533         245.227
           1534         245.227
           1535         245.227
           1536         245.227
           1537         245.227
           1538         245.227
           1539         244.250
           1540         244.250
           1541         244.250
           1542         244.250
           1543         244.250
           1544         244.250
           1545         244.250
           1546         244.250
           1547         244.250
           1548         244.250
           1549         244.250
           1550         244.250
           1551         244.250
           1552         244.250
           1553         244.250
           1554         244.250
           1555         244.250
           1556         244.250
           1557         244.250
           1558         244.250
           1559         244.250
           1560         244.250
           1561         244.250
           1562         244.250
           1563         244.250
           1564         244.250
           1565         244.250
           1566         244.250
           1567         244.250
           1568         243.273
           1569         243.273
           1570         243.273
           1571         243.273
           1572         243.273
           1573         243.273
           1574         241.319
