TRACENO
              1         239.365
              2         239.365
              3         239.365
              4         239.365
              5         239.365
              6         239.365
              7         239.365
              8         239.365
              9         239.365
             10         239.365
             11         239.365
             12         239.365
             13         239.365
             14         239.365
             15         239.365
             16         239.365
             17         239.365
             18         239.365
             19         239.365
             20         239.365
             21         238.388
             22         238.388
             23         238.388
             24         238.388
             25         238.388
             26         238.388
             27         238.388
             28         238.388
             29         238.388
             30         238.388
             31         238.388
             32         238.388
             33         238.388
             34         238.388
             35         238.388
             36         238.388
             37         238.388
             38         238.388
             39         238.388
             40         238.388
             41         238.388
             42         238.388
             43         238.388
             44         238.388
             45         238.388
             46         238.388
             47         238.388
             48         238.388
             49         238.388
             50         238.388
             51         238.388
             52         238.388
             53         238.388
             54         238.388
             55         238.388
             56         238.388
             57         238.388
             58         238.388
             59         238.388
             60         238.388
             61         238.388
             62         238.388
             63         238.388
             64         238.388
             65         238.388
             66         238.388
             67         238.388
             68         238.388
             69         238.388
             70         238.388
             71         238.388
             72         238.388
             73         238.388
             74         238.388
             75         238.388
             76         238.388
             77         238.388
             78         238.388
             79         238.388
             80         238.388
             81         238.388
             82         238.388
             83         238.388
             84         238.388
             85         238.388
             86         238.388
             87         238.388
             88         238.388
             89         238.388
             90         238.388
             91         238.388
             92         238.388
             93         238.388
             94         238.388
             95         238.388
             96         238.388
             97         238.388
             98         238.388
             99         238.388
            100         238.388
            101         238.388
            102         238.388
            103         238.388
            104         238.388
            105         238.388
            106         238.388
            107         238.388
            108         238.388
            109         238.388
            110         238.388
            111         238.388
            112         238.388
            113         238.388
            114         238.388
            115         238.388
            116         238.388
            117         238.388
            118         238.388
            119         238.388
            120         238.388
            121         238.388
            122         238.388
            123         238.388
            124         238.388
            125         238.388
            126         238.388
            127         238.388
            128         238.388
            129         238.388
            130         238.388
            131         238.388
            132         238.388
            133         238.388
            134         238.388
            135         238.388
            136         238.388
            137         238.388
            138         238.388
            139         238.388
            140         238.388
            141         238.388
            142         238.388
            143         238.388
            144         238.388
            145         239.365
            146         239.365
            147         239.365
            148         239.365
            149         239.365
            150         239.365
            151         239.365
            152         239.365
            153         239.365
            154         239.365
            155         239.365
            156         239.365
            157         239.365
            158         239.365
            159         239.365
            160         239.365
            161         239.365
            162         239.365
            163         239.365
            164         239.365
            165         239.365
            166         239.365
            167         239.365
            168         239.365
            169         239.365
            170         239.365
            171         239.365
            172         239.365
            173         239.365
            174         239.365
            175         239.365
            176         239.365
            177         239.365
            178         239.365
            179         239.365
            180         239.365
            181         239.365
            182         239.365
            183         239.365
            184         239.365
            185         239.365
            186         239.365
            187         239.365
            188         239.365
            189         239.365
            190         240.342
            191         240.342
            192         240.342
            193         240.342
            194         240.342
            195         240.342
            196         240.342
            197         240.342
            198         240.342
            199         240.342
            200         240.342
            201         240.342
            202         240.342
            203         240.342
            204         240.342
            205         240.342
            206         240.342
            207         240.342
            208         240.342
            209         240.342
            210         240.342
            211         240.342
            212         240.342
            213         240.342
            214         240.342
            215         240.342
            216         240.342
            217         240.342
            218         240.342
            219         240.342
            220         240.342
            221         239.365
            222         239.365
            223         239.365
            224         239.365
            225         239.365
            226         239.365
            227         239.365
            228         239.365
            229         239.365
            230         239.365
            231         240.342
            232         240.342
            233         240.342
            234         240.342
            235         240.342
            236         240.342
            237         240.342
            238         240.342
            239         240.342
            240         240.342
            241         240.342
            242         240.342
            243         240.342
            244         240.342
            245         240.342
            246         240.342
            247         240.342
            248         240.342
            249         240.342
            250         240.342
            251         240.342
            252         240.342
            253         240.342
            254         240.342
            255         240.342
            256         240.342
            257         240.342
            258         240.342
            259         240.342
            260         240.342
            261         240.342
            262         240.342
            263         240.342
            264         240.342
            265         240.342
            266         240.342
            267         240.342
            268         240.342
            269         240.342
            270         240.342
            271         240.342
            272         240.342
            273         240.342
            274         240.342
            275         240.342
            276         240.342
            277         240.342
            278         240.342
            279         240.342
            280         241.319
            281         241.319
            282         241.319
            283         241.319
            284         241.319
            285         241.319
            286         241.319
            287         241.319
            288         241.319
            289         241.319
            290         241.319
            291         241.319
            292         241.319
            293         241.319
            294         241.319
            295         241.319
            296         241.319
            297         241.319
            298         241.319
            299         241.319
            300         241.319
            301         241.319
            302         241.319
            303         242.296
            304         242.296
            305         242.296
            306         242.296
            307         242.296
            308         242.296
            309         242.296
            310         242.296
            311         242.296
            312         242.296
            313         242.296
            314         242.296
            315         242.296
            316         242.296
            317         242.296
            318         242.296
            319         242.296
            320         242.296
            321         242.296
            322         242.296
            323         242.296
            324         242.296
            325         243.273
            326         243.273
            327         243.273
            328         243.273
            329         243.273
            330         243.273
            331         243.273
            332         243.273
            333         243.273
            334         243.273
            335         243.273
            336         243.273
            337         243.273
            338         243.273
            339         243.273
            340         243.273
            341         243.273
            342         243.273
            343         243.273
            344         243.273
            345         243.273
            346         243.273
            347         244.250
            348         244.250
            349         244.250
            350         244.250
            351         244.250
            352         244.250
            353         244.250
            354         244.250
            355         244.250
            356         244.250
            357         244.250
            358         244.250
            359         244.250
            360         244.250
            361         244.250
            362         244.250
            363         244.250
            364         244.250
            365         244.250
            366         244.250
            367         244.250
            368         244.250
            369         245.227
            370         245.227
            371         245.227
            372         245.227
            373         245.227
            374         245.227
            375         245.227
            376         245.227
            377         245.227
            378         245.227
            379         245.227
            380         245.227
            381         245.227
            382         245.227
            383         245.227
            384         245.227
            385         245.227
            386         245.227
            387         246.204
            388         246.204
            389         246.204
            390         246.204
            391         246.204
            392         246.204
            393         246.204
            394         246.204
            395         246.204
            396         246.204
            397         246.204
            398         246.204
            399         246.204
            400         246.204
            401         246.204
            402         246.204
            403         246.204
            404         247.181
            405         247.181
            406         247.181
            407         247.181
            408         247.181
            409         247.181
            410         247.181
            411         247.181
            412         247.181
            413         247.181
            414         247.181
            415         247.181
            416         247.181
            417         247.181
            418         247.181
            419         247.181
            420         248.158
            421         248.158
            422         248.158
            423         248.158
            424         248.158
            425         248.158
            426         248.158
            427         248.158
            428         248.158
            429         248.158
            430         248.158
            431         248.158
            432         248.158
            433         248.158
            434         248.158
            435         248.158
            436         248.158
            437         248.158
            438         248.158
            439         248.158
            440         249.135
            441         249.135
            442         249.135
            443         249.135
            444         249.135
            445         249.135
            446         249.135
            447         249.135
            448         249.135
            449         249.135
            450         249.135
            451         249.135
            452         249.135
            453         249.135
            454         249.135
            455         249.135
            456         249.135
            457         249.135
            458         249.135
            459         249.135
            460         249.135
            461         250.112
            462         250.112
            463         250.112
            464         250.112
            465         250.112
            466         250.112
            467         250.112
            468         250.112
            469         250.112
            470         250.112
            471         250.112
            472         250.112
            473         250.112
            474         250.112
            475         250.112
            476         250.112
            477         250.112
            478         250.112
            479         250.112
            480         250.112
            481         250.112
            482         250.112
            483         250.112
            484         250.112
            485         250.112
            486         250.112
            487         250.112
            488         250.112
            489         251.089
            490         251.089
            491         251.089
            492         251.089
            493         251.089
            494         251.089
            495         251.089
            496         251.089
            497         251.089
            498         251.089
            499         251.089
            500         251.089
            501         251.089
            502         251.089
            503         251.089
            504         251.089
            505         251.089
            506         251.089
            507         251.089
            508         251.089
            509         251.089
            510         251.089
            511         251.089
            512         251.089
            513         251.089
            514         251.089
            515         251.089
            516         251.089
            517         251.089
            518         251.089
            519         251.089
            520         251.089
            521         251.089
            522         251.089
            523         251.089
            524         251.089
            525         251.089
            526         251.089
            527         252.066
            528         252.066
            529         252.066
            530         252.066
            531         252.066
            532         252.066
            533         252.066
            534         252.066
            535         252.066
            536         252.066
            537         252.066
            538         252.066
            539         252.066
            540         252.066
            541         252.066
            542         252.066
            543         252.066
            544         252.066
            545         252.066
            546         252.066
            547         252.066
            548         252.066
            549         252.066
            550         252.066
            551         253.043
            552         253.043
            553         253.043
            554         253.043
            555         253.043
            556         253.043
            557         253.043
            558         253.043
            559         253.043
            560         253.043
            561         253.043
            562         253.043
            563         253.043
            564         253.043
            565         253.043
            566         253.043
            567         253.043
            568         253.043
            569         253.043
            570         253.043
            571         253.043
            572         253.043
            573         253.043
            574         253.043
            575         253.043
            576         253.043
            577         253.043
            578         253.043
            579         253.043
            580         253.043
            581         253.043
            582         253.043
            583         253.043
            584         253.043
            585         253.043
            586         253.043
            587         253.043
            588         254.020
            589         254.020
            590         254.020
            591         254.020
            592         254.020
            593         254.020
            594         254.020
            595         254.020
            596         254.020
            597         254.020
            598         254.020
            599         254.020
            600         254.020
            601         254.020
            602         254.020
            603         254.020
            604         254.020
            605         254.020
            606         254.020
            607         254.020
            608         254.020
            609         254.020
            610         254.020
            611         254.020
            612         254.020
            613         254.997
            614         254.997
            615         254.997
            616         254.997
            617         254.997
            618         254.997
            619         254.997
            620         254.997
            621         254.997
            622         254.997
            623         254.997
            624         254.997
            625         254.997
            626         254.997
            627         254.997
            628         254.997
            629         254.997
            630         254.997
            631         254.997
            632         254.997
            633         254.997
            634         254.997
            635         254.997
            636         254.997
            637         254.997
            638         255.974
            639         255.974
            640         255.974
            641         255.974
            642         255.974
            643         255.974
            644         255.974
            645         255.974
            646         255.974
            647         255.974
            648         255.974
            649         255.974
            650         255.974
            651         255.974
            652         255.974
            653         255.974
            654         256.951
            655         256.951
            656         256.951
            657         256.951
            658         256.951
            659         256.951
            660         256.951
            661         256.951
            662         256.951
            663         256.951
            664         256.951
            665         256.951
            666         256.951
            667         256.951
            668         257.928
            669         257.928
            670         257.928
            671         257.928
            672         257.928
            673         257.928
            674         257.928
            675         257.928
            676         257.928
            677         257.928
            678         257.928
            679         257.928
            680         257.928
            681         257.928
            682         258.905
            683         258.905
            684         258.905
            685         258.905
            686         258.905
            687         258.905
            688         258.905
            689         258.905
            690         258.905
            691         258.905
            692         258.905
            693         258.905
            694         258.905
            695         258.905
            696         258.905
            697         258.905
            698         258.905
            699         258.905
            700         258.905
            701         258.905
            702         258.905
            703         258.905
            704         258.905
            705         259.882
            706         259.882
            707         259.882
            708         259.882
            709         259.882
            710         259.882
            711         259.882
            712         259.882
            713         259.882
            714         259.882
            715         259.882
            716         259.882
            717         259.882
            718         259.882
            719         259.882
            720         259.882
            721         259.882
            722         259.882
            723         259.882
            724         259.882
            725         259.882
            726         259.882
            727         258.905
            728         258.905
            729         258.905
            730         258.905
            731         258.905
            732         258.905
            733         258.905
            734         258.905
            735         258.905
            736         258.905
            737         258.905
            738         258.905
            739         258.905
            740         258.905
            741         258.905
            742         258.905
            743         258.905
            744         258.905
            745         258.905
            746         258.905
            747         258.905
            748         258.905
            749         258.905
            750         258.905
            751         258.905
            752         259.882
            753         259.882
            754         259.882
            755         259.882
            756         259.882
            757         259.882
            758         259.882
            759         259.882
            760         259.882
            761         259.882
            762         259.882
            763         259.882
            764         259.882
            765         259.882
            766         259.882
            767         259.882
            768         259.882
            769         259.882
            770         259.882
            771         259.882
            772         259.882
            773         259.882
            774         259.882
            775         259.882
            776         259.882
            777         259.882
            778         259.882
            779         259.882
            780         259.882
            781         259.882
            782         259.882
            783         259.882
            784         259.882
            785         260.859
            786         260.859
            787         260.859
            788         260.859
            789         260.859
            790         260.859
            791         260.859
            792         260.859
            793         260.859
            794         260.859
            795         260.859
            796         260.859
            797         260.859
            798         260.859
            799         260.859
            800         260.859
            801         260.859
            802         260.859
            803         260.859
            804         260.859
            805         260.859
            806         260.859
            807         260.859
            808         260.859
            809         260.859
            810         260.859
            811         260.859
            812         260.859
            813         260.859
            814         260.859
            815         260.859
            816         260.859
            817         260.859
            818         260.859
            819         260.859
            820         260.859
            821         260.859
            822         260.859
            823         260.859
            824         260.859
            825         260.859
            826         260.859
            827         260.859
            828         260.859
            829         260.859
            830         260.859
            831         260.859
            832         260.859
            833         260.859
            834         260.859
            835         260.859
            836         260.859
            837         260.859
            838         260.859
            839         261.836
            840         261.836
            841         261.836
            842         261.836
            843         261.836
            844         261.836
            845         261.836
            846         261.836
            847         261.836
            848         261.836
            849         261.836
            850         261.836
            851         261.836
            852         261.836
            853         261.836
            854         261.836
            855         261.836
            856         261.836
            857         261.836
            858         261.836
            859         261.836
            860         261.836
            861         261.836
            862         261.836
            863         261.836
            864         261.836
            865         262.813
            866         262.813
            867         262.813
            868         262.813
            869         262.813
            870         262.813
            871         262.813
            872         262.813
            873         262.813
            874         262.813
            875         262.813
            876         262.813
            877         262.813
            878         262.813
            879         262.813
            880         262.813
            881         262.813
            882         262.813
            883         262.813
            884         262.813
            885         263.790
            886         263.790
            887         263.790
            888         263.790
            889         263.790
            890         263.790
            891         263.790
            892         263.790
            893         263.790
            894         263.790
            895         263.790
            896         263.790
            897         263.790
            898         263.790
            899         263.790
            900         263.790
            901         263.790
            902         263.790
            903         263.790
            904         263.790
            905         263.790
            906         263.790
            907         263.790
            908         263.790
            909         263.790
            910         263.790
            911         263.790
            912         263.790
            913         263.790
            914         263.790
            915         263.790
            916         263.790
            917         263.790
            918         263.790
            919         263.790
            920         263.790
            921         263.790
            922         263.790
            923         263.790
            924         263.790
            925         263.790
            926         263.790
            927         263.790
            928         263.790
            929         263.790
            930         263.790
            931         263.790
            932         263.790
            933         263.790
            934         263.790
            935         263.790
            936         263.790
            937         263.790
            938         263.790
            939         263.790
            940         263.790
            941         263.790
            942         263.790
            943         263.790
            944         263.790
            945         263.790
            946         263.790
            947         263.790
            948         263.790
            949         263.790
            950         263.790
            951         263.790
            952         263.790
            953         263.790
            954         263.790
            955         263.790
            956         263.790
            957         263.790
            958         263.790
            959         263.790
            960         263.790
            961         263.790
            962         263.790
            963         263.790
            964         263.790
            965         263.790
            966         263.790
            967         263.790
            968         263.790
            969         263.790
            970         263.790
            971         262.813
            972         262.813
            973         262.813
            974         262.813
            975         261.836
            976         262.813
            977         262.813
            978         262.813
            979         262.813
            980         262.813
            981         262.813
            982         262.813
            983         263.790
            984         263.790
            985         263.790
            986         263.790
            987         263.790
            988         263.790
            989         263.790
            990         263.790
            991         263.790
            992         263.790
            993         263.790
            994         263.790
            995         263.790
            996         263.790
            997         263.790
            998         263.790
            999         263.790
           1000         263.790
           1001         263.790
           1002         263.790
           1003         263.790
           1004         263.790
           1005         263.790
           1006         263.790
           1007         263.790
           1008         263.790
           1009         263.790
           1010         263.790
           1011         263.790
           1012         263.790
           1013         263.790
           1014         263.790
           1015         263.790
           1016         263.790
           1017         263.790
           1018         263.790
           1019         263.790
           1020         263.790
           1021         263.790
           1022         263.790
           1023         263.790
           1024         263.790
           1025         263.790
           1026         263.790
           1027         263.790
           1028         263.790
           1029         262.813
           1030         262.813
           1031         262.813
           1032         262.813
           1033         262.813
           1034         262.813
           1035         262.813
           1036         262.813
           1037         262.813
           1038         262.813
           1039         262.813
           1040         262.813
           1041         262.813
           1042         262.813
           1043         262.813
           1044         262.813
           1045         262.813
           1046         262.813
           1047         262.813
           1048         262.813
           1049         262.813
           1050         262.813
           1051         262.813
           1052         262.813
           1053         262.813
           1054         262.813
           1055         262.813
           1056         262.813
           1057         262.813
           1058         262.813
           1059         262.813
           1060         262.813
           1061         262.813
           1062         262.813
           1063         262.813
           1064         262.813
           1065         262.813
           1066         262.813
           1067         262.813
           1068         262.813
           1069         262.813
           1070         262.813
           1071         262.813
           1072         262.813
           1073         262.813
           1074         262.813
           1075         262.813
           1076         262.813
           1077         262.813
           1078         262.813
           1079         262.813
           1080         262.813
           1081         262.813
           1082         262.813
           1083         262.813
           1084         262.813
           1085         262.813
           1086         262.813
           1087         262.813
           1088         262.813
           1089         262.813
           1090         262.813
           1091         262.813
           1092         262.813
           1093         262.813
           1094         262.813
           1095         262.813
           1096         262.813
           1097         262.813
           1098         262.813
           1099         262.813
           1100         262.813
           1101         262.813
           1102         262.813
           1103         262.813
           1104         262.813
           1105         262.813
           1106         262.813
           1107         262.813
           1108         262.813
           1109         262.813
           1110         262.813
           1111         262.813
           1112         262.813
           1113         262.813
           1114         262.813
           1115         262.813
           1116         262.813
           1117         262.813
           1118         262.813
           1119         262.813
           1120         262.813
           1121         262.813
           1122         262.813
           1123         262.813
           1124         262.813
           1125         262.813
           1126         262.813
           1127         262.813
           1128         262.813
           1129         262.813
           1130         262.813
           1131         262.813
           1132         262.813
           1133         262.813
           1134         262.813
           1135         262.813
           1136         262.813
           1137         262.813
           1138         262.813
           1139         262.813
           1140         262.813
           1141         262.813
           1142         262.813
           1143         262.813
           1144         262.813
           1145         262.813
           1146         262.813
           1147         262.813
           1148         262.813
           1149         262.813
           1150         262.813
           1151         262.813
           1152         262.813
           1153         262.813
           1154         262.813
           1155         262.813
           1156         262.813
           1157         262.813
           1158         262.813
           1159         262.813
           1160         262.813
           1161         262.813
           1162         261.836
           1163         261.836
           1164         261.836
           1165         261.836
           1166         261.836
           1167         261.836
           1168         261.836
           1169         261.836
           1170         261.836
           1171         261.836
           1172         261.836
           1173         261.836
           1174         261.836
           1175         261.836
           1176         261.836
           1177         261.836
           1178         261.836
           1179         261.836
           1180         261.836
           1181         261.836
           1182         261.836
           1183         261.836
           1184         261.836
           1185         261.836
           1186         261.836
           1187         261.836
           1188         261.836
           1189         261.836
           1190         261.836
           1191         261.836
           1192         261.836
           1193         261.836
           1194         261.836
           1195         261.836
           1196         261.836
           1197         261.836
           1198         261.836
           1199         261.836
           1200         261.836
           1201         261.836
           1202         261.836
           1203         261.836
           1204         261.836
           1205         261.836
           1206         261.836
           1207         261.836
           1208         261.836
           1209         261.836
           1210         261.836
           1211         261.836
           1212         261.836
           1213         261.836
           1214         261.836
           1215         261.836
           1216         261.836
           1217         261.836
           1218         261.836
           1219         261.836
           1220         261.836
           1221         261.836
           1222         261.836
           1223         261.836
           1224         261.836
           1225         261.836
           1226         261.836
           1227         261.836
           1228         261.836
           1229         261.836
           1230         261.836
           1231         261.836
           1232         261.836
           1233         261.836
           1234         261.836
           1235         261.836
           1236         261.836
           1237         261.836
           1238         261.836
           1239         261.836
           1240         261.836
           1241         261.836
           1242         261.836
           1243         261.836
           1244         261.836
           1245         261.836
           1246         261.836
           1247         261.836
           1248         261.836
           1249         261.836
           1250         261.836
           1251         261.836
           1252         261.836
           1253         261.836
           1254         261.836
           1255         261.836
           1256         261.836
           1257         261.836
           1258         261.836
           1259         261.836
           1260         261.836
           1261         261.836
           1262         261.836
           1263         261.836
           1264         261.836
           1265         261.836
           1266         260.859
           1267         260.859
           1268         260.859
           1269         260.859
           1270         260.859
           1271         260.859
           1272         260.859
           1273         260.859
           1274         260.859
           1275         260.859
           1276         260.859
           1277         260.859
           1278         260.859
           1279         260.859
           1280         260.859
           1281         260.859
           1282         260.859
           1283         260.859
           1284         260.859
           1285         260.859
           1286         260.859
           1287         260.859
           1288         260.859
           1289         260.859
           1290         260.859
           1291         260.859
           1292         260.859
           1293         260.859
           1294         260.859
           1295         260.859
           1296         260.859
           1297         260.859
           1298         260.859
           1299         260.859
           1300         260.859
           1301         260.859
           1302         260.859
           1303         260.859
           1304         260.859
           1305         260.859
           1306         260.859
           1307         260.859
           1308         260.859
           1309         260.859
           1310         260.859
           1311         260.859
           1312         260.859
           1313         260.859
           1314         260.859
           1315         260.859
           1316         260.859
           1317         260.859
           1318         260.859
           1319         260.859
           1320         260.859
           1321         260.859
           1322         260.859
           1323         260.859
           1324         260.859
           1325         260.859
           1326         260.859
           1327         260.859
           1328         260.859
           1329         260.859
           1330         260.859
           1331         260.859
           1332         260.859
           1333         260.859
           1334         260.859
           1335         260.859
           1336         260.859
           1337         260.859
           1338         260.859
           1339         260.859
           1340         260.859
           1341         260.859
           1342         260.859
           1343         260.859
           1344         260.859
           1345         260.859
           1346         260.859
           1347         259.882
           1348         259.882
           1349         259.882
           1350         259.882
           1351         259.882
           1352         260.859
           1353         260.859
           1354         260.859
           1355         260.859
           1356         260.859
           1357         260.859
           1358         260.859
           1359         259.882
           1360         259.882
           1361         259.882
           1362         259.882
           1363         259.882
           1364         259.882
           1365         259.882
           1366         259.882
           1367         259.882
           1368         259.882
           1369         259.882
           1370         259.882
           1371         259.882
           1372         259.882
           1373         259.882
           1374         259.882
           1375         259.882
           1376         259.882
           1377         259.882
           1378         258.905
           1379         258.905
           1380         258.905
           1381         258.905
           1382         258.905
           1383         258.905
           1384         258.905
           1385         258.905
           1386         258.905
           1387         258.905
           1388         258.905
           1389         258.905
           1390         258.905
           1391         258.905
           1392         258.905
           1393         258.905
           1394         258.905
           1395         258.905
           1396         258.905
           1397         258.905
           1398         258.905
           1399         258.905
           1400         258.905
           1401         258.905
           1402         258.905
           1403         258.905
           1404         258.905
           1405         258.905
           1406         258.905
           1407         258.905
           1408         258.905
           1409         258.905
           1410         258.905
           1411         258.905
           1412         258.905
           1413         258.905
           1414         258.905
           1415         258.905
           1416         258.905
           1417         258.905
           1418         258.905
           1419         258.905
           1420         258.905
           1421         258.905
           1422         258.905
           1423         258.905
           1424         258.905
           1425         258.905
           1426         258.905
           1427         258.905
           1428         257.928
           1429         257.928
           1430         257.928
           1431         257.928
           1432         257.928
           1433         257.928
           1434         257.928
           1435         257.928
           1436         257.928
           1437         257.928
           1438         257.928
           1439         257.928
           1440         257.928
           1441         257.928
           1442         257.928
           1443         257.928
           1444         257.928
           1445         257.928
           1446         257.928
           1447         257.928
           1448         257.928
           1449         257.928
           1450         257.928
           1451         257.928
           1452         257.928
           1453         257.928
           1454         257.928
           1455         257.928
           1456         257.928
           1457         257.928
           1458         257.928
           1459         257.928
           1460         257.928
           1461         257.928
           1462         257.928
           1463         257.928
           1464         257.928
           1465         257.928
           1466         257.928
           1467         257.928
           1468         257.928
           1469         257.928
           1470         257.928
           1471         257.928
           1472         257.928
           1473         256.951
           1474         256.951
           1475         256.951
           1476         256.951
           1477         256.951
           1478         256.951
           1479         256.951
           1480         256.951
           1481         256.951
           1482         256.951
           1483         256.951
           1484         256.951
           1485         256.951
           1486         256.951
           1487         256.951
           1488         256.951
           1489         256.951
           1490         256.951
           1491         256.951
           1492         256.951
           1493         256.951
           1494         256.951
           1495         256.951
           1496         256.951
           1497         256.951
           1498         256.951
           1499         256.951
           1500         256.951
           1501         256.951
           1502         256.951
           1503         256.951
           1504         256.951
           1505         256.951
           1506         256.951
           1507         256.951
           1508         256.951
           1509         256.951
           1510         256.951
           1511         256.951
           1512         256.951
           1513         256.951
           1514         256.951
           1515         256.951
           1516         256.951
           1517         256.951
           1518         256.951
           1519         256.951
           1520         256.951
           1521         256.951
           1522         256.951
           1523         256.951
           1524         256.951
           1525         256.951
           1526         256.951
           1527         256.951
           1528         256.951
           1529         256.951
           1530         256.951
           1531         256.951
           1532         256.951
           1533         256.951
           1534         256.951
           1535         256.951
           1536         256.951
           1537         256.951
           1538         256.951
           1539         256.951
           1540         256.951
           1541         256.951
           1542         256.951
           1543         256.951
           1544         256.951
           1545         256.951
           1546         256.951
           1547         256.951
           1548         256.951
           1549         256.951
           1550         256.951
           1551         256.951
           1552         256.951
           1553         256.951
           1554         256.951
           1555         256.951
           1556         256.951
           1557         256.951
           1558         256.951
           1559         256.951
           1560         256.951
           1561         256.951
           1562         256.951
           1563         256.951
           1564         256.951
           1565         256.951
           1566         256.951
           1567         256.951
           1568         256.951
           1569         256.951
           1570         256.951
           1571         256.951
           1572         256.951
           1573         256.951
