TRACENO
              3         109.424
              4         109.424
              5         109.424
              6         109.424
              7         109.424
              8         109.424
              9         109.424
             10         109.424
             11         109.424
             12         109.424
             13         109.424
             14         109.424
             15         109.424
             16         109.424
             17         109.424
             18         109.424
             19         109.424
             20         109.424
             21         109.424
             22         109.424
             23         110.401
             24         110.401
             25         110.401
             26         110.401
             27         110.401
             28         110.401
             29         110.401
             30         110.401
             31         110.401
             32         110.401
             33         110.401
             34         110.401
             35         110.401
             36         110.401
             37         110.401
             38         110.401
             39         110.401
             40         110.401
             41         110.401
             42         110.401
             43         110.401
             44         110.401
             45         110.401
             46         110.401
             47         110.401
             48         110.401
             49         110.401
             50         110.401
             51         111.378
             52         111.378
             53         111.378
             54         111.378
             55         111.378
             56         111.378
             57         111.378
             58         111.378
             59         111.378
             60         111.378
             61         111.378
             62         111.378
             63         111.378
             64         111.378
             65         111.378
             66         111.378
             67         111.378
             68         111.378
             69         111.378
             70         111.378
             71         111.378
             72         111.378
             73         111.378
             74         111.378
             75         111.378
             76         112.355
             77         112.355
             78         112.355
             79         112.355
             80         112.355
             81         112.355
             82         112.355
             83         112.355
             84         112.355
             85         112.355
             86         112.355
             87         112.355
             88         112.355
             89         112.355
             90         112.355
             91         112.355
             92         112.355
             93         112.355
             94         112.355
             95         112.355
             96         112.355
             97         112.355
             98         112.355
             99         112.355
            100         112.355
            101         113.332
            102         113.332
            103         113.332
            104         113.332
            105         113.332
            106         113.332
            107         113.332
            108         113.332
            109         113.332
            110         113.332
            111         113.332
            112         113.332
            113         113.332
            114         113.332
            115         113.332
            116         113.332
            117         113.332
            118         113.332
            119         114.309
            120         114.309
            121         114.309
            122         114.309
            123         114.309
            124         114.309
            125         114.309
            126         114.309
            127         114.309
            128         114.309
            129         114.309
            130         114.309
            131         114.309
            132         114.309
            133         114.309
            134         114.309
            135         114.309
            136         114.309
            137         115.286
            138         115.286
            139         115.286
            140         115.286
            141         115.286
            142         115.286
            143         115.286
            144         115.286
            145         115.286
            146         115.286
            147         115.286
            148         115.286
            149         115.286
            150         115.286
            151         115.286
            152         115.286
            153         115.286
            154         115.286
            155         116.263
            156         116.263
            157         116.263
            158         116.263
            159         116.263
            160         116.263
            161         116.263
            162         116.263
            163         116.263
            164         116.263
            165         116.263
            166         116.263
            167         116.263
            168         116.263
            169         116.263
            170         116.263
            171         116.263
            172         116.263
            173         116.263
            174         117.240
            175         117.240
            176         117.240
            177         117.240
            178         117.240
            179         117.240
            180         117.240
            181         117.240
            182         117.240
            183         117.240
            184         117.240
            185         117.240
            186         117.240
            187         117.240
            188         117.240
            189         117.240
            190         117.240
            191         117.240
            192         117.240
            193         118.217
            194         118.217
            195         118.217
            196         118.217
            197         118.217
            198         118.217
            199         118.217
            200         118.217
            201         118.217
            202         118.217
            203         118.217
            204         118.217
            205         118.217
            206         118.217
            207         118.217
            208         118.217
            209         118.217
            210         118.217
            211         119.194
            212         119.194
            213         119.194
            214         119.194
            215         119.194
            216         119.194
            217         119.194
            218         119.194
            219         119.194
            220         119.194
            221         119.194
            222         119.194
            223         119.194
            224         119.194
            225         119.194
            226         119.194
            227         119.194
            228         119.194
            229         119.194
            230         119.194
            231         120.171
            232         120.171
            233         120.171
            234         120.171
            235         120.171
            236         120.171
            237         120.171
            238         120.171
            239         120.171
            240         120.171
            241         120.171
            242         120.171
            243         120.171
            244         120.171
            245         120.171
            246         120.171
            247         120.171
            248         120.171
            249         120.171
            250         120.171
            251         121.148
            252         121.148
            253         121.148
            254         121.148
            255         121.148
            256         121.148
            257         121.148
            258         121.148
            259         121.148
            260         121.148
            261         121.148
            262         121.148
            263         121.148
            264         121.148
            265         121.148
            266         121.148
            267         121.148
            268         121.148
            269         121.148
            270         122.125
            271         122.125
            272         122.125
            273         122.125
            274         122.125
            275         122.125
            276         122.125
            277         122.125
            278         122.125
            279         122.125
            280         122.125
            281         122.125
            282         122.125
            283         122.125
            284         122.125
            285         122.125
            286         122.125
            287         122.125
            288         122.125
            289         122.125
            290         123.102
            291         123.102
            292         123.102
            293         123.102
            294         123.102
            295         123.102
            296         123.102
            297         123.102
            298         123.102
            299         123.102
            300         123.102
            301         123.102
            302         123.102
            303         123.102
            304         123.102
            305         123.102
            306         123.102
            307         123.102
            308         123.102
            309         124.079
            310         124.079
            311         124.079
            312         124.079
            313         124.079
            314         124.079
            315         124.079
            316         124.079
            317         124.079
            318         124.079
            319         124.079
            320         124.079
            321         124.079
            322         124.079
            323         124.079
            324         124.079
            325         124.079
            326         124.079
            327         124.079
            328         124.079
            329         125.056
            330         125.056
            331         125.056
            332         125.056
            333         125.056
            334         125.056
            335         125.056
            336         125.056
            337         125.056
            338         125.056
            339         125.056
            340         125.056
            341         125.056
            342         125.056
            343         125.056
            344         125.056
            345         125.056
            346         125.056
            347         125.056
            348         126.033
            349         126.033
            350         126.033
            351         126.033
            352         126.033
            353         126.033
            354         126.033
            355         126.033
            356         126.033
            357         126.033
            358         126.033
            359         126.033
            360         126.033
            361         127.010
            362         127.010
            363         127.010
            364         127.010
            365         127.010
            366         127.010
            367         127.010
            368         127.010
            369         127.010
            370         127.010
            371         127.010
            372         127.010
            373         127.010
            374         127.987
            375         127.987
            376         127.987
            377         127.987
            378         127.987
            379         127.987
            380         127.987
            381         127.987
            382         127.987
            383         127.987
            384         127.987
            385         127.987
            386         127.987
            387         128.964
            388         128.964
            389         128.964
            390         128.964
            391         128.964
            392         128.964
            393         128.964
            394         128.964
            395         128.964
            396         128.964
            397         128.964
            398         128.964
            399         128.964
            400         128.964
            401         129.941
            402         129.941
            403         129.941
            404         129.941
            405         129.941
            406         129.941
            407         129.941
            408         129.941
            409         129.941
            410         129.941
            411         129.941
            412         129.941
            413         129.941
            414         129.941
            415         129.941
            416         129.941
            417         129.941
            418         129.941
            419         130.918
            420         130.918
            421         130.918
            422         130.918
            423         130.918
            424         130.918
            425         130.918
            426         130.918
            427         130.918
            428         130.918
            429         130.918
            430         130.918
            431         130.918
            432         130.918
            433         130.918
            434         130.918
            435         130.918
            436         130.918
            437         131.895
            438         131.895
            439         131.895
            440         131.895
            441         131.895
            442         131.895
            443         131.895
            444         131.895
            445         131.895
            446         131.895
            447         131.895
            448         131.895
            449         131.895
            450         131.895
            451         131.895
            452         131.895
            453         131.895
            454         131.895
            455         132.872
            456         132.872
            457         132.872
            458         132.872
            459         132.872
            460         132.872
            461         132.872
            462         132.872
            463         132.872
            464         132.872
            465         132.872
            466         132.872
            467         132.872
            468         132.872
            469         132.872
            470         132.872
            471         132.872
            472         132.872
            473         133.849
            474         133.849
            475         133.849
            476         133.849
            477         133.849
            478         133.849
            479         133.849
            480         133.849
            481         133.849
            482         133.849
            483         133.849
            484         133.849
            485         133.849
            486         133.849
            487         133.849
            488         133.849
            489         133.849
            490         133.849
            491         134.826
            492         134.826
            493         134.826
            494         134.826
            495         134.826
            496         134.826
            497         134.826
            498         134.826
            499         134.826
            500         134.826
            501         134.826
            502         134.826
            503         134.826
            504         134.826
            505         134.826
            506         134.826
            507         134.826
            508         134.826
            509         135.803
            510         135.803
            511         135.803
            512         135.803
            513         135.803
            514         135.803
            515         135.803
            516         135.803
            517         135.803
            518         135.803
            519         135.803
            520         135.803
            521         135.803
            522         135.803
            523         135.803
            524         136.780
            525         136.780
            526         136.780
            527         136.780
            528         136.780
            529         136.780
            530         136.780
            531         136.780
            532         136.780
            533         136.780
            534         136.780
            535         136.780
            536         136.780
            537         136.780
            538         136.780
            539         137.757
            540         137.757
            541         137.757
            542         137.757
            543         137.757
            544         137.757
            545         137.757
            546         137.757
            547         137.757
            548         137.757
            549         137.757
            550         137.757
            551         137.757
            552         137.757
            553         137.757
            554         138.734
            555         138.734
            556         138.734
            557         138.734
            558         138.734
            559         138.734
            560         138.734
            561         138.734
            562         138.734
            563         138.734
            564         138.734
            565         138.734
            566         138.734
            567         138.734
            568         139.711
            569         139.711
            570         139.711
            571         139.711
            572         139.711
            573         139.711
            574         139.711
            575         139.711
            576         139.711
            577         139.711
            578         139.711
            579         139.711
            580         139.711
            581         139.711
            582         140.688
            583         140.688
            584         140.688
            585         140.688
            586         140.688
            587         140.688
            588         140.688
            589         140.688
            590         140.688
            591         140.688
            592         140.688
            593         140.688
            594         140.688
            595         140.688
            596         140.688
            597         140.688
            598         140.688
            599         140.688
            600         140.688
            601         140.688
            602         141.665
            603         141.665
            604         141.665
            605         141.665
            606         141.665
            607         141.665
            608         141.665
            609         141.665
            610         141.665
            611         141.665
            612         141.665
            613         141.665
            614         141.665
            615         141.665
            616         141.665
            617         141.665
            618         141.665
            619         141.665
            620         142.642
            621         142.642
            622         142.642
            623         142.642
            624         142.642
            625         142.642
            626         142.642
            627         142.642
            628         142.642
            629         142.642
            630         142.642
            631         142.642
            632         142.642
            633         142.642
            634         142.642
            635         142.642
            636         142.642
            637         142.642
            638         142.642
            639         142.642
            640         142.642
            641         142.642
            642         142.642
            643         142.642
            644         142.642
            645         142.642
            646         142.642
            647         142.642
            648         142.642
            649         142.642
            650         142.642
            651         142.642
            652         142.642
            653         142.642
            654         142.642
            655         142.642
            656         142.642
            657         143.619
            658         143.619
            659         143.619
            660         143.619
            661         143.619
            662         143.619
            663         143.619
            664         143.619
            665         143.619
            666         143.619
            667         143.619
            668         143.619
            669         143.619
            670         143.619
            671         143.619
            672         143.619
            673         143.619
            674         143.619
            675         143.619
            676         143.619
            677         143.619
            678         143.619
            679         143.619
            680         143.619
            681         143.619
            682         143.619
            683         143.619
            684         143.619
            685         143.619
            686         143.619
            687         143.619
            688         143.619
            689         143.619
            690         143.619
            691         143.619
            692         143.619
            693         143.619
            694         143.619
            695         143.619
            696         143.619
            697         144.596
            698         144.596
            699         144.596
            700         144.596
            701         144.596
            702         144.596
            703         144.596
            704         144.596
            705         144.596
            706         144.596
            707         144.596
            708         144.596
            709         144.596
            710         144.596
            711         144.596
            712         144.596
            713         144.596
            714         144.596
            715         144.596
            716         144.596
            717         144.596
            718         144.596
            719         144.596
            720         144.596
            721         144.596
            722         144.596
            723         145.573
            724         145.573
            725         145.573
            726         145.573
            727         145.573
            728         145.573
            729         145.573
            730         145.573
            731         145.573
            732         145.573
            733         145.573
            734         145.573
            735         145.573
            736         145.573
            737         145.573
            738         145.573
            739         145.573
            740         146.550
            741         146.550
            742         146.550
            743         146.550
            744         146.550
            745         146.550
            746         146.550
            747         146.550
            748         146.550
            749         146.550
            750         146.550
            751         146.550
            752         146.550
            753         146.550
            754         146.550
            755         146.550
            756         146.550
            757         146.550
            758         146.550
            759         146.550
            760         146.550
            761         146.550
            762         146.550
            763         146.550
            764         146.550
            765         146.550
            766         146.550
            767         146.550
            768         146.550
            769         146.550
            770         146.550
            771         146.550
            772         146.550
            773         146.550
            774         146.550
            775         146.550
            776         146.550
            777         146.550
            778         146.550
            779         146.550
            780         146.550
            781         146.550
            782         146.550
            783         146.550
            784         146.550
            785         146.550
            786         146.550
            787         146.550
            788         146.550
            789         146.550
            790         146.550
            791         146.550
            792         146.550
            793         146.550
            794         146.550
            795         146.550
            796         146.550
            797         146.550
            798         147.527
            799         147.527
            800         147.527
            801         147.527
            802         147.527
            803         147.527
            804         147.527
            805         147.527
            806         147.527
            807         147.527
            808         147.527
            809         147.527
            810         147.527
            811         147.527
            812         147.527
            813         147.527
            814         147.527
            815         147.527
            816         147.527
            817         147.527
            818         147.527
            819         147.527
            820         147.527
            821         147.527
            822         147.527
            823         147.527
            824         147.527
            825         147.527
            826         147.527
            827         147.527
            828         147.527
            829         147.527
            830         147.527
            831         147.527
            832         147.527
            833         147.527
            834         147.527
            835         147.527
            836         147.527
            837         147.527
            838         147.527
            839         147.527
            840         147.527
            841         147.527
            842         147.527
            843         147.527
            844         147.527
            845         147.527
            846         147.527
            847         147.527
            848         147.527
            849         147.527
            850         147.527
            851         147.527
            852         147.527
            853         147.527
            854         147.527
            855         147.527
            856         147.527
            857         147.527
            858         147.527
            859         147.527
            860         147.527
            861         147.527
            862         147.527
            863         147.527
            864         147.527
            865         147.527
            866         147.527
            867         147.527
            868         147.527
            869         147.527
            870         147.527
            871         147.527
            872         147.527
            873         147.527
            874         147.527
            875         147.527
            876         147.527
            877         147.527
            878         147.527
            879         147.527
            880         147.527
            881         147.527
            882         147.527
            883         147.527
            884         147.527
            885         147.527
            886         147.527
            887         147.527
            888         147.527
            889         147.527
            890         147.527
            891         147.527
            892         147.527
            893         147.527
            894         147.527
            895         147.527
            896         147.527
            897         147.527
            898         147.527
            899         147.527
            900         147.527
            901         147.527
            902         147.527
            903         147.527
            904         147.527
            905         147.527
            906         147.527
            907         147.527
            908         147.527
            909         147.527
            910         147.527
            911         147.527
            912         147.527
            913         147.527
            914         147.527
            915         147.527
            916         147.527
            917         147.527
            918         147.527
            919         147.527
            920         147.527
            921         147.527
            922         147.527
            923         147.527
            924         147.527
            925         147.527
            926         147.527
            927         147.527
            928         147.527
            929         147.527
            930         147.527
            931         147.527
            932         147.527
            933         147.527
            934         147.527
            935         147.527
            936         147.527
            937         147.527
            938         147.527
            939         147.527
            940         147.527
            941         147.527
            942         147.527
            943         147.527
            944         147.527
            945         147.527
            946         147.527
            947         147.527
            948         147.527
            949         147.527
            950         147.527
            951         147.527
            952         147.527
            953         147.527
            954         147.527
            955         147.527
            956         147.527
            957         148.504
            958         148.504
            959         148.504
            960         148.504
            961         148.504
            962         148.504
            963         148.504
            964         148.504
            965         148.504
            966         148.504
            967         148.504
            968         148.504
            969         148.504
            970         148.504
            971         148.504
            972         148.504
            973         148.504
            974         148.504
            975         148.504
            976         148.504
            977         148.504
            978         148.504
            979         148.504
            980         148.504
            981         148.504
            982         148.504
            983         148.504
            984         148.504
            985         148.504
            986         148.504
            987         148.504
            988         148.504
            989         148.504
            990         148.504
            991         148.504
            992         148.504
            993         148.504
            994         148.504
            995         148.504
            996         148.504
            997         148.504
            998         148.504
            999         148.504
           1000         148.504
           1001         148.504
           1002         148.504
           1003         148.504
           1004         148.504
           1005         148.504
           1006         148.504
           1007         148.504
           1008         148.504
           1009         148.504
           1010         148.504
           1011         148.504
           1012         148.504
           1013         148.504
           1014         148.504
           1015         148.504
           1016         148.504
           1017         148.504
           1018         148.504
           1019         148.504
           1020         148.504
           1021         148.504
           1022         148.504
           1023         148.504
           1024         148.504
           1025         148.504
           1026         148.504
           1027         148.504
           1028         148.504
           1029         148.504
           1030         148.504
           1031         148.504
           1032         148.504
           1033         148.504
           1034         148.504
           1035         148.504
           1036         148.504
           1037         148.504
           1038         148.504
           1039         149.481
           1040         149.481
           1041         149.481
           1042         149.481
           1043         149.481
           1044         149.481
           1045         149.481
           1046         149.481
           1047         149.481
           1048         149.481
           1049         149.481
           1050         149.481
           1051         149.481
           1052         149.481
           1053         149.481
           1054         149.481
           1055         149.481
           1056         149.481
           1057         149.481
           1058         149.481
           1059         149.481
           1060         149.481
           1061         149.481
           1062         149.481
           1063         149.481
           1064         149.481
           1065         149.481
           1066         149.481
           1067         149.481
           1068         149.481
           1069         149.481
           1070         149.481
           1071         149.481
           1072         149.481
           1073         149.481
           1074         149.481
           1075         149.481
           1076         149.481
           1077         149.481
           1078         149.481
           1079         149.481
           1080         149.481
           1081         149.481
           1082         149.481
           1083         149.481
           1084         149.481
           1085         149.481
           1086         149.481
           1087         149.481
           1088         149.481
           1089         149.481
           1090         149.481
           1091         149.481
           1092         149.481
           1093         149.481
           1094         149.481
           1095         149.481
           1096         149.481
           1097         149.481
           1098         149.481
           1099         149.481
           1100         149.481
           1101         149.481
           1102         149.481
           1103         149.481
           1104         149.481
           1105         149.481
           1106         149.481
           1107         149.481
           1108         149.481
           1109         149.481
           1110         149.481
           1111         149.481
           1112         149.481
           1113         149.481
           1114         149.481
           1115         149.481
           1116         150.458
           1117         150.458
           1118         150.458
           1119         150.458
           1120         150.458
           1121         150.458
           1122         150.458
           1123         150.458
           1124         150.458
           1125         150.458
           1126         150.458
           1127         150.458
           1128         150.458
           1129         150.458
           1130         150.458
           1131         150.458
           1132         150.458
           1133         150.458
           1134         150.458
           1135         150.458
           1136         150.458
           1137         150.458
           1138         150.458
           1139         150.458
           1140         150.458
           1141         150.458
           1142         150.458
           1143         150.458
           1144         150.458
           1145         150.458
           1146         150.458
           1147         150.458
           1148         150.458
           1149         150.458
           1150         150.458
           1151         150.458
           1152         150.458
           1153         150.458
           1154         150.458
           1155         150.458
           1156         150.458
           1157         150.458
           1158         150.458
           1159         150.458
           1160         150.458
           1161         150.458
           1162         150.458
           1163         150.458
           1164         150.458
           1165         151.435
           1166         151.435
           1167         151.435
           1168         151.435
           1169         151.435
           1170         151.435
           1171         151.435
           1172         151.435
           1173         151.435
           1174         151.435
           1175         151.435
           1176         151.435
           1177         151.435
           1178         151.435
           1179         151.435
           1180         151.435
           1181         151.435
           1182         151.435
           1183         151.435
           1184         151.435
           1185         151.435
           1186         151.435
           1187         151.435
           1188         151.435
           1189         151.435
           1190         151.435
           1191         152.412
           1192         152.412
           1193         152.412
           1194         152.412
           1195         152.412
           1196         152.412
           1197         152.412
           1198         152.412
           1199         152.412
           1200         152.412
           1201         152.412
           1202         152.412
           1203         152.412
           1204         152.412
           1205         152.412
           1206         152.412
           1207         152.412
           1208         152.412
           1209         152.412
           1210         152.412
           1211         152.412
           1212         152.412
           1213         152.412
           1214         152.412
           1215         152.412
           1216         152.412
           1217         152.412
           1218         152.412
           1219         152.412
           1220         152.412
           1221         152.412
           1222         152.412
           1223         152.412
           1224         152.412
           1225         152.412
           1226         152.412
           1227         152.412
           1228         152.412
           1229         152.412
           1230         152.412
           1231         152.412
           1232         152.412
           1233         152.412
           1234         152.412
           1235         152.412
           1236         152.412
           1237         152.412
           1238         152.412
           1239         152.412
           1240         152.412
           1241         152.412
           1242         152.412
           1243         152.412
           1244         152.412
           1245         152.412
           1246         152.412
           1247         152.412
           1248         152.412
           1249         152.412
           1250         152.412
           1251         153.389
           1252         153.389
           1253         153.389
           1254         153.389
           1255         153.389
           1256         153.389
           1257         153.389
           1258         153.389
           1259         153.389
           1260         153.389
           1261         153.389
           1262         153.389
           1263         153.389
           1264         153.389
           1265         153.389
           1266         153.389
           1267         153.389
           1268         153.389
           1269         153.389
           1270         153.389
           1271         153.389
           1272         153.389
           1273         153.389
           1274         153.389
           1275         153.389
           1276         153.389
           1277         153.389
           1278         153.389
           1279         153.389
           1280         153.389
           1281         153.389
           1282         153.389
           1283         153.389
           1284         153.389
           1285         153.389
           1286         153.389
           1287         153.389
           1288         153.389
           1289         153.389
           1290         153.389
           1291         153.389
           1292         153.389
           1293         153.389
           1294         153.389
           1295         153.389
           1296         153.389
           1297         153.389
           1298         153.389
           1299         153.389
           1300         153.389
           1301         153.389
           1302         153.389
           1303         153.389
           1304         153.389
           1305         153.389
           1306         153.389
           1307         153.389
           1308         153.389
           1309         153.389
           1310         153.389
           1311         153.389
           1312         153.389
           1313         153.389
           1314         153.389
           1315         153.389
           1316         153.389
           1317         153.389
           1318         153.389
           1319         153.389
           1320         153.389
           1321         153.389
           1322         153.389
           1323         153.389
           1324         153.389
           1325         153.389
           1326         153.389
           1327         154.366
           1328         154.366
           1329         154.366
           1330         154.366
           1331         154.366
           1332         154.366
           1333         154.366
           1334         154.366
           1335         154.366
           1336         154.366
           1337         154.366
           1338         154.366
           1339         154.366
           1340         154.366
           1341         154.366
           1342         154.366
           1343         154.366
           1344         154.366
           1345         154.366
           1346         154.366
           1347         154.366
           1348         154.366
           1349         154.366
           1350         154.366
           1351         154.366
           1352         154.366
           1353         154.366
           1354         154.366
           1355         154.366
           1356         154.366
           1357         154.366
           1358         154.366
           1359         154.366
           1360         154.366
           1361         154.366
           1362         154.366
           1363         154.366
           1364         154.366
           1365         154.366
           1366         154.366
           1367         154.366
           1368         154.366
           1369         154.366
           1370         154.366
           1371         154.366
           1372         154.366
           1373         154.366
           1374         154.366
           1375         154.366
           1376         154.366
           1377         154.366
           1378         154.366
           1379         154.366
           1380         154.366
           1381         154.366
           1382         154.366
           1383         154.366
           1384         154.366
           1385         154.366
           1386         154.366
           1387         154.366
           1388         154.366
           1389         154.366
           1390         154.366
           1391         154.366
           1392         154.366
           1393         154.366
           1394         154.366
           1395         154.366
           1396         154.366
           1397         154.366
           1398         154.366
           1399         154.366
           1400         154.366
           1401         154.366
           1402         154.366
           1403         154.366
           1404         154.366
           1405         154.366
           1406         154.366
           1407         154.366
           1408         154.366
           1409         155.343
           1410         155.343
           1411         155.343
           1412         155.343
           1413         155.343
           1414         155.343
           1415         155.343
           1416         155.343
           1417         155.343
           1418         155.343
           1419         155.343
           1420         155.343
           1421         155.343
           1422         155.343
           1423         155.343
           1424         155.343
           1425         155.343
           1426         155.343
           1427         155.343
           1428         155.343
           1429         155.343
           1430         155.343
           1431         155.343
           1432         155.343
           1433         155.343
           1434         155.343
           1435         155.343
           1436         155.343
           1437         155.343
           1438         155.343
           1439         155.343
           1440         155.343
           1441         155.343
           1442         155.343
           1443         155.343
           1444         155.343
           1445         155.343
           1446         155.343
           1447         155.343
           1448         155.343
           1449         155.343
           1450         155.343
           1451         155.343
           1452         155.343
           1453         155.343
           1454         155.343
           1455         155.343
           1456         155.343
           1457         155.343
           1458         155.343
           1459         155.343
           1460         155.343
           1461         155.343
           1462         155.343
           1463         155.343
           1464         155.343
           1465         155.343
           1466         155.343
           1467         155.343
           1468         155.343
           1469         155.343
           1470         155.343
           1471         155.343
           1472         155.343
           1473         155.343
           1474         155.343
           1475         155.343
           1476         155.343
           1477         155.343
           1478         156.320
           1479         156.320
           1480         156.320
           1481         156.320
           1482         156.320
           1483         156.320
           1484         156.320
           1485         156.320
           1486         156.320
           1487         156.320
           1488         156.320
           1489         156.320
           1490         156.320
           1491         156.320
           1492         156.320
           1493         156.320
           1494         156.320
           1495         156.320
           1496         156.320
           1497         156.320
           1498         156.320
           1499         156.320
           1500         156.320
           1501         156.320
           1502         156.320
           1503         156.320
           1504         156.320
           1505         156.320
           1506         156.320
           1507         156.320
           1508         156.320
           1509         156.320
           1510         156.320
           1511         156.320
           1512         156.320
           1513         156.320
           1514         156.320
           1515         156.320
           1516         156.320
           1517         156.320
           1518         156.320
           1519         156.320
           1520         156.320
           1521         156.320
           1522         156.320
           1523         156.320
           1524         156.320
           1525         156.320
           1526         156.320
           1527         156.320
           1528         156.320
           1529         156.320
           1530         156.320
           1531         156.320
           1532         156.320
           1533         156.320
           1534         156.320
           1535         156.320
           1536         156.320
           1537         156.320
           1538         156.320
           1539         156.320
           1540         156.320
           1541         156.320
           1542         156.320
           1543         156.320
           1544         156.320
           1545         156.320
           1546         156.320
           1547         156.320
           1548         156.320
           1549         156.320
           1550         156.320
           1551         156.320
           1552         156.320
           1553         156.320
           1554         156.320
           1555         156.320
           1556         156.320
           1557         156.320
           1558         156.320
           1559         156.320
           1560         156.320
           1561         156.320
           1562         156.320
           1563         156.320
           1564         156.320
           1565         156.320
           1566         156.320
           1567         156.320
           1568         156.320
           1569         156.320
           1570         156.320
           1571         156.320
           1572         156.320
           1573         156.320
           1574         156.320
           1575         156.320
           1576         156.320
           1577         156.320
           1578         156.320
           1579         156.320
           1580         156.320
           1581         156.320
           1582         156.320
           1583         156.320
           1584         156.320
           1585         156.320
           1586         156.320
           1587         156.320
           1588         156.320
           1589         156.320
           1590         157.297
           1591         157.297
           1592         157.297
           1593         157.297
           1594         157.297
           1595         157.297
           1596         157.297
           1597         157.297
           1598         157.297
           1599         157.297
           1600         157.297
           1601         157.297
           1602         157.297
           1603         157.297
           1604         157.297
           1605         157.297
           1606         157.297
           1607         157.297
           1608         157.297
           1609         157.297
           1610         157.297
           1611         157.297
           1612         157.297
           1613         157.297
           1614         157.297
           1615         157.297
           1616         157.297
           1617         157.297
           1618         157.297
           1619         157.297
           1620         157.297
           1621         157.297
           1622         157.297
           1623         157.297
           1624         157.297
           1625         157.297
           1626         157.297
           1627         157.297
           1628         156.320
           1629         156.320
           1630         156.320
           1631         156.320
           1632         156.320
           1633         156.320
           1634         156.320
           1635         156.320
           1636         156.320
           1637         156.320
           1638         156.320
           1639         156.320
           1640         156.320
           1641         156.320
           1642         156.320
           1643         156.320
           1644         156.320
           1645         156.320
           1646         156.320
           1647         156.320
           1648         156.320
           1649         156.320
           1650         156.320
           1651         156.320
           1652         156.320
           1653         156.320
           1654         156.320
           1655         156.320
           1656         156.320
           1657         156.320
           1658         156.320
           1659         156.320
           1660         156.320
           1661         156.320
           1662         156.320
           1663         156.320
           1664         156.320
           1665         156.320
           1666         156.320
           1667         156.320
           1668         156.320
           1669         156.320
           1670         156.320
           1671         156.320
           1672         156.320
           1673         156.320
           1674         156.320
           1675         156.320
           1676         156.320
           1677         156.320
           1678         156.320
           1679         156.320
           1680         155.343
           1681         155.343
           1682         155.343
           1683         155.343
           1684         155.343
           1685         155.343
           1686         155.343
           1687         156.320
           1688         156.320
           1689         156.320
           1690         156.320
           1691         156.320
           1692         156.320
           1693         156.320
           1694         156.320
           1695         156.320
           1696         156.320
           1697         156.320
           1698         156.320
           1699         156.320
           1700         156.320
           1701         156.320
           1702         156.320
           1703         156.320
           1704         156.320
           1705         156.320
           1706         156.320
           1707         156.320
           1708         156.320
           1709         156.320
           1710         156.320
           1711         156.320
           1712         156.320
           1713         156.320
           1714         156.320
           1715         156.320
           1716         156.320
           1717         156.320
           1718         156.320
           1719         156.320
           1720         156.320
           1721         156.320
           1722         156.320
           1723         156.320
           1724         157.297
           1725         157.297
           1726         157.297
           1727         157.297
           1728         157.297
           1729         157.297
           1730         157.297
           1731         157.297
           1732         157.297
           1733         157.297
           1734         157.297
           1735         157.297
           1736         157.297
           1737         157.297
           1738         157.297
           1739         157.297
           1740         157.297
           1741         157.297
           1742         157.297
           1743         157.297
           1744         157.297
           1745         157.297
           1746         157.297
           1747         157.297
           1748         157.297
           1749         157.297
           1750         157.297
           1751         157.297
           1752         157.297
           1753         158.274
           1754         158.274
           1755         158.274
           1756         158.274
           1757         158.274
           1758         158.274
           1759         158.274
           1760         158.274
           1761         158.274
           1762         158.274
           1763         158.274
           1764         158.274
           1765         158.274
           1766         158.274
           1767         158.274
           1768         158.274
           1769         158.274
           1770         158.274
           1771         158.274
           1772         158.274
           1773         158.274
           1774         158.274
           1775         158.274
           1776         158.274
           1777         159.251
           1778         159.251
           1779         159.251
           1780         159.251
           1781         159.251
           1782         159.251
           1783         159.251
           1784         159.251
           1785         159.251
           1786         159.251
           1787         159.251
           1788         159.251
           1789         159.251
           1790         159.251
           1791         159.251
           1792         159.251
           1793         159.251
           1794         159.251
           1795         159.251
           1796         159.251
           1797         159.251
           1798         159.251
           1799         159.251
           1800         159.251
           1801         159.251
           1802         159.251
           1803         159.251
           1804         159.251
           1805         159.251
           1806         159.251
           1807         159.251
           1808         159.251
           1809         158.274
           1810         158.274
           1811         158.274
           1812         158.274
           1813         158.274
           1814         158.274
           1815         158.274
           1816         158.274
           1817         158.274
           1818         158.274
           1819         158.274
           1820         158.274
           1821         158.274
           1822         158.274
           1823         158.274
           1824         158.274
           1825         158.274
           1826         158.274
           1827         158.274
           1828         158.274
           1829         158.274
           1830         158.274
           1831         158.274
           1832         158.274
           1833         158.274
           1834         158.274
           1835         158.274
           1836         158.274
           1837         158.274
           1838         157.297
           1839         157.297
           1840         157.297
           1841         157.297
           1842         157.297
           1843         157.297
           1844         157.297
           1845         157.297
           1846         157.297
           1847         157.297
           1848         157.297
           1849         157.297
           1850         157.297
           1851         157.297
           1852         157.297
           1853         157.297
           1854         157.297
           1855         157.297
           1856         157.297
           1857         157.297
           1858         157.297
           1859         157.297
           1860         157.297
           1861         157.297
           1862         157.297
           1863         157.297
           1864         157.297
           1865         157.297
           1866         157.297
           1867         157.297
           1868         157.297
           1869         157.297
           1870         157.297
           1871         157.297
           1872         157.297
           1873         157.297
           1874         157.297
           1875         157.297
           1876         158.274
           1877         158.274
           1878         158.274
           1879         158.274
           1880         158.274
           1881         158.274
           1882         158.274
           1883         158.274
           1884         158.274
           1885         158.274
           1886         158.274
           1887         158.274
           1888         159.251
           1889         159.251
           1890         159.251
           1891         159.251
           1892         159.251
           1893         159.251
           1894         159.251
           1895         159.251
           1896         159.251
           1897         159.251
           1898         159.251
           1899         159.251
           1900         159.251
           1901         159.251
           1902         159.251
           1903         159.251
           1904         159.251
           1905         159.251
           1906         159.251
           1907         159.251
           1908         159.251
           1909         159.251
           1910         159.251
           1911         159.251
           1912         159.251
           1913         159.251
           1914         159.251
           1915         159.251
           1916         159.251
           1917         159.251
           1918         159.251
           1919         159.251
           1920         159.251
           1921         159.251
           1922         159.251
           1923         158.274
           1924         158.274
           1925         158.274
           1926         158.274
           1927         158.274
           1928         158.274
           1929         158.274
           1930         158.274
           1931         158.274
           1932         158.274
           1933         158.274
           1934         158.274
           1935         158.274
           1936         158.274
           1937         158.274
           1938         158.274
           1939         158.274
           1940         158.274
           1941         158.274
           1942         158.274
           1943         158.274
           1944         158.274
           1945         158.274
           1946         158.274
           1947         158.274
           1948         158.274
           1949         158.274
           1950         158.274
           1951         158.274
           1952         158.274
           1953         158.274
           1954         158.274
           1955         158.274
           1956         158.274
           1957         158.274
           1958         158.274
           1959         158.274
           1960         158.274
           1961         158.274
           1962         158.274
           1963         158.274
           1964         158.274
           1965         158.274
           1966         158.274
           1967         158.274
           1968         158.274
           1969         158.274
           1970         159.251
           1971         159.251
           1972         159.251
           1973         159.251
           1974         159.251
           1975         159.251
           1976         159.251
           1977         159.251
           1978         159.251
           1979         159.251
           1980         159.251
           1981         159.251
           1982         159.251
           1983         159.251
           1984         159.251
           1985         159.251
           1986         159.251
           1987         159.251
           1988         159.251
           1989         159.251
           1990         159.251
           1991         159.251
           1992         159.251
           1993         159.251
           1994         159.251
           1995         159.251
           1996         159.251
           1997         159.251
           1998         159.251
           1999         159.251
           2000         159.251
           2001         159.251
           2002         159.251
           2003         159.251
           2004         159.251
           2005         159.251
           2006         159.251
           2007         159.251
           2008         159.251
           2009         159.251
           2010         159.251
           2011         159.251
           2012         159.251
           2013         159.251
           2014         159.251
           2015         160.228
           2016         160.228
           2017         160.228
           2018         160.228
           2019         160.228
           2020         160.228
           2021         160.228
           2022         160.228
           2023         160.228
           2024         160.228
           2025         160.228
           2026         160.228
           2027         160.228
           2028         160.228
           2029         160.228
           2030         160.228
           2031         160.228
           2032         160.228
           2033         160.228
           2034         160.228
           2035         161.205
           2036         161.205
           2037         161.205
           2038         161.205
           2039         161.205
           2040         161.205
           2041         161.205
           2042         161.205
           2043         161.205
           2044         161.205
           2045         161.205
           2046         161.205
           2047         161.205
           2048         161.205
           2049         161.205
           2050         161.205
           2051         161.205
           2052         161.205
           2053         161.205
           2054         161.205
           2055         161.205
           2056         161.205
           2057         161.205
           2058         161.205
           2059         161.205
           2060         161.205
           2061         161.205
           2062         161.205
           2063         161.205
           2064         161.205
           2065         161.205
           2066         161.205
           2067         161.205
           2068         161.205
           2069         161.205
           2070         161.205
           2071         161.205
           2072         161.205
           2073         161.205
           2074         161.205
           2075         161.205
           2076         161.205
           2077         161.205
           2078         162.182
           2079         162.182
           2080         162.182
           2081         162.182
           2082         162.182
           2083         162.182
           2084         162.182
           2085         162.182
           2086         162.182
           2087         162.182
           2088         162.182
           2089         162.182
           2090         163.159
           2091         163.159
           2092         163.159
           2093         163.159
           2094         163.159
           2095         163.159
           2096         163.159
           2097         163.159
           2098         163.159
           2099         163.159
           2100         163.159
           2101         163.159
           2102         163.159
           2103         164.136
           2104         164.136
           2105         164.136
           2106         164.136
           2107         164.136
           2108         164.136
           2109         164.136
           2110         164.136
           2111         164.136
           2112         164.136
           2113         164.136
           2114         164.136
           2115         164.136
           2116         164.136
           2117         164.136
           2118         164.136
           2119         164.136
           2120         164.136
           2121         164.136
           2122         164.136
           2123         164.136
           2124         164.136
           2125         164.136
           2126         164.136
           2127         164.136
           2128         164.136
           2129         164.136
           2130         164.136
           2131         164.136
           2132         164.136
           2133         164.136
           2134         164.136
           2135         164.136
           2136         164.136
           2137         164.136
           2138         164.136
           2139         164.136
           2140         164.136
           2141         164.136
           2142         164.136
           2143         164.136
           2144         165.113
           2145         165.113
           2146         165.113
           2147         165.113
           2148         165.113
           2149         165.113
           2150         165.113
           2151         165.113
           2152         165.113
           2153         165.113
           2154         165.113
           2155         165.113
           2156         165.113
           2157         165.113
           2158         165.113
           2159         165.113
           2160         165.113
           2161         165.113
           2162         165.113
           2163         165.113
           2164         165.113
           2165         165.113
           2166         165.113
           2167         165.113
           2168         165.113
           2169         165.113
           2170         165.113
           2171         165.113
           2172         165.113
           2173         165.113
           2174         165.113
           2175         165.113
           2176         165.113
           2177         165.113
           2178         165.113
           2179         165.113
           2180         165.113
           2181         165.113
           2182         166.090
           2183         166.090
           2184         166.090
           2185         166.090
           2186         166.090
           2187         166.090
           2188         166.090
           2189         166.090
           2190         166.090
           2191         166.090
           2192         166.090
           2193         166.090
           2194         166.090
           2195         166.090
           2196         166.090
           2197         166.090
           2198         166.090
           2199         167.067
           2200         167.067
           2201         167.067
           2202         167.067
           2203         167.067
           2204         167.067
           2205         167.067
           2206         167.067
           2207         167.067
           2208         167.067
           2209         167.067
           2210         167.067
           2211         167.067
           2212         167.067
           2213         167.067
           2214         167.067
           2215         167.067
           2216         167.067
           2217         167.067
           2218         167.067
           2219         167.067
           2220         167.067
           2221         167.067
           2222         167.067
           2223         167.067
           2224         167.067
           2225         167.067
           2226         167.067
           2227         167.067
           2228         167.067
           2229         167.067
           2230         167.067
           2231         167.067
           2232         167.067
           2233         167.067
           2234         167.067
           2235         167.067
           2236         167.067
           2237         167.067
           2238         167.067
           2239         167.067
           2240         167.067
           2241         167.067
           2242         167.067
           2243         167.067
           2244         167.067
           2245         167.067
           2246         167.067
           2247         167.067
           2248         167.067
           2249         167.067
           2250         167.067
           2251         167.067
           2252         167.067
           2253         167.067
           2254         167.067
           2255         167.067
           2256         167.067
           2257         167.067
           2258         167.067
           2259         167.067
           2260         167.067
           2261         167.067
           2262         167.067
           2263         167.067
           2264         167.067
           2265         167.067
           2266         167.067
           2267         167.067
           2268         168.044
           2269         168.044
           2270         168.044
           2271         168.044
           2272         168.044
           2273         168.044
           2274         168.044
           2275         168.044
           2276         168.044
           2277         168.044
           2278         168.044
           2279         168.044
           2280         168.044
           2281         168.044
           2282         168.044
           2283         168.044
           2284         168.044
           2285         168.044
           2286         168.044
           2287         168.044
           2288         168.044
           2289         168.044
           2290         168.044
           2291         168.044
           2292         168.044
           2293         168.044
           2294         169.021
           2295         169.021
           2296         169.021
           2297         169.021
           2298         169.021
           2299         169.021
           2300         169.021
           2301         169.021
           2302         169.021
           2303         169.021
           2304         169.021
           2305         169.021
           2306         169.021
           2307         169.021
           2308         169.021
           2309         169.021
           2310         169.021
           2311         169.021
           2312         169.021
           2313         169.021
           2314         169.021
           2315         169.021
           2316         169.021
           2317         169.021
           2318         169.021
           2319         169.021
           2320         169.021
           2321         169.021
           2322         169.021
           2323         169.021
           2324         169.021
           2325         169.021
           2326         169.021
           2327         169.021
           2328         169.021
           2329         169.021
           2330         169.998
           2331         169.998
           2332         169.998
           2333         169.998
           2334         169.998
           2335         169.998
           2336         169.998
           2337         169.998
           2338         169.998
           2339         169.998
           2340         169.998
           2341         169.998
           2342         169.998
           2343         169.998
           2344         169.998
           2345         169.998
           2346         169.998
           2347         169.998
           2348         169.998
           2349         169.998
           2350         169.998
           2351         169.998
           2352         169.998
           2353         169.998
           2354         169.998
           2355         169.998
           2356         169.998
           2357         169.998
           2358         169.998
           2359         169.998
           2360         169.998
           2361         169.998
           2362         169.998
           2363         169.998
           2364         169.998
           2365         169.998
           2366         169.998
           2367         169.998
           2368         169.998
           2369         169.998
           2370         169.998
           2371         169.998
           2372         169.998
           2373         169.998
           2374         169.998
           2375         169.998
           2376         169.998
           2377         169.998
           2378         169.998
           2379         169.998
           2380         170.975
           2381         170.975
           2382         170.975
           2383         170.975
           2384         170.975
           2385         170.975
           2386         170.975
           2387         170.975
           2388         170.975
           2389         170.975
           2390         170.975
           2391         170.975
           2392         170.975
           2393         170.975
           2394         170.975
           2395         170.975
           2396         170.975
           2397         170.975
           2398         170.975
           2399         170.975
           2400         170.975
           2401         170.975
           2402         170.975
           2403         170.975
           2404         170.975
           2405         170.975
           2406         170.975
           2407         170.975
           2408         170.975
           2409         170.975
           2410         170.975
           2411         170.975
           2412         170.975
           2413         170.975
           2414         170.975
           2415         170.975
           2416         170.975
           2417         170.975
           2418         170.975
           2419         170.975
           2420         170.975
           2421         170.975
           2422         170.975
           2423         170.975
           2424         170.975
           2425         170.975
           2426         170.975
           2427         170.975
           2428         170.975
           2429         170.975
           2430         170.975
           2431         170.975
           2432         170.975
           2433         170.975
           2434         170.975
           2435         170.975
           2436         170.975
           2437         170.975
           2438         170.975
           2439         170.975
           2440         170.975
           2441         170.975
           2442         170.975
           2443         170.975
           2444         170.975
           2445         170.975
           2446         170.975
           2447         170.975
           2448         170.975
           2449         170.975
           2450         170.975
           2451         170.975
           2452         170.975
           2453         171.952
           2454         171.952
           2455         171.952
           2456         171.952
           2457         171.952
           2458         171.952
           2459         171.952
           2460         171.952
           2461         171.952
           2462         171.952
           2463         171.952
           2464         171.952
           2465         171.952
           2466         172.929
           2467         172.929
           2468         172.929
           2469         172.929
           2470         172.929
           2471         172.929
           2472         172.929
           2473         172.929
           2474         172.929
           2475         172.929
           2476         172.929
           2477         172.929
           2478         172.929
           2479         172.929
           2480         172.929
           2481         172.929
           2482         172.929
           2483         172.929
           2484         172.929
           2485         172.929
           2486         172.929
           2487         172.929
           2488         172.929
           2489         171.952
           2490         172.929
           2491         172.929
           2492         172.929
           2493         172.929
           2494         172.929
           2495         172.929
           2496         172.929
           2497         172.929
           2498         172.929
           2499         172.929
           2500         172.929
           2501         172.929
           2502         172.929
           2503         172.929
           2504         172.929
           2505         172.929
           2506         172.929
           2507         172.929
           2508         172.929
           2509         172.929
           2510         173.906
           2511         173.906
           2512         173.906
           2513         173.906
           2514         173.906
           2515         173.906
           2516         173.906
           2517         173.906
           2518         173.906
           2519         173.906
           2520         173.906
           2521         173.906
           2522         173.906
           2523         173.906
           2524         173.906
           2525         173.906
           2526         173.906
           2527         173.906
           2528         173.906
           2529         173.906
           2530         173.906
           2531         173.906
           2532         173.906
           2533         173.906
           2534         173.906
           2535         173.906
           2536         173.906
           2537         173.906
           2538         173.906
           2539         172.929
           2540         172.929
           2541         173.906
           2542         173.906
           2543         173.906
           2544         173.906
           2545         173.906
           2546         173.906
           2547         173.906
           2548         173.906
           2549         173.906
           2550         173.906
           2551         173.906
           2552         173.906
           2553         174.883
           2554         174.883
           2555         174.883
           2556         174.883
           2557         174.883
           2558         174.883
           2559         174.883
           2560         174.883
           2561         174.883
           2562         174.883
           2563         174.883
           2564         174.883
           2565         174.883
           2566         174.883
           2567         174.883
           2568         174.883
           2569         174.883
           2570         174.883
           2571         174.883
           2572         174.883
           2573         174.883
           2574         174.883
           2575         174.883
           2576         174.883
           2577         174.883
           2578         174.883
           2579         174.883
           2580         174.883
           2581         174.883
           2582         174.883
           2583         174.883
           2584         174.883
           2585         174.883
           2586         174.883
           2587         174.883
           2588         174.883
           2589         174.883
           2590         174.883
           2591         174.883
           2592         174.883
           2593         174.883
           2594         174.883
           2595         174.883
           2596         174.883
           2597         174.883
           2598         174.883
           2599         174.883
           2600         174.883
           2601         174.883
           2602         174.883
           2603         174.883
           2604         174.883
           2605         174.883
           2606         174.883
           2607         174.883
           2608         174.883
           2609         174.883
           2610         174.883
           2611         174.883
           2612         174.883
           2613         174.883
           2614         174.883
           2615         174.883
           2616         174.883
           2617         174.883
           2618         174.883
           2619         174.883
           2620         174.883
           2621         174.883
           2622         174.883
           2623         174.883
           2624         175.860
           2625         175.860
           2626         175.860
           2627         175.860
           2628         175.860
           2629         175.860
           2630         175.860
           2631         175.860
           2632         175.860
           2633         175.860
           2634         175.860
           2635         175.860
           2636         175.860
           2637         175.860
           2638         175.860
           2639         175.860
           2640         175.860
           2641         175.860
           2642         175.860
           2643         175.860
           2644         176.837
           2645         176.837
           2646         176.837
           2647         176.837
           2648         176.837
           2649         176.837
           2650         176.837
           2651         176.837
           2652         176.837
           2653         176.837
           2654         176.837
           2655         176.837
           2656         176.837
           2657         176.837
           2658         176.837
           2659         176.837
           2660         176.837
           2661         176.837
           2662         176.837
           2663         176.837
           2664         175.860
           2665         175.860
           2666         175.860
           2667         175.860
           2668         176.837
           2669         176.837
           2670         176.837
           2671         176.837
           2672         176.837
           2673         176.837
           2674         176.837
           2675         176.837
           2676         176.837
           2677         176.837
           2678         176.837
           2679         176.837
           2680         176.837
           2681         176.837
           2682         176.837
           2683         176.837
           2684         176.837
           2685         176.837
           2686         176.837
           2687         177.814
           2688         177.814
           2689         177.814
           2690         177.814
           2691         177.814
           2692         177.814
           2693         177.814
           2694         177.814
           2695         177.814
           2696         177.814
           2697         177.814
           2698         177.814
           2699         177.814
           2700         177.814
           2701         177.814
           2702         177.814
           2703         177.814
           2704         177.814
           2705         177.814
           2706         177.814
           2707         177.814
           2708         177.814
           2709         177.814
           2710         177.814
           2711         177.814
           2712         177.814
           2713         177.814
           2714         177.814
           2715         177.814
           2716         177.814
           2717         177.814
           2718         177.814
           2719         177.814
           2720         177.814
           2721         177.814
           2722         177.814
           2723         177.814
           2724         177.814
           2725         177.814
           2726         177.814
           2727         177.814
           2728         177.814
           2729         177.814
           2730         177.814
           2731         177.814
           2732         177.814
           2733         177.814
           2734         177.814
           2735         177.814
           2736         177.814
           2737         177.814
           2738         178.791
           2739         178.791
           2740         178.791
           2741         178.791
           2742         178.791
           2743         178.791
           2744         178.791
           2745         178.791
           2746         178.791
           2747         178.791
           2748         178.791
           2749         178.791
           2750         178.791
           2751         178.791
           2752         178.791
           2753         178.791
           2754         178.791
           2755         178.791
           2756         178.791
           2757         178.791
           2758         178.791
           2759         178.791
           2760         178.791
           2761         178.791
           2762         178.791
           2763         178.791
           2764         178.791
           2765         178.791
           2766         179.768
           2767         179.768
           2768         179.768
           2769         179.768
           2770         179.768
           2771         179.768
           2772         179.768
           2773         179.768
           2774         179.768
           2775         179.768
           2776         179.768
           2777         179.768
           2778         179.768
           2779         179.768
           2780         179.768
           2781         179.768
           2782         179.768
           2783         179.768
           2784         179.768
           2785         179.768
           2786         179.768
           2787         179.768
           2788         179.768
           2789         179.768
           2790         179.768
           2791         179.768
           2792         179.768
           2793         179.768
           2794         179.768
           2795         179.768
           2796         179.768
           2797         179.768
           2798         179.768
           2799         179.768
           2800         179.768
           2801         179.768
           2802         179.768
           2803         179.768
           2804         179.768
           2805         179.768
           2806         179.768
           2807         179.768
           2808         179.768
           2809         179.768
           2810         179.768
           2811         179.768
           2812         179.768
           2813         179.768
           2814         179.768
           2815         179.768
           2816         179.768
           2817         179.768
           2818         179.768
           2819         179.768
           2820         179.768
           2821         179.768
           2822         179.768
           2823         179.768
           2824         179.768
           2825         179.768
           2826         179.768
           2827         179.768
           2828         179.768
