TRACENO
              1          89.884
              2          89.884
              3          89.884
              4          89.884
              5          89.884
              6          89.884
              7          89.884
              8          89.884
              9          89.884
             10          89.884
             11          89.884
             12          89.884
             13          89.884
             14          89.884
             15          89.884
             16          89.884
             17          89.884
             18          89.884
             19          89.884
             20          90.861
             21          91.838
             22          90.861
             23          90.861
             24          90.861
             25          90.861
             26          90.861
             27          90.861
             28          90.861
             29          90.861
             30          90.861
             31          90.861
             32          90.861
             33          90.861
             34          90.861
             35          90.861
             36          90.861
             37          90.861
             38          90.861
             39          90.861
             40          90.861
             41          90.861
             42          90.861
             43          89.884
             44          89.884
             45          89.884
             46          89.884
             47          89.884
             48          89.884
             49          89.884
             50          89.884
             51          89.884
             52          89.884
             53          89.884
             54          89.884
             55          90.861
             56          90.861
             57          90.861
             58          90.861
             59          90.861
             60          90.861
             61          90.861
             62          90.861
             63          90.861
             64          90.861
             65          90.861
             66          90.861
             67          90.861
             68          90.861
             69          90.861
             70          90.861
             71          90.861
             72          90.861
             73          90.861
             74          90.861
             75          90.861
             76          90.861
             77          90.861
             78          90.861
             79          90.861
             80          90.861
             81          89.884
             82          89.884
             83          89.884
             84          90.861
             85          90.861
             86          91.838
             87          91.838
             88          91.838
             89          91.838
             90          91.838
             91          92.815
             92          92.815
             93          92.815
             94          92.815
             95          92.815
             96          92.815
             97          92.815
             98          92.815
             99          92.815
            100          92.815
            101          92.815
            102          92.815
            103          92.815
            104          92.815
            105          92.815
            106          92.815
            107          92.815
            108          92.815
            109          92.815
            110          92.815
            111          92.815
            112          92.815
            113          92.815
            114          92.815
            115          92.815
            116          92.815
            117          92.815
            118          92.815
            119          92.815
            120          92.815
            121          92.815
            122          92.815
            123          92.815
            124          92.815
            125          92.815
            126          92.815
            127          92.815
            128          92.815
            129          92.815
            130          92.815
            131          92.815
            132          92.815
            133          92.815
            134          92.815
            135          92.815
            136          92.815
            137          92.815
            138          92.815
            139          92.815
            140          92.815
            141          92.815
            142          92.815
            143          92.815
            144          93.792
            145          93.792
            146          93.792
            147          93.792
            148          93.792
            149          93.792
            150          92.815
            151          92.815
            152          92.815
            153          92.815
            154          92.815
            155          92.815
            156          92.815
            157          92.815
            158          92.815
            159          92.815
            160          92.815
            161          92.815
            162          92.815
            163          92.815
            164          92.815
            165          92.815
            166          92.815
            167          92.815
            168          92.815
            169          92.815
            170          92.815
            171          92.815
            172          92.815
            173          92.815
            174          92.815
            175          92.815
            176          92.815
            177          92.815
            178          92.815
            179          92.815
            180          92.815
            181          93.792
            182          93.792
            183          93.792
            184          93.792
            185          93.792
            186          93.792
            187          93.792
            188          93.792
            189          93.792
            190          93.792
            191          93.792
            192          93.792
            193          93.792
            194          93.792
            195          93.792
            196          92.815
            197          92.815
            198          92.815
            199          92.815
            200          92.815
            201          92.815
            202          92.815
            203          92.815
            204          92.815
            205          92.815
            206          92.815
            207          92.815
            208          93.792
            209          93.792
            210          93.792
            211          93.792
            212          93.792
            213          93.792
            214          93.792
            215          93.792
            216          93.792
            217          93.792
            218          93.792
            219          93.792
            220          93.792
            221          93.792
            222          93.792
            223          93.792
            224          93.792
            225          92.815
            226          92.815
            227          92.815
            228          92.815
            229          92.815
            230          92.815
            231          92.815
            232          92.815
            233          92.815
            234          92.815
            235          92.815
            236          92.815
            237          92.815
            238          92.815
            239          92.815
            240          92.815
            241          92.815
            242          93.792
            243          93.792
            244          93.792
            245          93.792
            246          93.792
            247          93.792
            248          93.792
            249          93.792
            250          93.792
            251          93.792
            252          93.792
            253          93.792
            254          93.792
            255          93.792
            256          93.792
            257          93.792
            258          93.792
            259          93.792
            260          93.792
            261          93.792
            262          93.792
            263          93.792
            264          93.792
            265          93.792
            266          93.792
            267          93.792
            268          93.792
            269          93.792
            270          93.792
            271          93.792
            272          92.815
            273          92.815
            274          92.815
            275          92.815
            276          91.838
            277          91.838
            278          91.838
            279          91.838
            280          91.838
            281          91.838
            282          91.838
            283          91.838
            284          91.838
            285          91.838
            286          92.815
            287          92.815
            288          92.815
            289          93.792
            290          93.792
            291          93.792
            292          93.792
            293          92.815
            294          92.815
            295          92.815
            296          92.815
            297          92.815
            298          92.815
            299          92.815
            300          93.792
            301          92.815
            302          92.815
            303          92.815
            304          91.838
            305          91.838
            306          91.838
            307          91.838
            308          91.838
            309          90.861
            310          90.861
            311          91.838
            312          91.838
            313          91.838
            314          91.838
            315          91.838
            316          91.838
            317          91.838
            318          91.838
            319          91.838
            320          91.838
            321          91.838
            322          92.815
            323          92.815
            324          92.815
            325          92.815
            326          92.815
            327          92.815
            328          93.792
            329          93.792
            330          93.792
            331          94.769
            332          94.769
            333          95.746
            334          96.723
            335          94.769
            336          95.746
            337          96.723
            338          96.723
            339          96.723
            340          96.723
            341          96.723
            342          96.723
            343          96.723
            344          95.746
            345          95.746
            346          95.746
            347          95.746
            348          94.769
            349          94.769
            350          94.769
            351          94.769
            352          95.746
            353          95.746
            354          95.746
            355          95.746
            356          95.746
            357          96.723
            358          97.700
            359          97.700
            360          97.700
            361          97.700
            362          97.700
            363          97.700
            364          97.700
            365          97.700
            366          97.700
            367          97.700
            368          97.700
            369          97.700
            370          97.700
            371          97.700
            372          97.700
            373          97.700
            374          97.700
            375          97.700
            376          97.700
            377          97.700
            378          97.700
            379          97.700
            380          97.700
            381          97.700
            382          97.700
            383          97.700
            384          97.700
            385          97.700
            386          97.700
            387          97.700
            388          97.700
            389          97.700
            390          97.700
            391          97.700
            392          97.700
            393          97.700
            394          98.677
            395          98.677
            396          98.677
            397          98.677
            398          98.677
            399          98.677
            400          98.677
            401          98.677
            402          98.677
            403          98.677
            404          98.677
            405          98.677
            406          98.677
            407          98.677
            408          99.654
            409          99.654
            410          99.654
            411          99.654
            412          99.654
            413          98.677
            414          98.677
            415          98.677
            416          98.677
            417          98.677
            418          98.677
            419          97.700
            420          97.700
            421          98.677
            422          98.677
            423          98.677
            424          98.677
            425          98.677
            426          98.677
            427          98.677
            428          98.677
            429          98.677
            430          98.677
            431          98.677
            432          98.677
            433          98.677
            434          98.677
            435          99.654
            436          99.654
            437          99.654
            438          99.654
            439          99.654
            440          99.654
            441          99.654
            442          99.654
            443          99.654
            444          99.654
            445          99.654
            446         100.631
            447         100.631
            448         100.631
            449         100.631
            450         100.631
            451         100.631
            452         100.631
            453         100.631
            454          99.654
            455          99.654
            456          98.677
            457          98.677
            458          98.677
            459          98.677
            460          98.677
            461          98.677
            462          98.677
            463          98.677
            464          99.654
            465          99.654
            466          99.654
            467          99.654
            468         100.631
            469         100.631
            470         100.631
            471         100.631
            472         100.631
            473         100.631
            474         100.631
            475         100.631
            476         100.631
            477         101.608
            478         101.608
            479         101.608
            480         101.608
            481         101.608
            482         101.608
            483         101.608
            484         101.608
            485         101.608
            486         101.608
            487         101.608
            488         101.608
            489         102.585
            490         102.585
            491         102.585
            492         102.585
            493         102.585
            494         102.585
            495         102.585
            496         102.585
            497         102.585
            498         102.585
            499         102.585
            500         102.585
            501         102.585
            502         102.585
            503         102.585
            504         102.585
            505         102.585
            506         102.585
            507         102.585
            508         102.585
            509         102.585
            510         102.585
            511         102.585
            512         102.585
            513         102.585
            514         103.562
            515         103.562
            516         103.562
            517         103.562
            518         103.562
            519         103.562
            520         103.562
            521         103.562
            522         102.585
            523         102.585
            524         102.585
            525         101.608
            526         101.608
            527         100.631
            528         100.631
            529         100.631
            530         100.631
            531         100.631
            532         100.631
            533         100.631
            534         100.631
            535         101.608
            536         101.608
            537         101.608
            538         101.608
            539         101.608
            540         101.608
            541         101.608
            542         101.608
            543         102.585
            544         102.585
            545         102.585
            546         102.585
            547         101.608
            548         101.608
            549         101.608
            550         101.608
            551         101.608
            552         101.608
            553         101.608
            554         100.631
            555         100.631
            556          99.654
            557          99.654
            558          99.654
            559          99.654
            560          99.654
            561         100.631
            562         100.631
            563         101.608
            564         101.608
            565         101.608
            566         102.585
            567         102.585
            568         102.585
            569         102.585
            570         102.585
            571         102.585
            572         102.585
            573         102.585
            574         102.585
            575         102.585
            576         102.585
            577         102.585
            578         102.585
            579         102.585
            580         102.585
            581         102.585
            582         102.585
            583         102.585
            584         102.585
            585         102.585
            586         101.608
            587         100.631
            588         100.631
            589         100.631
            590         101.608
            591         101.608
            592         102.585
            593         102.585
            594         102.585
            595         102.585
            596         102.585
            597         101.608
            598         101.608
            599         101.608
            600         101.608
            601         100.631
            602         100.631
            603         100.631
            604         100.631
            605         100.631
            606         100.631
            607         100.631
            608         100.631
            609         100.631
            610         100.631
            611         100.631
            612         101.608
            613         101.608
            614         101.608
            615         101.608
            616         101.608
            617         101.608
            618         101.608
            619         101.608
            620         101.608
            621         101.608
            622         101.608
            623         101.608
            624         101.608
            625         101.608
            626         101.608
            627         102.585
            628         102.585
            629         102.585
            630         102.585
            631         102.585
            632         102.585
            633         102.585
            634         103.562
            635         103.562
            636         103.562
            637         103.562
            638         103.562
            639         104.539
            640         104.539
            641         104.539
            642         104.539
            643         104.539
            644         105.516
            645         105.516
            646         105.516
            647         105.516
            648         105.516
            649         105.516
            650         105.516
            651         105.516
            652         105.516
            653         105.516
            654         105.516
            655         104.539
            656         104.539
            657         104.539
            658         104.539
            659         104.539
            660         104.539
            661         104.539
            662         104.539
            663         104.539
            664         104.539
            665         104.539
            666         104.539
            667         104.539
            668         104.539
            669         104.539
            670         104.539
            671         104.539
            672         104.539
            673         104.539
            674         104.539
            675         105.516
            676         105.516
            677         105.516
            678         105.516
            679         105.516
            680         105.516
            681         105.516
            682         105.516
            683         105.516
            684         104.539
            685         105.516
            686         105.516
            687         105.516
            688         105.516
            689         105.516
            690         105.516
            691         105.516
            692         105.516
            693         105.516
            694         105.516
            695         104.539
            696         104.539
            697         104.539
            698         104.539
            699         104.539
            700         103.562
            701         103.562
            702         103.562
            703         103.562
            704         103.562
            705         103.562
            706         103.562
            707         103.562
            708         103.562
            709         103.562
            710         103.562
            711         103.562
            712         103.562
            713         103.562
            714         103.562
            715         103.562
            716         103.562
            717         103.562
            718         103.562
            719         103.562
            720         103.562
            721         103.562
            722         103.562
            723         103.562
            724         103.562
            725         103.562
            726         103.562
            727         103.562
            728         103.562
            729         103.562
            730         103.562
            731         103.562
            732         103.562
            733         103.562
            734         103.562
