TRACENO
              1         179.768
              2         179.768
              3         179.768
              4         179.768
              5         179.768
              6         179.768
              7         179.768
              8         179.768
              9         179.768
             10         179.768
             11         179.768
             12         179.768
             13         179.768
             14         179.768
             15         179.768
             16         179.768
             17         179.768
             18         180.745
             19         180.745
             20         180.745
             21         180.745
             22         180.745
             23         180.745
             24         180.745
             25         180.745
             26         180.745
             27         180.745
             28         180.745
             29         180.745
             30         180.745
             31         180.745
             32         180.745
             33         180.745
             34         180.745
             35         180.745
             36         180.745
             37         180.745
             38         180.745
             39         180.745
             40         181.722
             41         181.722
             42         181.722
             43         181.722
             44         182.699
             45         182.699
             46         182.699
             47         183.676
             48         183.676
             49         183.676
             50         183.676
             51         184.653
             52         184.653
             53         184.653
             54         184.653
             55         184.653
             56         184.653
             57         184.653
             58         184.653
             59         184.653
             60         184.653
             61         184.653
             62         184.653
             63         184.653
             64         184.653
             65         184.653
             66         184.653
             67         184.653
             68         184.653
             69         184.653
             70         184.653
             71         184.653
             72         184.653
             73         184.653
             74         184.653
             75         184.653
             76         184.653
             77         184.653
             78         184.653
             79         184.653
             80         184.653
             81         184.653
             82         184.653
             83         184.653
             84         184.653
             85         184.653
             86         184.653
             87         184.653
             88         183.676
             89         184.653
             90         184.653
             91         184.653
             92         185.630
             93         185.630
             94         185.630
             95         186.607
             96         186.607
             97         187.584
             98         187.584
             99         187.584
            100         187.584
            101         187.584
            102         187.584
            103         187.584
            104         187.584
            105         187.584
            106         187.584
            107         187.584
            108         187.584
            109         187.584
            110         187.584
            111         188.561
            112         188.561
            113         188.561
            114         188.561
            115         188.561
            116         188.561
            117         188.561
            118         188.561
            119         188.561
            120         188.561
            121         188.561
            122         188.561
            123         188.561
            124         188.561
            125         188.561
            126         188.561
            127         188.561
            128         188.561
            129         188.561
            130         188.561
            131         188.561
            132         188.561
            133         188.561
            134         188.561
            135         189.538
            136         189.538
            137         189.538
            138         189.538
            139         189.538
            140         189.538
            141         189.538
            142         189.538
            143         189.538
            144         189.538
            145         189.538
            146         189.538
            147         189.538
            148         189.538
            149         189.538
            150         189.538
            151         189.538
            152         189.538
            153         189.538
            154         189.538
            155         189.538
            156         189.538
            157         189.538
            158         189.538
            159         189.538
            160         189.538
            161         189.538
            162         189.538
            163         189.538
            164         189.538
            165         189.538
            166         189.538
            167         189.538
            168         189.538
            169         189.538
            170         189.538
            171         189.538
            172         189.538
            173         189.538
            174         189.538
            175         189.538
            176         189.538
            177         189.538
            178         189.538
            179         189.538
            180         189.538
            181         189.538
            182         189.538
            183         189.538
            184         189.538
            185         189.538
            186         189.538
            187         189.538
            188         189.538
            189         189.538
            190         189.538
            191         189.538
            192         189.538
            193         189.538
            194         189.538
            195         189.538
            196         189.538
            197         189.538
            198         189.538
            199         189.538
            200         189.538
            201         189.538
            202         190.515
            203         190.515
            204         191.492
            205         191.492
            206         191.492
            207         191.492
            208         191.492
            209         191.492
            210         191.492
            211         191.492
            212         191.492
            213         191.492
            214         191.492
            215         191.492
            216         191.492
            217         191.492
            218         191.492
            219         191.492
            220         191.492
            221         191.492
            222         191.492
            223         191.492
            224         191.492
            225         191.492
            226         191.492
            227         191.492
            228         191.492
            229         191.492
            230         191.492
            231         191.492
            232         191.492
            233         192.469
            234         192.469
            235         192.469
            236         192.469
            237         192.469
            238         192.469
            239         192.469
            240         192.469
            241         192.469
            242         192.469
            243         192.469
            244         192.469
            245         192.469
            246         192.469
            247         192.469
            248         192.469
            249         192.469
            250         192.469
            251         192.469
            252         192.469
            253         192.469
            254         193.446
            255         193.446
            256         193.446
            257         193.446
            258         193.446
            259         193.446
            260         193.446
            261         193.446
            262         193.446
            263         193.446
            264         193.446
            265         193.446
            266         193.446
            267         193.446
            268         193.446
            269         193.446
            270         193.446
            271         193.446
            272         193.446
            273         193.446
            274         193.446
            275         193.446
            276         193.446
            277         193.446
            278         193.446
            279         193.446
            280         193.446
            281         193.446
            282         194.423
            283         194.423
            284         194.423
            285         194.423
            286         194.423
            287         195.400
            288         195.400
            289         195.400
            290         195.400
            291         195.400
            292         195.400
            293         195.400
            294         195.400
            295         195.400
            296         195.400
            297         195.400
            298         195.400
            299         195.400
            300         195.400
            301         195.400
            302         195.400
            303         195.400
            304         195.400
            305         195.400
            306         195.400
            307         195.400
            308         195.400
            309         195.400
            310         195.400
            311         195.400
            312         195.400
            313         195.400
            314         195.400
            315         195.400
            316         195.400
            317         195.400
            318         195.400
            319         195.400
            320         195.400
            321         195.400
            322         195.400
            323         195.400
            324         195.400
            325         195.400
            326         195.400
            327         195.400
            328         195.400
            329         195.400
            330         195.400
            331         195.400
            332         195.400
            333         196.377
            334         196.377
            335         196.377
            336         196.377
            337         196.377
            338         196.377
            339         196.377
            340         196.377
            341         196.377
            342         196.377
            343         196.377
            344         196.377
            345         196.377
            346         196.377
            347         196.377
            348         196.377
            349         196.377
            350         196.377
            351         196.377
            352         196.377
            353         196.377
            354         196.377
            355         196.377
            356         196.377
            357         196.377
            358         196.377
            359         196.377
            360         196.377
            361         196.377
            362         196.377
            363         196.377
            364         196.377
            365         196.377
            366         196.377
            367         196.377
            368         196.377
            369         196.377
            370         196.377
            371         196.377
            372         196.377
            373         196.377
            374         196.377
            375         196.377
            376         196.377
            377         196.377
            378         196.377
            379         196.377
            380         196.377
            381         196.377
            382         196.377
            383         196.377
            384         196.377
            385         196.377
            386         196.377
            387         196.377
            388         196.377
            389         196.377
            390         196.377
            391         196.377
            392         196.377
            393         196.377
            394         196.377
            395         196.377
            396         196.377
            397         196.377
            398         196.377
            399         196.377
            400         195.400
            401         195.400
            402         195.400
            403         195.400
            404         195.400
            405         195.400
            406         195.400
            407         195.400
            408         195.400
            409         195.400
            410         195.400
            411         195.400
            412         195.400
            413         195.400
            414         195.400
            415         195.400
            416         195.400
            417         195.400
            418         195.400
            419         195.400
            420         195.400
            421         196.377
            422         196.377
            423         196.377
            424         196.377
            425         196.377
            426         196.377
            427         196.377
            428         196.377
            429         196.377
            430         196.377
            431         196.377
            432         196.377
            433         196.377
            434         196.377
            435         196.377
            436         196.377
            437         196.377
            438         196.377
            439         196.377
            440         196.377
            441         196.377
            442         196.377
            443         196.377
            444         196.377
            445         196.377
            446         196.377
            447         196.377
            448         196.377
            449         196.377
            450         196.377
            451         196.377
            452         196.377
            453         196.377
            454         196.377
            455         196.377
            456         196.377
            457         196.377
            458         196.377
            459         196.377
            460         196.377
            461         196.377
            462         196.377
            463         196.377
            464         196.377
            465         196.377
            466         196.377
            467         196.377
            468         196.377
            469         196.377
            470         196.377
            471         196.377
            472         196.377
            473         196.377
            474         196.377
            475         196.377
            476         196.377
            477         196.377
            478         196.377
            479         196.377
            480         196.377
            481         196.377
            482         196.377
            483         196.377
            484         196.377
            485         196.377
            486         196.377
            487         197.354
            488         197.354
            489         197.354
            490         197.354
            491         197.354
            492         197.354
            493         197.354
            494         197.354
            495         197.354
            496         197.354
            497         197.354
            498         197.354
            499         197.354
            500         197.354
            501         197.354
            502         197.354
            503         197.354
            504         197.354
            505         197.354
            506         197.354
            507         197.354
            508         197.354
            509         197.354
            510         197.354
            511         197.354
            512         197.354
            513         197.354
            514         197.354
            515         197.354
            516         197.354
            517         197.354
            518         197.354
            519         197.354
            520         197.354
            521         197.354
            522         197.354
            523         197.354
            524         197.354
            525         197.354
            526         197.354
            527         197.354
            528         197.354
            529         197.354
            530         197.354
            531         197.354
            532         197.354
            533         197.354
            534         197.354
            535         197.354
            536         197.354
            537         197.354
            538         197.354
            539         197.354
            540         197.354
            541         197.354
            542         197.354
            543         197.354
            544         197.354
            545         197.354
            546         197.354
            547         197.354
            548         197.354
            549         197.354
            550         197.354
            551         197.354
            552         197.354
            553         197.354
            554         197.354
            555         197.354
            556         196.377
            557         196.377
            558         196.377
            559         196.377
            560         196.377
            561         196.377
            562         196.377
            563         196.377
            564         196.377
            565         196.377
            566         196.377
            567         196.377
            568         196.377
            569         196.377
            570         196.377
            571         196.377
            572         196.377
            573         196.377
            574         196.377
            575         197.354
            576         197.354
            577         197.354
            578         197.354
            579         197.354
            580         197.354
            581         197.354
            582         197.354
            583         197.354
            584         197.354
            585         197.354
            586         197.354
            587         197.354
            588         197.354
            589         197.354
            590         197.354
            591         197.354
            592         197.354
            593         197.354
            594         197.354
            595         197.354
            596         197.354
            597         197.354
            598         197.354
            599         197.354
            600         197.354
            601         197.354
            602         197.354
            603         197.354
            604         197.354
            605         197.354
            606         197.354
            607         197.354
            608         197.354
            609         197.354
            610         196.377
            611         196.377
            612         196.377
            613         196.377
            614         196.377
            615         196.377
            616         196.377
            617         196.377
            618         196.377
            619         196.377
            620         196.377
            621         196.377
            622         196.377
            623         196.377
            624         196.377
            625         196.377
            626         196.377
            627         196.377
            628         196.377
            629         196.377
            630         196.377
            631         196.377
            632         196.377
            633         197.354
            634         197.354
            635         197.354
            636         197.354
            637         197.354
            638         197.354
            639         197.354
            640         197.354
            641         197.354
            642         197.354
            643         197.354
            644         197.354
            645         197.354
            646         197.354
            647         197.354
            648         197.354
            649         197.354
            650         197.354
            651         197.354
            652         197.354
            653         197.354
            654         197.354
            655         197.354
            656         197.354
            657         197.354
            658         197.354
            659         197.354
            660         197.354
            661         197.354
            662         197.354
            663         197.354
            664         197.354
            665         197.354
            666         197.354
            667         197.354
            668         197.354
            669         197.354
            670         197.354
            671         197.354
            672         197.354
            673         197.354
            674         197.354
            675         197.354
            676         197.354
            677         197.354
            678         197.354
            679         197.354
            680         197.354
            681         197.354
            682         197.354
            683         197.354
            684         197.354
            685         197.354
            686         197.354
            687         196.377
            688         196.377
            689         196.377
            690         196.377
            691         196.377
            692         196.377
            693         196.377
            694         196.377
            695         196.377
            696         196.377
            697         196.377
            698         196.377
            699         196.377
            700         196.377
            701         196.377
            702         196.377
            703         196.377
            704         196.377
            705         196.377
            706         196.377
            707         196.377
            708         196.377
            709         196.377
            710         196.377
            711         196.377
            712         196.377
            713         195.400
            714         195.400
            715         195.400
            716         195.400
            717         195.400
            718         195.400
            719         195.400
            720         195.400
            721         195.400
            722         195.400
            723         195.400
            724         195.400
            725         195.400
            726         195.400
            727         195.400
            728         195.400
            729         195.400
            730         195.400
            731         195.400
            732         195.400
            733         195.400
            734         195.400
            735         195.400
            736         195.400
            737         195.400
            738         195.400
            739         195.400
            740         195.400
            741         195.400
            742         195.400
            743         195.400
            744         195.400
            745         195.400
            746         195.400
            747         195.400
            748         195.400
            749         195.400
            750         195.400
            751         195.400
            752         195.400
            753         195.400
            754         195.400
            755         195.400
            756         195.400
            757         195.400
            758         195.400
            759         195.400
            760         195.400
            761         195.400
            762         195.400
            763         195.400
            764         195.400
            765         195.400
            766         195.400
            767         195.400
            768         195.400
            769         195.400
            770         194.423
            771         194.423
            772         194.423
            773         194.423
            774         194.423
            775         194.423
            776         194.423
            777         194.423
            778         194.423
            779         194.423
            780         194.423
            781         194.423
            782         194.423
            783         194.423
            784         194.423
            785         194.423
            786         194.423
            787         194.423
            788         194.423
            789         194.423
            790         194.423
            791         194.423
            792         194.423
            793         194.423
            794         194.423
            795         194.423
            796         194.423
            797         194.423
            798         194.423
            799         194.423
            800         194.423
            801         194.423
            802         194.423
            803         194.423
            804         194.423
            805         194.423
            806         194.423
            807         194.423
            808         194.423
            809         194.423
            810         194.423
            811         194.423
            812         194.423
            813         194.423
            814         194.423
            815         194.423
            816         194.423
            817         194.423
            818         194.423
            819         194.423
            820         194.423
            821         194.423
            822         194.423
            823         194.423
            824         194.423
            825         194.423
            826         194.423
            827         194.423
            828         194.423
            829         194.423
            830         194.423
            831         194.423
            832         194.423
            833         194.423
            834         194.423
            835         194.423
            836         194.423
            837         194.423
            838         194.423
            839         194.423
            840         194.423
            841         194.423
            842         194.423
            843         194.423
            844         194.423
            845         194.423
            846         194.423
            847         194.423
            848         194.423
            849         194.423
            850         194.423
            851         194.423
            852         193.446
            853         193.446
            854         193.446
            855         193.446
            856         193.446
            857         193.446
            858         193.446
            859         193.446
            860         193.446
            861         193.446
            862         193.446
            863         193.446
            864         193.446
            865         193.446
            866         193.446
            867         193.446
            868         193.446
            869         193.446
            870         193.446
            871         193.446
            872         193.446
            873         193.446
            874         193.446
            875         193.446
            876         193.446
            877         193.446
            878         193.446
            879         193.446
            880         193.446
            881         193.446
            882         193.446
            883         193.446
            884         193.446
            885         193.446
            886         193.446
            887         193.446
            888         193.446
            889         193.446
            890         193.446
            891         193.446
            892         193.446
            893         193.446
            894         193.446
            895         193.446
            896         193.446
            897         193.446
            898         193.446
            899         193.446
            900         193.446
            901         194.423
            902         194.423
            903         194.423
            904         194.423
            905         194.423
            906         194.423
            907         194.423
            908         194.423
            909         194.423
            910         194.423
            911         194.423
            912         194.423
            913         194.423
            914         194.423
            915         194.423
            916         194.423
            917         194.423
            918         194.423
            919         194.423
            920         194.423
            921         194.423
            922         194.423
            923         194.423
            924         194.423
            925         194.423
            926         194.423
            927         194.423
            928         194.423
            929         194.423
            930         194.423
            931         194.423
            932         194.423
            933         194.423
            934         194.423
            935         194.423
            936         194.423
            937         194.423
            938         194.423
            939         194.423
            940         194.423
            941         194.423
            942         194.423
            943         194.423
            944         194.423
            945         194.423
            946         194.423
            947         194.423
            948         194.423
            949         194.423
            950         194.423
            951         194.423
            952         194.423
            953         194.423
            954         195.400
            955         195.400
            956         195.400
            957         195.400
            958         195.400
            959         195.400
            960         195.400
            961         195.400
            962         195.400
            963         195.400
            964         195.400
            965         195.400
            966         195.400
            967         195.400
            968         195.400
            969         195.400
            970         195.400
            971         195.400
            972         195.400
            973         195.400
            974         195.400
            975         195.400
            976         195.400
            977         195.400
            978         195.400
            979         195.400
            980         195.400
            981         195.400
            982         195.400
            983         195.400
            984         195.400
            985         195.400
            986         195.400
            987         195.400
            988         195.400
            989         195.400
            990         195.400
            991         195.400
            992         195.400
            993         196.377
            994         196.377
            995         196.377
            996         196.377
            997         196.377
            998         196.377
            999         196.377
           1000         196.377
           1001         196.377
           1002         196.377
           1003         196.377
           1004         196.377
           1005         196.377
           1006         196.377
           1007         196.377
           1008         196.377
           1009         196.377
           1010         195.400
           1011         195.400
           1012         195.400
           1013         195.400
           1014         195.400
           1015         195.400
           1016         195.400
           1017         195.400
           1018         195.400
           1019         195.400
           1020         195.400
           1021         195.400
           1022         195.400
           1023         195.400
           1024         195.400
           1025         195.400
           1026         195.400
           1027         195.400
           1028         195.400
           1029         195.400
           1030         195.400
           1031         195.400
           1032         195.400
           1033         195.400
           1034         195.400
           1035         195.400
           1036         195.400
           1037         195.400
           1038         195.400
           1039         195.400
           1040         195.400
           1041         195.400
           1042         195.400
           1043         195.400
           1044         195.400
           1045         195.400
           1046         195.400
           1047         195.400
           1048         195.400
           1049         195.400
           1050         195.400
           1051         195.400
           1052         195.400
           1053         195.400
           1054         195.400
           1055         195.400
           1056         195.400
           1057         195.400
           1058         195.400
           1059         195.400
           1060         195.400
           1061         195.400
           1062         195.400
           1063         195.400
           1064         195.400
           1065         195.400
           1066         196.377
           1067         196.377
           1068         196.377
           1069         196.377
           1070         196.377
           1071         196.377
           1072         196.377
           1073         196.377
           1074         196.377
           1075         196.377
           1076         195.400
           1077         195.400
           1078         195.400
           1079         195.400
           1080         195.400
           1081         195.400
           1082         195.400
           1083         195.400
           1084         195.400
           1085         195.400
           1086         195.400
           1087         195.400
           1088         195.400
           1089         195.400
           1090         195.400
           1091         195.400
           1092         195.400
           1093         195.400
           1094         195.400
           1095         195.400
           1096         195.400
           1097         195.400
           1098         195.400
           1099         195.400
           1100         195.400
           1101         195.400
           1102         195.400
           1103         195.400
           1104         195.400
           1105         195.400
           1106         195.400
           1107         195.400
           1108         195.400
           1109         195.400
           1110         195.400
           1111         195.400
           1112         195.400
           1113         195.400
           1114         195.400
           1115         195.400
           1116         195.400
           1117         195.400
           1118         195.400
           1119         195.400
           1120         195.400
           1121         195.400
           1122         195.400
           1123         195.400
           1124         195.400
           1125         195.400
           1126         195.400
           1127         195.400
           1128         195.400
           1129         195.400
           1130         195.400
           1131         195.400
           1132         195.400
           1133         195.400
           1134         195.400
           1135         195.400
           1136         194.423
           1137         194.423
           1138         194.423
           1139         194.423
           1140         194.423
           1141         194.423
           1142         194.423
           1143         194.423
           1144         194.423
           1145         194.423
           1146         194.423
           1147         194.423
           1148         194.423
           1149         194.423
           1150         194.423
           1151         194.423
           1152         194.423
           1153         194.423
           1154         194.423
           1155         194.423
           1156         194.423
           1157         194.423
           1158         194.423
           1159         194.423
           1160         194.423
           1161         194.423
           1162         194.423
           1163         194.423
           1164         194.423
           1165         194.423
           1166         194.423
           1167         194.423
           1168         194.423
           1169         194.423
           1170         194.423
           1171         194.423
           1172         194.423
           1173         194.423
           1174         194.423
           1175         194.423
           1176         194.423
           1177         194.423
           1178         193.446
           1179         193.446
           1180         193.446
           1181         193.446
           1182         193.446
           1183         193.446
           1184         193.446
           1185         193.446
           1186         193.446
           1187         193.446
           1188         193.446
           1189         193.446
           1190         193.446
           1191         193.446
           1192         193.446
           1193         193.446
           1194         193.446
           1195         193.446
           1196         193.446
           1197         193.446
           1198         193.446
           1199         193.446
           1200         193.446
           1201         193.446
           1202         193.446
           1203         193.446
           1204         193.446
           1205         193.446
           1206         193.446
           1207         193.446
           1208         193.446
           1209         193.446
           1210         193.446
           1211         193.446
           1212         193.446
           1213         193.446
           1214         193.446
           1215         193.446
           1216         193.446
           1217         193.446
           1218         193.446
           1219         193.446
           1220         193.446
           1221         193.446
           1222         193.446
           1223         193.446
           1224         193.446
           1225         193.446
           1226         193.446
           1227         193.446
           1228         193.446
           1229         193.446
           1230         193.446
           1231         193.446
           1232         193.446
           1233         193.446
           1234         193.446
           1235         193.446
           1236         192.469
           1237         192.469
           1238         192.469
           1239         192.469
           1240         192.469
           1241         192.469
           1242         192.469
           1243         192.469
           1244         192.469
           1245         192.469
           1246         192.469
           1247         192.469
           1248         192.469
           1249         192.469
           1250         192.469
           1251         192.469
           1252         192.469
           1253         192.469
           1254         192.469
           1255         192.469
           1256         192.469
           1257         192.469
           1258         192.469
           1259         192.469
           1260         192.469
           1261         191.492
           1262         191.492
           1263         191.492
           1264         191.492
           1265         191.492
           1266         191.492
           1267         191.492
           1268         191.492
           1269         191.492
           1270         191.492
           1271         191.492
           1272         191.492
           1273         191.492
           1274         191.492
           1275         191.492
           1276         191.492
           1277         191.492
           1278         191.492
           1279         190.515
           1280         190.515
           1281         190.515
           1282         190.515
           1283         190.515
           1284         190.515
           1285         190.515
           1286         190.515
           1287         190.515
           1288         190.515
           1289         190.515
           1290         190.515
           1291         190.515
           1292         190.515
           1293         190.515
           1294         190.515
           1295         190.515
           1296         190.515
           1297         189.538
           1298         189.538
           1299         189.538
           1300         189.538
           1301         189.538
           1302         189.538
           1303         189.538
           1304         189.538
           1305         189.538
           1306         189.538
           1307         189.538
           1308         189.538
           1309         189.538
           1310         188.561
           1311         188.561
           1312         188.561
           1313         188.561
           1314         188.561
           1315         188.561
           1316         188.561
           1317         188.561
           1318         188.561
           1319         188.561
           1320         188.561
           1321         188.561
           1322         188.561
           1323         188.561
           1324         188.561
           1325         188.561
           1326         187.584
           1327         187.584
           1328         187.584
           1329         187.584
           1330         187.584
           1331         187.584
           1332         187.584
           1333         187.584
           1334         187.584
           1335         187.584
           1336         187.584
           1337         187.584
           1338         187.584
           1339         187.584
           1340         187.584
           1341         187.584
           1342         187.584
           1343         187.584
           1344         187.584
           1345         186.607
           1346         186.607
           1347         186.607
           1348         186.607
           1349         186.607
           1350         186.607
           1351         186.607
           1352         186.607
           1353         185.630
           1354         185.630
           1355         185.630
           1356         185.630
           1357         185.630
           1358         185.630
           1359         185.630
           1360         185.630
           1361         185.630
           1362         184.653
           1363         184.653
           1364         184.653
           1365         184.653
           1366         184.653
           1367         184.653
           1368         184.653
           1369         184.653
           1370         183.676
           1371         183.676
           1372         183.676
           1373         183.676
           1374         183.676
           1375         183.676
           1376         183.676
           1377         183.676
           1378         183.676
           1379         183.676
           1380         183.676
           1381         183.676
           1382         183.676
           1383         183.676
           1384         183.676
           1385         182.699
           1386         182.699
           1387         182.699
           1388         182.699
           1389         182.699
           1390         182.699
           1391         182.699
           1392         182.699
           1393         182.699
           1394         182.699
           1395         182.699
           1396         182.699
           1397         182.699
           1398         182.699
           1399         182.699
           1400         182.699
           1401         181.722
           1402         181.722
           1403         181.722
           1404         181.722
           1405         181.722
           1406         181.722
           1407         181.722
           1408         181.722
           1409         181.722
           1410         181.722
           1411         181.722
           1412         181.722
           1413         181.722
           1414         181.722
           1415         180.745
           1416         180.745
           1417         180.745
           1418         180.745
           1419         180.745
           1420         180.745
           1421         180.745
           1422         180.745
           1423         180.745
           1424         180.745
           1425         180.745
           1426         180.745
           1427         179.768
           1428         179.768
           1429         179.768
           1430         179.768
           1431         179.768
           1432         179.768
           1433         179.768
           1434         179.768
           1435         179.768
           1436         179.768
           1437         179.768
           1438         179.768
           1439         178.791
           1440         178.791
           1441         178.791
           1442         178.791
           1443         178.791
           1444         178.791
           1445         178.791
           1446         178.791
           1447         178.791
           1448         178.791
           1449         178.791
           1450         177.814
           1451         177.814
           1452         177.814
           1453         177.814
           1454         177.814
           1455         177.814
           1456         177.814
           1457         177.814
           1458         177.814
           1459         177.814
           1460         177.814
           1461         176.837
           1462         176.837
           1463         176.837
           1464         176.837
           1465         176.837
           1466         176.837
           1467         176.837
           1468         176.837
           1469         176.837
           1470         176.837
           1471         176.837
           1472         175.860
           1473         175.860
           1474         175.860
           1475         175.860
           1476         175.860
           1477         175.860
           1478         175.860
           1479         175.860
           1480         175.860
           1481         175.860
           1482         175.860
           1483         175.860
           1484         175.860
           1485         175.860
           1486         175.860
           1487         175.860
           1488         175.860
           1489         175.860
           1490         175.860
           1491         175.860
           1492         175.860
           1493         175.860
           1494         175.860
           1495         175.860
           1496         175.860
           1497         175.860
           1498         175.860
           1499         175.860
           1500         175.860
           1501         175.860
           1502         175.860
           1503         175.860
           1504         175.860
           1505         175.860
           1506         175.860
           1507         175.860
           1508         175.860
           1509         175.860
           1510         175.860
           1511         175.860
           1512         175.860
           1513         175.860
           1514         175.860
           1515         175.860
           1516         175.860
           1517         175.860
           1518         175.860
           1519         175.860
           1520         175.860
           1521         175.860
           1522         175.860
           1523         175.860
           1524         175.860
           1525         175.860
           1526         175.860
           1527         175.860
           1528         175.860
           1529         175.860
           1530         175.860
           1531         174.883
           1532         174.883
           1533         174.883
           1534         174.883
           1535         174.883
           1536         173.906
           1537         173.906
           1538         173.906
           1539         173.906
           1540         172.929
           1541         172.929
           1542         172.929
           1543         172.929
           1544         172.929
           1545         171.952
           1546         171.952
           1547         171.952
           1548         171.952
           1549         170.975
           1550         170.975
           1551         170.975
           1552         170.975
           1553         169.998
           1554         169.998
           1555         169.021
           1556         168.044
           1557         168.044
           1558         167.067
           1559         166.090
           1560         166.090
           1561         165.113
           1562         165.113
           1563         165.113
           1564         165.113
           1565         164.136
           1566         164.136
           1567         164.136
           1568         164.136
           1569         164.136
           1570         164.136
           1571         164.136
           1572         164.136
           1573         164.136
           1574         164.136
           1575         164.136
           1576         164.136
           1577         164.136
           1578         164.136
           1579         164.136
           1580         164.136
           1581         164.136
           1582         164.136
           1583         164.136
           1584         164.136
           1585         164.136
           1586         164.136
           1587         164.136
           1588         164.136
           1589         164.136
           1590         164.136
           1591         165.113
           1592         165.113
           1593         165.113
           1594         165.113
           1595         166.090
           1596         166.090
           1597         166.090
           1598         166.090
           1599         166.090
           1600         167.067
           1601         167.067
           1602         167.067
           1603         167.067
           1604         167.067
           1605         168.044
           1606         168.044
           1607         168.044
           1608         168.044
           1609         168.044
           1610         168.044
           1611         168.044
           1612         168.044
           1613         168.044
           1614         168.044
           1615         169.021
           1616         169.021
           1617         169.021
           1618         169.021
           1619         169.021
           1620         169.021
           1621         169.021
           1622         169.021
           1623         169.021
           1624         169.021
           1625         169.998
           1626         169.998
           1627         169.998
           1628         169.998
           1629         169.998
           1630         169.998
           1631         169.998
           1632         169.998
           1633         169.998
           1634         169.998
           1635         169.998
           1636         169.998
           1637         169.998
           1638         169.998
           1639         169.998
           1640         169.998
           1641         169.998
           1642         169.021
           1643         169.021
           1644         169.021
           1645         169.021
           1646         169.021
           1647         169.021
           1648         169.021
           1649         168.044
           1650         168.044
           1651         166.090
           1652         166.090
           1653         166.090
           1654         166.090
           1655         165.113
           1656         165.113
           1657         165.113
           1658         164.136
           1659         164.136
           1660         164.136
           1661         164.136
           1662         164.136
           1663         164.136
           1664         164.136
           1665         163.159
           1666         163.159
           1667         163.159
           1668         163.159
           1669         163.159
           1670         163.159
           1671         163.159
           1672         163.159
           1673         163.159
           1674         163.159
           1675         163.159
           1676         163.159
           1677         163.159
           1678         163.159
           1679         163.159
           1680         163.159
           1681         164.136
           1682         164.136
           1683         164.136
           1684         164.136
           1685         164.136
           1686         165.113
           1687         165.113
           1688         165.113
           1689         165.113
           1690         166.090
           1691         166.090
           1692         166.090
           1693         166.090
           1694         166.090
           1695         167.067
           1696         168.044
           1697         168.044
           1698         169.021
           1699         171.952
           1700         171.952
           1701         172.929
           1702         172.929
           1703         173.906
           1704         173.906
           1705         174.883
           1706         174.883
           1707         175.860
           1708         175.860
           1709         176.837
           1710         176.837
           1711         176.837
           1712         176.837
           1713         177.814
           1714         177.814
           1715         177.814
           1716         178.791
           1717         179.768
           1718         179.768
           1719         180.745
           1720         181.722
           1721         181.722
           1722         182.699
           1723         183.676
           1724         183.676
           1725         184.653
           1726         185.630
           1727         186.607
           1728         187.584
           1729         188.561
           1730         188.561
           1731         188.561
           1732         188.561
           1733         188.561
           1734         189.538
           1735         189.538
           1736         189.538
           1737         189.538
           1738         189.538
           1739         190.515
           1740         190.515
           1741         190.515
           1742         190.515
           1743         191.492
           1744         191.492
           1745         191.492
           1746         191.492
           1747         192.469
           1748         192.469
           1749         192.469
           1750         193.446
           1751         193.446
           1752         193.446
           1753         193.446
           1754         194.423
           1755         194.423
           1756         194.423
           1757         194.423
           1758         195.400
           1759         195.400
           1760         195.400
           1761         195.400
           1762         195.400
           1763         195.400
           1764         195.400
           1765         195.400
           1766         195.400
           1767         195.400
           1768         195.400
           1769         195.400
           1770         195.400
           1771         195.400
           1772         194.423
           1773         194.423
           1774         193.446
           1775         193.446
           1776         192.469
           1777         192.469
           1778         191.492
           1779         189.538
           1780         189.538
           1781         189.538
           1782         189.538
           1783         189.538
           1784         189.538
           1785         189.538
           1786         189.538
           1787         189.538
           1788         189.538
           1789         189.538
           1790         189.538
           1791         189.538
           1792         190.515
           1793         190.515
           1794         191.492
           1795         191.492
           1796         192.469
           1797         192.469
           1798         193.446
           1799         193.446
           1800         194.423
           1801         194.423
           1802         194.423
           1803         195.400
           1804         195.400
           1805         195.400
           1806         196.377
           1807         196.377
           1808         196.377
           1809         197.354
           1810         197.354
           1811         197.354
           1812         198.331
           1813         198.331
           1814         198.331
           1815         198.331
           1816         197.354
           1817         196.377
           1818         195.400
           1819         195.400
           1820         194.423
           1821         193.446
           1822         192.469
           1823         192.469
           1824         191.492
           1825         190.515
           1826         189.538
           1827         188.561
           1828         187.584
           1829         186.607
           1830         186.607
           1831         186.607
           1832         186.607
           1833         186.607
           1834         185.630
           1835         184.653
           1836         183.676
           1837         182.699
           1838         180.745
           1839         180.745
           1840         179.768
           1841         179.768
           1842         178.791
           1843         178.791
           1844         177.814
           1845         176.837
           1846         173.906
           1847         173.906
           1848         172.929
           1849         172.929
           1850         171.952
           1851         171.952
           1852         170.975
           1853         170.975
           1854         169.998
           1855         169.998
           1856         169.021
           1857         168.044
           1858         168.044
           1859         167.067
           1860         167.067
           1861         167.067
           1862         166.090
           1863         166.090
           1864         165.113
           1865         165.113
           1866         164.136
           1867         164.136
           1868         163.159
           1869         163.159
           1870         162.182
           1871         161.205
           1872         161.205
           1873         160.228
           1874         159.251
           1875         159.251
           1876         159.251
           1877         158.274
           1878         158.274
           1879         157.297
           1880         157.297
           1881         157.297
           1882         156.320
           1883         156.320
           1884         156.320
           1885         155.343
           1886         155.343
           1887         155.343
           1888         154.366
           1889         154.366
           1890         153.389
           1891         153.389
           1892         153.389
           1893         152.412
           1894         152.412
           1895         152.412
           1896         152.412
           1897         151.435
           1898         151.435
           1899         151.435
           1900         151.435
           1901         150.458
           1902         150.458
           1903         150.458
           1904         149.481
           1905         149.481
           1906         149.481
           1907         149.481
           1908         148.504
           1909         148.504
           1910         148.504
           1911         147.527
           1912         147.527
           1913         147.527
           1914         147.527
           1915         147.527
           1916         147.527
           1917         146.550
           1918         146.550
           1919         146.550
           1920         146.550
           1921         146.550
           1922         146.550
           1923         145.573
           1924         145.573
           1925         145.573
           1926         145.573
           1927         145.573
           1928         145.573
           1929         145.573
           1930         144.596
           1931         144.596
           1932         144.596
           1933         144.596
           1934         144.596
           1935         144.596
           1936         144.596
           1937         144.596
           1938         144.596
           1939         144.596
           1940         144.596
           1941         144.596
           1942         144.596
           1943         144.596
           1944         144.596
