TRACENO
              2         107.470
              3         107.470
              4         107.470
              5         107.470
              6         107.470
              7         107.470
              8         107.470
              9         107.470
             10         107.470
             11         107.470
             12         107.470
             13         107.470
             14         107.470
             15         107.470
             16         107.470
             17         107.470
             18         107.470
             19         107.470
             20         107.470
             21         107.470
             22         107.470
             23         107.470
             24         107.470
             25         107.470
             26         107.470
             27         107.470
             28         107.470
             29         107.470
             30         107.470
             31         107.470
             32         107.470
             33         107.470
             34         107.470
             35         107.470
             36         107.470
             37         107.470
             38         107.470
             39         107.470
             40         107.470
             41         107.470
             42         107.470
             43         107.470
             44         107.470
             45         107.470
             46         107.470
             47         107.470
             48         107.470
             49         107.470
             50         107.470
             51         107.470
             52         107.470
             53         107.470
             54         107.470
             55         107.470
             56         107.470
             57         107.470
             58         107.470
             59         107.470
             60         107.470
             61         107.470
             62         107.470
             63         107.470
             64         107.470
             65         107.470
             66         107.470
             67         107.470
             68         107.470
             69         107.470
             70         107.470
             71         107.470
             72         107.470
             73         107.470
             74         107.470
             75         107.470
             76         107.470
             77         107.470
             78         107.470
             79         107.470
             80         107.470
             81         107.470
             82         107.470
             83         107.470
             84         107.470
             85         107.470
             86         107.470
             87         107.470
             88         107.470
             89         107.470
             90         107.470
             91         107.470
             92         107.470
             93         107.470
             94         107.470
             95         107.470
             96         107.470
             97         107.470
             98         107.470
             99         107.470
            100         107.470
            101         107.470
            102         107.470
            103         107.470
            104         107.470
            105         107.470
            106         107.470
            107         107.470
            108         107.470
            109         107.470
            110         107.470
            111         107.470
            112         107.470
            113         107.470
            114         107.470
            115         107.470
            116         107.470
            117         107.470
            118         107.470
            119         107.470
            120         107.470
            121         107.470
            122         107.470
            123         107.470
            124         107.470
            125         107.470
            126         107.470
            127         107.470
            128         107.470
            129         107.470
            130         107.470
            131         107.470
            132         107.470
            133         107.470
            134         107.470
            135         107.470
            136         107.470
            137         107.470
            138         107.470
            139         107.470
            140         107.470
            141         107.470
            142         107.470
            143         107.470
            144         107.470
            145         107.470
            146         107.470
            147         107.470
            148         107.470
            149         107.470
            150         107.470
            151         108.447
            152         108.447
            153         108.447
            154         108.447
            155         108.447
            156         108.447
            157         108.447
            158         108.447
            159         108.447
            160         108.447
            161         108.447
            162         108.447
            163         108.447
            164         108.447
            165         108.447
            166         108.447
            167         108.447
            168         108.447
            169         108.447
            170         108.447
            171         108.447
            172         108.447
            173         108.447
            174         108.447
            175         108.447
            176         108.447
            177         108.447
            178         108.447
            179         108.447
            180         108.447
            181         108.447
            182         108.447
            183         108.447
            184         108.447
            185         108.447
            186         108.447
            187         108.447
            188         108.447
            189         108.447
            190         108.447
            191         108.447
            192         108.447
            193         108.447
            194         108.447
            195         108.447
            196         108.447
            197         108.447
            198         108.447
            199         108.447
            200         108.447
            201         108.447
            202         108.447
            203         108.447
            204         108.447
            205         108.447
            206         108.447
            207         108.447
            208         108.447
            209         108.447
            210         108.447
            211         108.447
            212         108.447
            213         108.447
            214         108.447
            215         108.447
            216         108.447
            217         108.447
            218         108.447
            219         108.447
            220         108.447
            221         108.447
            222         108.447
            223         108.447
            224         108.447
            225         108.447
            226         108.447
            227         108.447
            228         108.447
            229         108.447
            230         108.447
            231         109.424
            232         109.424
            233         109.424
            234         109.424
            235         109.424
            236         109.424
            237         109.424
            238         109.424
            239         109.424
            240         109.424
            241         109.424
            242         109.424
            243         109.424
            244         109.424
            245         109.424
            246         109.424
            247         109.424
            248         109.424
            249         109.424
            250         109.424
            251         109.424
            252         109.424
            253         109.424
            254         109.424
            255         109.424
            256         109.424
            257         109.424
            258         109.424
            259         109.424
            260         109.424
            261         109.424
            262         109.424
            263         109.424
            264         109.424
            265         109.424
            266         109.424
            267         109.424
            268         109.424
            269         109.424
            270         109.424
            271         109.424
            272         109.424
            273         109.424
            274         109.424
            275         109.424
            276         109.424
            277         109.424
            278         109.424
            279         109.424
            280         109.424
            281         109.424
            282         109.424
            283         109.424
            284         109.424
            285         110.401
            286         110.401
            287         110.401
            288         110.401
            289         110.401
            290         110.401
            291         110.401
            292         110.401
            293         110.401
            294         110.401
            295         110.401
            296         110.401
            297         110.401
            298         110.401
            299         110.401
            300         110.401
            301         110.401
            302         110.401
            303         110.401
            304         110.401
            305         110.401
            306         110.401
            307         110.401
            308         110.401
            309         110.401
            310         110.401
            311         110.401
            312         110.401
            313         110.401
            314         110.401
            315         110.401
            316         110.401
            317         110.401
            318         110.401
            319         110.401
            320         110.401
            321         110.401
            322         110.401
            323         110.401
            324         110.401
            325         110.401
            326         110.401
            327         110.401
            328         111.378
            329         111.378
            330         111.378
            331         111.378
            332         111.378
            333         111.378
            334         111.378
            335         111.378
            336         111.378
            337         111.378
            338         111.378
            339         111.378
            340         111.378
            341         111.378
            342         111.378
            343         111.378
            344         111.378
            345         111.378
            346         111.378
            347         111.378
            348         111.378
            349         111.378
            350         111.378
            351         111.378
            352         111.378
            353         111.378
            354         111.378
            355         111.378
            356         111.378
            357         111.378
            358         111.378
            359         111.378
            360         111.378
            361         111.378
            362         111.378
            363         111.378
            364         111.378
            365         111.378
            366         111.378
            367         111.378
            368         111.378
            369         111.378
            370         112.355
            371         112.355
            372         112.355
            373         112.355
            374         112.355
            375         112.355
            376         112.355
            377         112.355
            378         112.355
            379         112.355
            380         112.355
            381         112.355
            382         112.355
            383         112.355
            384         112.355
            385         112.355
            386         112.355
            387         112.355
            388         112.355
            389         112.355
            390         112.355
            391         112.355
            392         112.355
            393         112.355
            394         112.355
            395         112.355
            396         112.355
            397         112.355
            398         112.355
            399         112.355
            400         112.355
            401         112.355
            402         112.355
            403         112.355
            404         112.355
            405         112.355
            406         112.355
            407         112.355
            408         112.355
            409         112.355
            410         112.355
            411         112.355
            412         112.355
            413         112.355
            414         112.355
            415         112.355
            416         112.355
            417         112.355
            418         112.355
            419         112.355
            420         112.355
            421         112.355
            422         112.355
            423         112.355
            424         112.355
            425         112.355
            426         112.355
            427         112.355
            428         112.355
            429         112.355
            430         112.355
            431         112.355
            432         112.355
            433         112.355
            434         112.355
            435         112.355
            436         112.355
            437         112.355
            438         112.355
            439         112.355
            440         112.355
            441         112.355
            442         112.355
            443         112.355
            444         112.355
            445         112.355
            446         112.355
            447         112.355
            448         112.355
            449         112.355
            450         112.355
            451         112.355
            452         112.355
            453         112.355
            454         112.355
            455         112.355
            456         112.355
            457         112.355
            458         112.355
            459         113.332
            460         113.332
            461         113.332
            462         113.332
            463         113.332
            464         113.332
            465         113.332
            466         113.332
            467         113.332
            468         113.332
            469         113.332
            470         113.332
            471         113.332
            472         113.332
            473         113.332
            474         113.332
            475         113.332
            476         113.332
            477         113.332
            478         113.332
            479         113.332
            480         112.355
            481         112.355
            482         112.355
            483         112.355
            484         112.355
            485         112.355
            486         112.355
            487         112.355
            488         112.355
            489         112.355
            490         112.355
            491         112.355
            492         112.355
            493         112.355
            494         112.355
            495         112.355
            496         113.332
            497         113.332
            498         113.332
            499         113.332
            500         113.332
            501         113.332
            502         113.332
            503         113.332
            504         113.332
            505         113.332
            506         113.332
            507         113.332
            508         113.332
            509         113.332
            510         113.332
            511         113.332
            512         113.332
            513         113.332
            514         113.332
            515         113.332
            516         113.332
            517         113.332
            518         113.332
            519         113.332
            520         113.332
            521         113.332
            522         113.332
            523         113.332
            524         113.332
            525         113.332
            526         113.332
            527         113.332
            528         113.332
            529         113.332
            530         113.332
            531         113.332
            532         113.332
            533         113.332
            534         113.332
            535         113.332
            536         113.332
            537         113.332
            538         113.332
            539         113.332
            540         113.332
            541         113.332
            542         113.332
            543         114.309
            544         114.309
            545         114.309
            546         114.309
            547         114.309
            548         114.309
            549         114.309
            550         114.309
            551         114.309
            552         114.309
            553         114.309
            554         114.309
            555         114.309
            556         114.309
            557         114.309
            558         114.309
            559         114.309
            560         114.309
            561         115.286
            562         115.286
            563         115.286
            564         115.286
            565         115.286
            566         115.286
            567         115.286
            568         115.286
            569         115.286
            570         115.286
            571         115.286
            572         115.286
            573         115.286
            574         115.286
            575         115.286
            576         115.286
            577         115.286
            578         115.286
            579         115.286
            580         115.286
            581         115.286
            582         115.286
            583         115.286
            584         115.286
            585         115.286
            586         115.286
            587         115.286
            588         115.286
            589         115.286
            590         115.286
            591         115.286
            592         115.286
            593         115.286
            594         115.286
            595         115.286
            596         115.286
            597         115.286
            598         115.286
            599         115.286
            600         115.286
            601         115.286
            602         115.286
            603         115.286
            604         115.286
            605         115.286
            606         115.286
            607         115.286
            608         115.286
            609         115.286
            610         115.286
            611         115.286
            612         115.286
            613         115.286
            614         115.286
            615         115.286
            616         115.286
            617         115.286
            618         115.286
            619         115.286
            620         115.286
            621         115.286
            622         115.286
            623         115.286
            624         115.286
            625         115.286
            626         115.286
            627         115.286
            628         115.286
            629         115.286
            630         115.286
            631         115.286
            632         115.286
            633         115.286
            634         115.286
            635         115.286
            636         115.286
            637         115.286
            638         115.286
            639         115.286
            640         115.286
            641         115.286
            642         115.286
            643         115.286
            644         115.286
            645         115.286
            646         115.286
            647         115.286
            648         115.286
            649         115.286
            650         115.286
            651         115.286
            652         115.286
            653         115.286
            654         115.286
            655         115.286
            656         115.286
            657         116.263
            658         116.263
            659         116.263
            660         116.263
            661         116.263
            662         116.263
            663         116.263
            664         116.263
            665         116.263
            666         116.263
            667         116.263
            668         116.263
            669         116.263
            670         116.263
            671         116.263
            672         116.263
            673         116.263
            674         116.263
            675         116.263
            676         116.263
            677         116.263
            678         116.263
            679         116.263
            680         116.263
            681         116.263
            682         116.263
            683         116.263
            684         116.263
            685         116.263
            686         117.240
            687         117.240
            688         117.240
            689         117.240
            690         117.240
            691         117.240
            692         117.240
            693         117.240
            694         117.240
            695         117.240
            696         117.240
            697         117.240
            698         117.240
            699         117.240
            700         117.240
            701         117.240
            702         117.240
            703         117.240
            704         117.240
            705         117.240
            706         117.240
            707         117.240
            708         117.240
            709         117.240
            710         117.240
            711         117.240
            712         117.240
            713         117.240
            714         118.217
            715         118.217
            716         118.217
            717         118.217
            718         118.217
            719         118.217
            720         118.217
            721         118.217
            722         118.217
            723         118.217
            724         118.217
            725         118.217
            726         118.217
            727         118.217
            728         118.217
            729         118.217
            730         118.217
            731         118.217
            732         118.217
            733         118.217
            734         118.217
            735         118.217
            736         118.217
            737         118.217
            738         118.217
            739         118.217
            740         118.217
            741         118.217
            742         118.217
            743         118.217
            744         119.194
            745         119.194
            746         119.194
            747         119.194
            748         119.194
            749         119.194
            750         119.194
            751         119.194
            752         119.194
            753         119.194
            754         119.194
            755         119.194
            756         119.194
            757         119.194
            758         119.194
            759         119.194
            760         119.194
            761         119.194
            762         119.194
            763         119.194
            764         119.194
            765         119.194
            766         119.194
            767         119.194
            768         119.194
            769         119.194
            770         119.194
            771         119.194
            772         119.194
            773         119.194
            774         119.194
            775         119.194
            776         119.194
            777         119.194
            778         119.194
            779         119.194
            780         120.171
            781         120.171
            782         120.171
            783         120.171
            784         120.171
            785         120.171
            786         120.171
            787         120.171
            788         120.171
            789         120.171
            790         120.171
            791         120.171
            792         120.171
            793         120.171
            794         120.171
            795         120.171
            796         120.171
            797         120.171
            798         120.171
            799         120.171
            800         120.171
            801         120.171
            802         120.171
            803         120.171
            804         120.171
            805         120.171
            806         120.171
            807         120.171
            808         120.171
            809         120.171
            810         120.171
            811         120.171
            812         120.171
            813         120.171
            814         120.171
            815         120.171
            816         120.171
            817         120.171
            818         120.171
            819         120.171
            820         120.171
            821         120.171
            822         120.171
            823         120.171
            824         120.171
            825         120.171
            826         120.171
            827         120.171
            828         120.171
            829         120.171
            830         120.171
            831         120.171
            832         120.171
            833         120.171
            834         120.171
            835         121.148
            836         121.148
            837         121.148
            838         121.148
            839         121.148
            840         121.148
            841         121.148
            842         121.148
            843         121.148
            844         121.148
            845         121.148
            846         121.148
            847         121.148
            848         121.148
            849         121.148
            850         121.148
            851         121.148
            852         121.148
            853         121.148
            854         121.148
            855         121.148
            856         121.148
            857         121.148
            858         121.148
            859         121.148
            860         121.148
            861         121.148
            862         121.148
            863         121.148
            864         121.148
            865         122.125
            866         122.125
            867         122.125
            868         122.125
            869         122.125
            870         122.125
            871         122.125
            872         122.125
            873         122.125
            874         122.125
            875         122.125
            876         122.125
            877         122.125
            878         122.125
            879         122.125
            880         122.125
            881         122.125
            882         122.125
            883         122.125
            884         122.125
            885         122.125
            886         122.125
            887         122.125
            888         122.125
            889         122.125
            890         122.125
            891         122.125
            892         122.125
            893         122.125
            894         122.125
            895         122.125
            896         122.125
            897         122.125
            898         122.125
            899         122.125
            900         122.125
            901         122.125
            902         122.125
            903         122.125
            904         122.125
            905         122.125
            906         123.102
            907         123.102
            908         123.102
            909         123.102
            910         123.102
            911         123.102
            912         123.102
            913         123.102
            914         123.102
            915         123.102
            916         123.102
            917         123.102
            918         123.102
            919         123.102
            920         123.102
            921         123.102
            922         123.102
            923         123.102
            924         123.102
            925         123.102
            926         123.102
            927         123.102
            928         123.102
            929         123.102
            930         124.079
            931         124.079
            932         124.079
            933         124.079
            934         124.079
            935         124.079
            936         124.079
            937         124.079
            938         124.079
            939         124.079
            940         124.079
            941         124.079
            942         124.079
            943         124.079
            944         124.079
            945         124.079
            946         124.079
            947         124.079
            948         124.079
            949         124.079
            950         124.079
            951         124.079
            952         125.056
            953         125.056
            954         125.056
            955         125.056
            956         125.056
            957         125.056
            958         125.056
            959         125.056
            960         125.056
            961         125.056
            962         125.056
            963         125.056
            964         125.056
            965         125.056
            966         125.056
            967         125.056
            968         125.056
            969         125.056
            970         125.056
            971         125.056
            972         125.056
            973         125.056
            974         125.056
            975         126.033
            976         126.033
            977         126.033
            978         126.033
            979         126.033
            980         126.033
            981         126.033
            982         126.033
            983         126.033
            984         127.010
            985         127.010
            986         127.010
            987         127.010
            988         127.010
            989         127.010
            990         127.010
            991         127.010
            992         127.010
            993         127.010
            994         127.010
            995         127.010
            996         127.010
            997         127.010
            998         127.010
            999         127.010
           1000         127.010
           1001         127.010
           1002         127.010
           1003         127.010
           1004         127.010
           1005         127.010
           1006         127.010
           1007         127.010
           1008         127.010
           1009         127.010
           1010         127.010
           1011         127.010
           1012         127.010
           1013         127.010
           1014         127.010
           1015         127.987
           1016         127.987
           1017         127.987
           1018         127.987
           1019         127.987
           1020         127.987
           1021         127.987
           1022         127.987
           1023         127.987
           1024         127.987
           1025         127.987
           1026         127.987
           1027         127.987
           1028         127.987
           1029         127.987
           1030         127.987
           1031         127.987
           1032         127.987
           1033         127.987
           1034         127.987
           1035         127.987
           1036         127.987
           1037         127.987
           1038         127.987
           1039         127.987
           1040         127.987
           1041         127.987
           1042         127.987
           1043         127.987
           1044         127.987
           1045         127.987
           1046         127.987
           1047         127.987
           1048         127.987
           1049         127.987
           1050         127.987
           1051         127.987
           1052         127.987
           1053         127.987
           1054         127.987
           1055         128.964
           1056         128.964
           1057         128.964
           1058         128.964
           1059         128.964
           1060         128.964
           1061         128.964
           1062         128.964
           1063         128.964
           1064         128.964
           1065         128.964
           1066         128.964
           1067         128.964
           1068         128.964
           1069         128.964
           1070         128.964
           1071         128.964
           1072         128.964
           1073         128.964
           1074         128.964
           1075         128.964
           1076         128.964
           1077         128.964
           1078         128.964
           1079         129.941
           1080         129.941
           1081         129.941
           1082         129.941
           1083         129.941
           1084         129.941
           1085         129.941
           1086         129.941
           1087         129.941
           1088         129.941
           1089         129.941
           1090         129.941
           1091         129.941
           1092         129.941
           1093         129.941
           1094         129.941
           1095         129.941
           1096         129.941
           1097         129.941
           1098         129.941
           1099         130.918
           1100         130.918
           1101         130.918
           1102         130.918
           1103         130.918
           1104         130.918
           1105         130.918
           1106         130.918
           1107         130.918
           1108         130.918
           1109         130.918
           1110         130.918
           1111         130.918
           1112         130.918
           1113         130.918
           1114         130.918
           1115         130.918
           1116         130.918
           1117         130.918
           1118         130.918
           1119         130.918
           1120         130.918
           1121         130.918
           1122         131.895
           1123         131.895
           1124         131.895
           1125         131.895
           1126         131.895
           1127         131.895
           1128         131.895
           1129         131.895
           1130         131.895
           1131         131.895
           1132         131.895
           1133         131.895
           1134         131.895
           1135         131.895
           1136         131.895
           1137         131.895
           1138         131.895
           1139         131.895
           1140         131.895
           1141         131.895
           1142         131.895
           1143         131.895
           1144         131.895
           1145         131.895
           1146         132.872
           1147         132.872
           1148         132.872
           1149         132.872
           1150         132.872
           1151         132.872
           1152         132.872
           1153         132.872
           1154         132.872
           1155         132.872
           1156         132.872
           1157         132.872
           1158         132.872
           1159         132.872
           1160         132.872
           1161         132.872
           1162         132.872
           1163         132.872
           1164         132.872
           1165         132.872
           1166         132.872
           1167         132.872
           1168         132.872
           1169         132.872
           1170         132.872
           1171         133.849
           1172         133.849
           1173         133.849
           1174         133.849
           1175         133.849
           1176         133.849
           1177         133.849
           1178         133.849
           1179         133.849
           1180         133.849
           1181         133.849
           1182         133.849
           1183         133.849
           1184         133.849
           1185         133.849
           1186         133.849
           1187         133.849
           1188         133.849
           1189         133.849
           1190         133.849
           1191         133.849
           1192         133.849
           1193         134.826
           1194         134.826
           1195         134.826
           1196         134.826
           1197         134.826
           1198         134.826
           1199         134.826
           1200         134.826
           1201         134.826
           1202         134.826
           1203         134.826
           1204         134.826
           1205         134.826
           1206         134.826
           1207         134.826
           1208         134.826
           1209         135.803
           1210         135.803
           1211         135.803
           1212         135.803
           1213         135.803
           1214         135.803
           1215         135.803
           1216         135.803
           1217         135.803
           1218         135.803
           1219         135.803
           1220         135.803
           1221         135.803
           1222         135.803
           1223         135.803
           1224         135.803
           1225         136.780
           1226         136.780
           1227         136.780
           1228         136.780
           1229         136.780
           1230         136.780
           1231         136.780
           1232         136.780
           1233         136.780
           1234         136.780
           1235         136.780
           1236         136.780
           1237         136.780
           1238         136.780
           1239         136.780
           1240         136.780
           1241         137.757
           1242         137.757
           1243         137.757
           1244         137.757
           1245         137.757
           1246         137.757
           1247         137.757
           1248         137.757
           1249         137.757
           1250         137.757
           1251         137.757
           1252         137.757
           1253         137.757
           1254         137.757
           1255         137.757
           1256         137.757
           1257         137.757
           1258         137.757
           1259         137.757
           1260         138.734
           1261         138.734
           1262         138.734
           1263         138.734
           1264         138.734
           1265         138.734
           1266         138.734
           1267         138.734
           1268         138.734
           1269         138.734
           1270         138.734
           1271         138.734
           1272         138.734
           1273         138.734
           1274         138.734
           1275         138.734
           1276         138.734
           1277         138.734
           1278         138.734
           1279         139.711
           1280         139.711
           1281         139.711
           1282         139.711
           1283         139.711
           1284         139.711
           1285         139.711
           1286         139.711
           1287         139.711
           1288         139.711
           1289         139.711
           1290         139.711
           1291         139.711
           1292         139.711
           1293         139.711
           1294         139.711
           1295         139.711
           1296         139.711
           1297         139.711
           1298         139.711
           1299         139.711
           1300         139.711
           1301         139.711
           1302         140.688
           1303         140.688
           1304         140.688
           1305         140.688
           1306         140.688
           1307         140.688
           1308         140.688
           1309         140.688
           1310         140.688
           1311         140.688
           1312         140.688
           1313         140.688
           1314         140.688
           1315         140.688
           1316         140.688
           1317         140.688
           1318         140.688
           1319         140.688
           1320         140.688
           1321         140.688
           1322         140.688
           1323         140.688
           1324         140.688
           1325         140.688
           1326         140.688
           1327         140.688
           1328         140.688
           1329         140.688
           1330         140.688
           1331         140.688
           1332         140.688
           1333         140.688
           1334         140.688
           1335         141.665
           1336         141.665
           1337         141.665
           1338         141.665
           1339         141.665
           1340         141.665
           1341         141.665
           1342         141.665
           1343         141.665
           1344         141.665
           1345         141.665
           1346         141.665
           1347         141.665
           1348         141.665
           1349         141.665
           1350         141.665
           1351         141.665
           1352         141.665
           1353         141.665
           1354         142.642
           1355         142.642
           1356         142.642
           1357         142.642
           1358         142.642
           1359         142.642
           1360         142.642
           1361         142.642
           1362         142.642
           1363         142.642
           1364         142.642
           1365         142.642
           1366         142.642
           1367         142.642
           1368         142.642
           1369         142.642
           1370         142.642
           1371         142.642
           1372         142.642
           1373         142.642
           1374         142.642
           1375         142.642
           1376         142.642
           1377         142.642
           1378         142.642
           1379         142.642
           1380         142.642
           1381         142.642
           1382         142.642
           1383         142.642
           1384         142.642
           1385         142.642
           1386         142.642
           1387         142.642
           1388         142.642
           1389         142.642
           1390         142.642
           1391         142.642
           1392         143.619
           1393         143.619
           1394         143.619
           1395         143.619
           1396         143.619
           1397         143.619
           1398         143.619
           1399         143.619
           1400         143.619
           1401         143.619
           1402         143.619
           1403         143.619
           1404         143.619
           1405         143.619
           1406         143.619
           1407         143.619
           1408         143.619
           1409         143.619
           1410         143.619
           1411         143.619
           1412         143.619
           1413         143.619
           1414         143.619
           1415         143.619
           1416         143.619
           1417         143.619
           1418         144.596
           1419         144.596
           1420         144.596
           1421         144.596
           1422         144.596
           1423         144.596
           1424         144.596
           1425         144.596
           1426         144.596
           1427         144.596
           1428         144.596
           1429         144.596
           1430         145.573
           1431         145.573
           1432         145.573
           1433         145.573
           1434         145.573
           1435         145.573
           1436         145.573
           1437         145.573
           1438         145.573
           1439         144.596
           1440         144.596
           1441         144.596
           1442         144.596
           1443         144.596
           1444         145.573
           1445         145.573
           1446         145.573
           1447         145.573
           1448         145.573
           1449         145.573
           1450         145.573
           1451         145.573
           1452         145.573
           1453         145.573
           1454         145.573
           1455         145.573
           1456         145.573
           1457         145.573
           1458         145.573
           1459         145.573
           1460         145.573
           1461         145.573
           1462         145.573
           1463         145.573
           1464         145.573
           1465         145.573
           1466         145.573
           1467         145.573
           1468         145.573
           1469         145.573
           1470         144.596
           1471         144.596
           1472         144.596
           1473         144.596
           1474         144.596
           1475         144.596
           1476         144.596
           1477         144.596
           1478         144.596
           1479         144.596
           1480         144.596
           1481         144.596
           1482         144.596
           1483         144.596
           1484         144.596
           1485         144.596
           1486         144.596
           1487         144.596
           1488         144.596
           1489         144.596
           1490         144.596
           1491         144.596
           1492         144.596
           1493         144.596
           1494         144.596
           1495         144.596
           1496         144.596
           1497         144.596
           1498         144.596
           1499         144.596
           1500         144.596
           1501         144.596
           1502         144.596
           1503         144.596
           1504         144.596
           1505         144.596
           1506         144.596
           1507         144.596
           1508         144.596
           1509         144.596
           1510         144.596
           1511         144.596
           1512         144.596
           1513         144.596
           1514         144.596
           1515         144.596
           1516         144.596
           1517         144.596
           1518         144.596
           1519         144.596
           1520         144.596
           1521         144.596
           1522         144.596
           1523         144.596
           1524         144.596
           1525         144.596
           1526         144.596
           1527         144.596
           1528         144.596
           1529         144.596
           1530         144.596
           1531         144.596
           1532         144.596
           1533         144.596
           1534         144.596
           1535         144.596
           1536         144.596
           1537         144.596
           1538         144.596
           1539         144.596
           1540         144.596
           1541         144.596
           1542         144.596
           1543         144.596
           1544         144.596
           1545         144.596
           1546         144.596
           1547         144.596
           1548         144.596
           1549         144.596
           1550         144.596
           1551         144.596
           1552         144.596
           1553         144.596
           1554         144.596
           1555         143.619
           1556         143.619
           1557         143.619
           1558         143.619
           1559         143.619
           1560         143.619
           1561         143.619
           1562         143.619
           1563         143.619
           1564         143.619
           1565         143.619
           1566         143.619
           1567         143.619
           1568         143.619
           1569         143.619
           1570         143.619
           1571         143.619
           1572         143.619
           1573         143.619
           1574         143.619
           1575         143.619
           1576         143.619
           1577         143.619
           1578         142.642
           1579         142.642
           1580         142.642
           1581         142.642
           1582         142.642
           1583         142.642
           1584         142.642
           1585         142.642
           1586         142.642
           1587         142.642
           1588         142.642
           1589         142.642
           1590         142.642
           1591         142.642
           1592         142.642
           1593         142.642
           1594         142.642
           1595         142.642
           1596         142.642
           1597         142.642
           1598         142.642
           1599         142.642
           1600         142.642
           1601         141.665
           1602         141.665
           1603         141.665
           1604         141.665
           1605         141.665
           1606         141.665
           1607         141.665
           1608         141.665
           1609         141.665
           1610         141.665
           1611         141.665
           1612         141.665
           1613         141.665
           1614         141.665
           1615         141.665
           1616         141.665
           1617         141.665
           1618         141.665
           1619         141.665
           1620         141.665
           1621         141.665
           1622         141.665
           1623         141.665
           1624         141.665
           1625         141.665
           1626         141.665
           1627         141.665
           1628         141.665
           1629         140.688
           1630         140.688
           1631         140.688
           1632         140.688
           1633         140.688
           1634         140.688
           1635         140.688
           1636         140.688
           1637         140.688
           1638         140.688
           1639         140.688
           1640         140.688
           1641         140.688
           1642         140.688
           1643         140.688
           1644         140.688
           1645         140.688
           1646         140.688
           1647         140.688
           1648         140.688
           1649         140.688
           1650         140.688
           1651         140.688
           1652         140.688
           1653         140.688
           1654         140.688
           1655         140.688
           1656         140.688
           1657         139.711
           1658         139.711
           1659         139.711
           1660         139.711
           1661         139.711
           1662         139.711
           1663         139.711
           1664         139.711
           1665         139.711
           1666         139.711
           1667         139.711
           1668         139.711
           1669         139.711
           1670         139.711
           1671         139.711
           1672         139.711
           1673         139.711
           1674         139.711
           1675         139.711
           1676         139.711
           1677         139.711
           1678         139.711
           1679         139.711
           1680         139.711
           1681         139.711
           1682         139.711
           1683         139.711
           1684         139.711
           1685         139.711
           1686         139.711
           1687         139.711
           1688         139.711
           1689         139.711
           1690         139.711
           1691         139.711
           1692         139.711
           1693         139.711
           1694         139.711
           1695         139.711
           1696         139.711
           1697         139.711
           1698         139.711
           1699         139.711
           1700         139.711
           1701         139.711
           1702         139.711
           1703         139.711
           1704         138.734
           1705         138.734
           1706         138.734
           1707         138.734
           1708         138.734
           1709         138.734
           1710         138.734
           1711         138.734
           1712         138.734
           1713         138.734
           1714         138.734
           1715         138.734
           1716         138.734
           1717         138.734
           1718         138.734
           1719         138.734
           1720         138.734
           1721         138.734
           1722         138.734
           1723         138.734
           1724         138.734
           1725         138.734
           1726         138.734
           1727         138.734
           1728         138.734
           1729         138.734
           1730         138.734
           1731         138.734
           1732         138.734
           1733         138.734
           1734         138.734
           1735         137.757
           1736         137.757
           1737         137.757
           1738         137.757
           1739         137.757
           1740         137.757
           1741         137.757
           1742         137.757
           1743         137.757
           1744         137.757
           1745         137.757
           1746         137.757
           1747         137.757
           1748         137.757
           1749         137.757
           1750         137.757
           1751         137.757
           1752         137.757
           1753         137.757
           1754         137.757
           1755         137.757
           1756         137.757
           1757         137.757
           1758         137.757
           1759         137.757
           1760         137.757
           1761         137.757
           1762         137.757
           1763         137.757
           1764         137.757
           1765         137.757
           1766         137.757
           1767         136.780
           1768         136.780
           1769         136.780
           1770         136.780
           1771         136.780
           1772         136.780
           1773         136.780
           1774         136.780
           1775         136.780
           1776         136.780
           1777         136.780
           1778         136.780
           1779         136.780
           1780         136.780
           1781         136.780
           1782         136.780
           1783         136.780
           1784         136.780
           1785         136.780
           1786         136.780
           1787         136.780
           1788         136.780
           1789         136.780
           1790         136.780
           1791         136.780
           1792         136.780
           1793         136.780
           1794         136.780
           1795         136.780
           1796         136.780
           1797         136.780
           1798         136.780
           1799         136.780
           1800         135.803
           1801         135.803
           1802         135.803
           1803         135.803
           1804         135.803
           1805         135.803
           1806         135.803
           1807         135.803
           1808         135.803
           1809         135.803
           1810         135.803
           1811         135.803
           1812         135.803
           1813         135.803
           1814         135.803
           1815         135.803
           1816         135.803
           1817         135.803
           1818         135.803
           1819         135.803
           1820         135.803
           1821         135.803
           1822         135.803
           1823         135.803
           1824         135.803
           1825         135.803
           1826         135.803
           1827         135.803
           1828         135.803
           1829         135.803
           1830         135.803
           1831         135.803
           1832         135.803
           1833         135.803
           1834         135.803
           1835         135.803
           1836         135.803
           1837         135.803
           1838         135.803
           1839         135.803
           1840         135.803
           1841         135.803
           1842         135.803
           1843         135.803
           1844         135.803
           1845         135.803
           1846         135.803
           1847         135.803
           1848         135.803
           1849         135.803
           1850         135.803
           1851         135.803
           1852         135.803
           1853         135.803
           1854         135.803
           1855         135.803
           1856         135.803
           1857         135.803
           1858         135.803
           1859         135.803
           1860         135.803
           1861         135.803
           1862         135.803
           1863         135.803
           1864         135.803
           1865         135.803
           1866         135.803
           1867         135.803
           1868         135.803
           1869         135.803
           1870         135.803
           1871         135.803
           1872         135.803
           1873         135.803
           1874         135.803
           1875         135.803
           1876         135.803
           1877         135.803
           1878         135.803
           1879         135.803
           1880         135.803
           1881         135.803
           1882         135.803
           1883         135.803
           1884         135.803
           1885         135.803
           1886         135.803
           1887         135.803
           1888         135.803
           1889         135.803
           1890         135.803
           1891         135.803
           1892         135.803
           1893         135.803
           1894         135.803
           1895         135.803
           1896         135.803
           1897         135.803
           1898         135.803
           1899         135.803
