TRACENO
              1          86.953
              2          86.953
              3          86.953
              4          86.953
              5          86.953
              6          86.953
              7          86.953
              8          86.953
              9          86.953
             10          86.953
             11          86.953
             12          86.953
             13          86.953
             14          86.953
             15          86.953
             16          86.953
             17          86.953
             18          86.953
             19          86.953
             20          86.953
             21          86.953
             22          86.953
             23          87.930
             24          87.930
             25          87.930
             26          87.930
             27          87.930
             28          87.930
             29          87.930
             30          87.930
             31          87.930
             32          87.930
             33          87.930
             34          87.930
             35          87.930
             36          87.930
             37          87.930
             38          87.930
             39          87.930
             40          87.930
             41          87.930
             42          87.930
             43          87.930
             44          87.930
             45          87.930
             46          87.930
             47          87.930
             48          87.930
             49          87.930
             50          87.930
             51          87.930
             52          87.930
             53          87.930
             54          87.930
             55          87.930
             56          88.907
             57          88.907
             58          88.907
             59          88.907
             60          88.907
             61          88.907
             62          88.907
             63          88.907
             64          88.907
             65          88.907
             66          88.907
             67          88.907
             68          88.907
             69          88.907
             70          88.907
             71          88.907
             72          88.907
             73          88.907
             74          88.907
             75          88.907
             76          88.907
             77          88.907
             78          88.907
             79          88.907
             80          88.907
             81          88.907
             82          88.907
             83          88.907
             84          89.884
             85          89.884
             86          89.884
             87          89.884
             88          89.884
             89          89.884
             90          89.884
             91          89.884
             92          89.884
             93          89.884
             94          89.884
             95          89.884
             96          89.884
             97          89.884
             98          89.884
             99          89.884
            100          89.884
            101          89.884
            102          89.884
            103          89.884
            104          89.884
            105          89.884
            106          90.861
            107          90.861
            108          90.861
            109          90.861
            110          90.861
            111          90.861
            112          90.861
            113          90.861
            114          90.861
            115          90.861
            116          90.861
            117          90.861
            118          90.861
            119          90.861
            120          90.861
            121          90.861
            122          90.861
            123          90.861
            124          90.861
            125          89.884
            126          89.884
            127          89.884
            128          89.884
            129          89.884
            130          89.884
            131          90.861
            132          90.861
            133          90.861
            134          90.861
            135          90.861
            136          90.861
            137          90.861
            138          90.861
            139          90.861
            140          90.861
            141          90.861
            142          90.861
            143          90.861
            144          90.861
            145          90.861
            146          90.861
            147          90.861
            148          90.861
            149          90.861
            150          90.861
            151          90.861
            152          90.861
            153          90.861
            154          90.861
            155          90.861
            156          90.861
            157          90.861
            158          90.861
            159          91.838
            160          91.838
            161          91.838
            162          91.838
            163          91.838
            164          91.838
            165          91.838
            166          91.838
            167          91.838
            168          91.838
            169          91.838
            170          91.838
            171          92.815
            172          92.815
            173          92.815
            174          92.815
            175          92.815
            176          92.815
            177          92.815
            178          92.815
            179          92.815
            180          92.815
            181          92.815
            182          92.815
            183          92.815
            184          92.815
            185          92.815
            186          92.815
            187          92.815
            188          92.815
            189          92.815
            190          92.815
            191          92.815
            192          92.815
            193          92.815
            194          93.792
            195          93.792
            196          93.792
            197          93.792
            198          93.792
            199          93.792
            200          93.792
            201          93.792
            202          93.792
            203          93.792
            204          93.792
            205          93.792
            206          93.792
            207          93.792
            208          93.792
            209          93.792
            210          93.792
            211          93.792
            212          94.769
            213          94.769
            214          94.769
            215          94.769
            216          94.769
            217          94.769
            218          94.769
            219          94.769
            220          94.769
            221          94.769
            222          94.769
            223          94.769
            224          94.769
            225          94.769
            226          94.769
            227          94.769
            228          94.769
            229          94.769
            230          94.769
            231          94.769
            232          94.769
            233          94.769
            234          94.769
            235          94.769
            236          94.769
            237          94.769
            238          94.769
            239          94.769
            240          94.769
            241          94.769
            242          94.769
            243          94.769
            244          94.769
            245          94.769
            246          94.769
            247          94.769
            248          94.769
            249          95.746
            250          95.746
            251          95.746
            252          95.746
            253          95.746
            254          95.746
            255          95.746
            256          95.746
            257          95.746
            258          95.746
            259          95.746
            260          95.746
            261          95.746
            262          95.746
            263          95.746
            264          95.746
            265          95.746
            266          95.746
            267          95.746
            268          95.746
            269          95.746
            270          95.746
            271          95.746
            272          96.723
            273          96.723
            274          96.723
            275          96.723
            276          96.723
            277          96.723
            278          96.723
            279          96.723
            280          96.723
            281          96.723
            282          96.723
            283          96.723
            284          96.723
            285          96.723
            286          96.723
            287          96.723
            288          96.723
            289          96.723
            290          96.723
            291          97.700
            292          97.700
            293          97.700
            294          97.700
            295          97.700
            296          97.700
            297          97.700
            298          97.700
            299          97.700
            300          97.700
            301          97.700
            302          97.700
            303          97.700
            304          97.700
            305          97.700
            306          97.700
            307          97.700
            308          97.700
            309          97.700
            310          97.700
            311          98.677
            312          98.677
            313          98.677
            314          98.677
            315          98.677
            316          98.677
            317          98.677
            318          98.677
            319          98.677
            320          98.677
            321          98.677
            322          98.677
            323          98.677
            324          98.677
            325          98.677
            326          98.677
            327          98.677
            328          98.677
            329          98.677
            330          98.677
            331          98.677
            332          98.677
            333          98.677
            334          98.677
            335          98.677
            336          98.677
            337          98.677
            338          98.677
            339          98.677
            340          98.677
            341          98.677
            342          98.677
            343          98.677
            344          98.677
            345          99.654
            346          99.654
            347          99.654
            348          99.654
            349          99.654
            350          99.654
            351          99.654
            352          99.654
            353          99.654
            354          99.654
            355          99.654
            356         100.631
            357         100.631
            358         100.631
            359         100.631
            360         100.631
            361         100.631
            362         100.631
            363         100.631
            364         100.631
            365         100.631
            366         100.631
            367         101.608
            368         101.608
            369         101.608
            370         101.608
            371         101.608
            372         101.608
            373         101.608
            374         101.608
            375         101.608
            376         101.608
            377         101.608
            378         101.608
            379         101.608
            380         101.608
            381         101.608
            382         101.608
            383         101.608
            384         101.608
            385         101.608
            386         101.608
            387         101.608
            388         101.608
            389         101.608
            390         101.608
            391         101.608
            392         102.585
            393         102.585
            394         102.585
            395         102.585
            396         102.585
            397         102.585
            398         102.585
            399         102.585
            400         102.585
            401         102.585
            402         102.585
            403         102.585
            404         102.585
            405         102.585
            406         102.585
            407         103.562
            408         103.562
            409         103.562
            410         103.562
            411         103.562
            412         103.562
            413         103.562
            414         103.562
            415         103.562
            416         103.562
            417         103.562
            418         103.562
            419         103.562
            420         103.562
            421         103.562
            422         103.562
            423         103.562
            424         104.539
            425         104.539
            426         104.539
            427         104.539
            428         104.539
            429         104.539
            430         104.539
            431         104.539
            432         104.539
            433         104.539
            434         104.539
            435         104.539
            436         104.539
            437         104.539
            438         104.539
            439         104.539
            440         104.539
            441         104.539
            442         104.539
            443         104.539
            444         104.539
            445         105.516
            446         105.516
            447         105.516
            448         105.516
            449         105.516
            450         105.516
            451         105.516
            452         105.516
            453         105.516
            454         105.516
            455         105.516
            456         105.516
            457         105.516
            458         105.516
            459         105.516
            460         105.516
            461         105.516
            462         105.516
            463         106.493
            464         106.493
            465         106.493
            466         106.493
            467         106.493
            468         106.493
            469         106.493
            470         106.493
            471         106.493
            472         106.493
            473         106.493
            474         106.493
            475         106.493
            476         106.493
            477         106.493
            478         106.493
            479         106.493
            480         106.493
            481         107.470
            482         107.470
            483         107.470
            484         107.470
            485         107.470
            486         107.470
            487         107.470
            488         107.470
            489         107.470
            490         107.470
            491         107.470
            492         107.470
            493         107.470
            494         107.470
            495         107.470
            496         107.470
            497         107.470
            498         107.470
            499         107.470
            500         107.470
            501         108.447
            502         108.447
            503         108.447
            504         108.447
            505         108.447
            506         108.447
            507         108.447
            508         108.447
            509         108.447
            510         108.447
            511         108.447
            512         108.447
            513         108.447
            514         108.447
            515         108.447
            516         108.447
            517         108.447
            518         108.447
            519         108.447
            520         108.447
            521         109.424
            522         109.424
            523         109.424
            524         109.424
            525         109.424
            526         109.424
            527         109.424
            528         109.424
            529         109.424
            530         109.424
            531         109.424
            532         109.424
            533         109.424
            534         109.424
            535         109.424
            536         109.424
            537         110.401
            538         110.401
            539         110.401
            540         110.401
            541         110.401
            542         110.401
            543         110.401
            544         110.401
            545         110.401
            546         110.401
            547         110.401
            548         110.401
            549         110.401
            550         111.378
            551         111.378
            552         111.378
            553         111.378
            554         111.378
            555         111.378
            556         111.378
            557         111.378
            558         111.378
            559         111.378
            560         111.378
            561         111.378
            562         111.378
            563         111.378
            564         111.378
            565         112.355
            566         112.355
            567         112.355
            568         112.355
            569         112.355
            570         112.355
            571         112.355
            572         112.355
            573         112.355
            574         112.355
            575         112.355
            576         112.355
            577         112.355
            578         112.355
            579         113.332
            580         113.332
            581         113.332
            582         113.332
            583         113.332
            584         113.332
            585         113.332
            586         113.332
            587         113.332
            588         113.332
            589         113.332
            590         113.332
            591         113.332
            592         113.332
            593         113.332
            594         113.332
            595         113.332
            596         113.332
            597         113.332
            598         113.332
            599         113.332
            600         113.332
            601         113.332
            602         113.332
            603         113.332
            604         113.332
            605         114.309
            606         114.309
            607         114.309
            608         114.309
            609         114.309
            610         114.309
            611         114.309
            612         114.309
            613         114.309
            614         114.309
            615         114.309
            616         114.309
            617         114.309
            618         114.309
            619         114.309
            620         114.309
            621         114.309
            622         114.309
            623         114.309
            624         114.309
            625         114.309
            626         115.286
            627         115.286
            628         115.286
            629         115.286
            630         115.286
            631         115.286
            632         115.286
            633         115.286
            634         115.286
            635         115.286
            636         115.286
            637         115.286
            638         115.286
            639         115.286
            640         115.286
            641         115.286
            642         115.286
            643         115.286
            644         115.286
            645         115.286
            646         115.286
            647         115.286
            648         115.286
            649         115.286
            650         115.286
            651         115.286
            652         115.286
            653         115.286
            654         115.286
            655         115.286
            656         115.286
            657         115.286
            658         115.286
            659         115.286
            660         115.286
            661         115.286
            662         115.286
            663         115.286
            664         115.286
            665         115.286
            666         115.286
            667         115.286
            668         116.263
            669         116.263
            670         116.263
            671         116.263
            672         116.263
            673         116.263
            674         116.263
            675         116.263
            676         116.263
            677         116.263
            678         116.263
            679         116.263
            680         116.263
            681         116.263
            682         116.263
            683         116.263
            684         116.263
            685         116.263
            686         116.263
            687         116.263
            688         116.263
            689         116.263
            690         116.263
            691         116.263
            692         116.263
            693         116.263
            694         116.263
            695         116.263
            696         116.263
            697         116.263
            698         116.263
            699         116.263
            700         116.263
            701         116.263
            702         116.263
            703         116.263
            704         116.263
            705         116.263
            706         116.263
            707         116.263
            708         116.263
            709         116.263
            710         116.263
            711         116.263
            712         117.240
            713         117.240
            714         117.240
            715         117.240
            716         117.240
            717         117.240
            718         117.240
            719         117.240
            720         117.240
            721         117.240
            722         117.240
            723         117.240
            724         117.240
            725         117.240
            726         117.240
            727         117.240
            728         117.240
            729         117.240
            730         117.240
            731         117.240
            732         117.240
            733         117.240
            734         117.240
            735         117.240
            736         117.240
            737         117.240
            738         117.240
            739         117.240
            740         117.240
            741         118.217
            742         118.217
            743         118.217
            744         118.217
            745         118.217
            746         118.217
            747         118.217
            748         118.217
            749         118.217
            750         118.217
            751         118.217
            752         118.217
            753         118.217
            754         118.217
            755         118.217
            756         118.217
            757         118.217
            758         118.217
            759         118.217
            760         118.217
            761         118.217
            762         118.217
            763         118.217
            764         118.217
            765         118.217
            766         118.217
            767         118.217
            768         118.217
            769         118.217
            770         118.217
            771         118.217
            772         118.217
            773         118.217
            774         118.217
            775         118.217
            776         118.217
            777         118.217
            778         118.217
            779         118.217
            780         118.217
            781         118.217
            782         118.217
            783         118.217
            784         118.217
            785         118.217
            786         118.217
            787         118.217
            788         118.217
            789         118.217
            790         118.217
            791         118.217
            792         118.217
            793         118.217
            794         118.217
            795         118.217
            796         118.217
            797         118.217
            798         118.217
            799         118.217
            800         118.217
            801         118.217
            802         118.217
            803         118.217
            804         118.217
            805         118.217
            806         119.194
            807         119.194
            808         119.194
            809         119.194
            810         119.194
            811         119.194
            812         119.194
            813         119.194
            814         119.194
            815         119.194
            816         119.194
            817         119.194
            818         119.194
            819         119.194
            820         119.194
            821         119.194
            822         119.194
            823         119.194
            824         119.194
            825         119.194
            826         119.194
            827         119.194
            828         119.194
            829         119.194
            830         119.194
            831         119.194
            832         119.194
            833         119.194
            834         119.194
            835         119.194
            836         119.194
            837         119.194
            838         119.194
            839         119.194
            840         119.194
            841         119.194
            842         119.194
            843         119.194
            844         119.194
            845         119.194
            846         119.194
            847         119.194
            848         119.194
            849         119.194
            850         119.194
            851         119.194
            852         119.194
            853         119.194
            854         119.194
            855         119.194
            856         119.194
            857         119.194
            858         119.194
            859         119.194
            860         119.194
            861         119.194
            862         119.194
            863         119.194
            864         119.194
            865         119.194
            866         119.194
            867         119.194
            868         119.194
            869         119.194
            870         119.194
            871         119.194
            872         119.194
            873         119.194
            874         119.194
            875         119.194
            876         119.194
            877         119.194
            878         119.194
            879         119.194
            880         119.194
            881         119.194
            882         119.194
            883         119.194
            884         119.194
            885         119.194
            886         119.194
            887         119.194
            888         119.194
            889         119.194
            890         119.194
            891         119.194
            892         119.194
            893         119.194
            894         119.194
            895         119.194
            896         119.194
            897         119.194
            898         119.194
            899         119.194
            900         119.194
            901         119.194
            902         119.194
            903         119.194
            904         119.194
            905         119.194
            906         119.194
            907         119.194
            908         119.194
            909         119.194
            910         119.194
            911         119.194
            912         119.194
            913         119.194
            914         119.194
            915         119.194
            916         119.194
            917         119.194
            918         119.194
            919         119.194
            920         119.194
            921         119.194
            922         119.194
            923         119.194
            924         119.194
            925         119.194
            926         119.194
            927         119.194
            928         120.171
            929         120.171
            930         120.171
            931         120.171
            932         119.194
            933         119.194
            934         119.194
            935         119.194
            936         119.194
            937         119.194
            938         119.194
            939         119.194
            940         119.194
            941         119.194
            942         119.194
            943         119.194
            944         119.194
            945         119.194
            946         119.194
            947         119.194
            948         119.194
            949         119.194
            950         119.194
            951         119.194
            952         119.194
            953         119.194
            954         119.194
            955         119.194
            956         119.194
            957         119.194
            958         119.194
            959         119.194
            960         119.194
            961         119.194
            962         119.194
            963         119.194
            964         119.194
            965         119.194
            966         119.194
            967         119.194
            968         119.194
            969         119.194
            970         119.194
            971         119.194
            972         119.194
            973         119.194
            974         119.194
            975         119.194
            976         119.194
            977         119.194
            978         119.194
            979         119.194
            980         119.194
            981         119.194
            982         119.194
            983         119.194
            984         119.194
            985         119.194
            986         119.194
            987         119.194
            988         119.194
            989         119.194
            990         119.194
            991         119.194
            992         119.194
            993         119.194
            994         119.194
            995         119.194
            996         119.194
            997         119.194
            998         119.194
            999         119.194
           1000         119.194
           1001         119.194
           1002         119.194
           1003         119.194
           1004         119.194
           1005         119.194
           1006         119.194
           1007         119.194
           1008         119.194
           1009         119.194
           1010         119.194
           1011         119.194
           1012         119.194
           1013         119.194
           1014         119.194
           1015         119.194
           1016         119.194
           1017         119.194
           1018         119.194
           1019         119.194
           1020         119.194
           1021         119.194
           1022         119.194
           1023         119.194
           1024         119.194
           1025         119.194
           1026         119.194
           1027         119.194
           1028         119.194
           1029         119.194
           1030         119.194
           1031         119.194
           1032         119.194
           1033         119.194
           1034         119.194
           1035         119.194
           1036         119.194
           1037         119.194
           1038         119.194
           1039         119.194
           1040         119.194
           1041         119.194
           1042         119.194
           1043         119.194
           1044         119.194
           1045         119.194
           1046         119.194
           1047         120.171
           1048         120.171
           1049         120.171
           1050         120.171
           1051         120.171
           1052         120.171
           1053         120.171
           1054         120.171
           1055         120.171
           1056         120.171
           1057         120.171
           1058         120.171
           1059         120.171
           1060         120.171
           1061         120.171
           1062         120.171
           1063         120.171
           1064         120.171
           1065         120.171
           1066         120.171
           1067         120.171
           1068         120.171
           1069         120.171
           1070         120.171
           1071         120.171
           1072         120.171
           1073         120.171
           1074         120.171
           1075         120.171
           1076         120.171
           1077         120.171
           1078         120.171
           1079         120.171
           1080         120.171
           1081         120.171
           1082         120.171
           1083         120.171
           1084         120.171
           1085         120.171
           1086         120.171
           1087         120.171
           1088         120.171
           1089         120.171
           1090         120.171
           1091         120.171
           1092         120.171
           1093         120.171
           1094         120.171
           1095         120.171
           1096         120.171
           1097         120.171
           1098         120.171
           1099         120.171
           1100         120.171
           1101         120.171
           1102         120.171
           1103         120.171
           1104         120.171
           1105         121.148
           1106         121.148
           1107         121.148
           1108         121.148
           1109         121.148
           1110         121.148
           1111         121.148
           1112         121.148
           1113         121.148
           1114         121.148
           1115         121.148
           1116         121.148
           1117         121.148
           1118         121.148
           1119         121.148
           1120         121.148
           1121         121.148
           1122         121.148
           1123         121.148
           1124         121.148
           1125         121.148
           1126         121.148
           1127         121.148
           1128         121.148
           1129         121.148
           1130         121.148
           1131         121.148
           1132         121.148
           1133         121.148
           1134         121.148
           1135         121.148
           1136         121.148
           1137         121.148
           1138         121.148
           1139         121.148
           1140         121.148
           1141         121.148
           1142         121.148
           1143         121.148
           1144         121.148
           1145         121.148
           1146         121.148
           1147         121.148
           1148         121.148
           1149         121.148
           1150         121.148
           1151         121.148
           1152         121.148
           1153         121.148
           1154         121.148
           1155         121.148
           1156         121.148
           1157         121.148
           1158         121.148
           1159         121.148
           1160         121.148
           1161         121.148
           1162         121.148
           1163         121.148
           1164         121.148
           1165         121.148
           1166         121.148
           1167         121.148
           1168         121.148
           1169         121.148
           1170         121.148
           1171         121.148
           1172         121.148
           1173         121.148
           1174         121.148
           1175         121.148
           1176         121.148
           1177         121.148
           1178         121.148
           1179         121.148
           1180         121.148
           1181         121.148
           1182         121.148
           1183         121.148
           1184         121.148
           1185         121.148
           1186         121.148
           1187         121.148
           1188         121.148
           1189         121.148
           1190         121.148
           1191         121.148
           1192         121.148
           1193         121.148
           1194         121.148
           1195         121.148
           1196         121.148
           1197         121.148
           1198         121.148
           1199         121.148
           1200         121.148
           1201         121.148
           1202         121.148
           1203         121.148
           1204         121.148
           1205         121.148
           1206         121.148
           1207         122.125
           1208         122.125
           1209         122.125
           1210         122.125
           1211         122.125
           1212         122.125
           1213         122.125
           1214         122.125
           1215         122.125
           1216         122.125
           1217         122.125
           1218         122.125
           1219         122.125
           1220         122.125
           1221         122.125
           1222         122.125
           1223         122.125
           1224         122.125
           1225         122.125
           1226         122.125
           1227         122.125
           1228         122.125
           1229         122.125
           1230         122.125
           1231         122.125
           1232         122.125
           1233         122.125
           1234         122.125
           1235         122.125
           1236         122.125
           1237         122.125
           1238         122.125
           1239         122.125
           1240         122.125
           1241         122.125
           1242         122.125
           1243         122.125
           1244         122.125
           1245         122.125
           1246         122.125
           1247         122.125
           1248         122.125
           1249         122.125
           1250         122.125
           1251         122.125
           1252         122.125
           1253         122.125
           1254         122.125
           1255         122.125
           1256         122.125
           1257         122.125
           1258         122.125
           1259         122.125
           1260         122.125
           1261         122.125
           1262         122.125
           1263         122.125
           1264         122.125
           1265         122.125
           1266         122.125
           1267         122.125
           1268         122.125
           1269         122.125
           1270         122.125
           1271         122.125
           1272         122.125
           1273         122.125
           1274         122.125
           1275         122.125
           1276         122.125
           1277         122.125
           1278         122.125
           1279         122.125
           1280         122.125
           1281         122.125
           1282         122.125
           1283         122.125
           1284         122.125
           1285         122.125
           1286         122.125
           1287         122.125
           1288         122.125
           1289         122.125
           1290         122.125
           1291         122.125
           1292         122.125
           1293         122.125
           1294         122.125
           1295         122.125
           1296         122.125
           1297         122.125
           1298         122.125
           1299         122.125
           1300         122.125
           1301         122.125
           1302         122.125
           1303         122.125
           1304         122.125
           1305         122.125
           1306         122.125
           1307         122.125
           1308         122.125
           1309         122.125
           1310         122.125
           1311         123.102
           1312         123.102
           1313         123.102
           1314         123.102
           1315         123.102
           1316         123.102
           1317         123.102
           1318         123.102
           1319         123.102
           1320         123.102
           1321         123.102
           1322         123.102
           1323         123.102
           1324         123.102
           1325         123.102
           1326         123.102
           1327         123.102
           1328         123.102
           1329         123.102
           1330         123.102
           1331         123.102
           1332         123.102
           1333         123.102
           1334         123.102
           1335         123.102
           1336         123.102
           1337         123.102
           1338         123.102
           1339         123.102
           1340         123.102
           1341         123.102
           1342         123.102
           1343         123.102
           1344         123.102
           1345         123.102
           1346         123.102
           1347         123.102
           1348         123.102
           1349         123.102
           1350         123.102
           1351         123.102
           1352         123.102
           1353         123.102
           1354         123.102
           1355         123.102
           1356         123.102
           1357         123.102
           1358         123.102
           1359         123.102
           1360         123.102
           1361         123.102
           1362         123.102
           1363         123.102
           1364         123.102
           1365         123.102
           1366         123.102
           1367         123.102
           1368         123.102
           1369         123.102
           1370         123.102
           1371         123.102
           1372         123.102
           1373         123.102
           1374         123.102
           1375         123.102
           1376         123.102
           1377         123.102
           1378         123.102
           1379         123.102
           1380         123.102
           1381         123.102
           1382         123.102
           1383         123.102
           1384         123.102
           1385         123.102
           1386         123.102
           1387         123.102
           1388         123.102
           1389         123.102
           1390         123.102
           1391         123.102
           1392         123.102
           1393         123.102
           1394         123.102
           1395         123.102
           1396         123.102
           1397         123.102
           1398         123.102
           1399         123.102
           1400         123.102
           1401         123.102
           1402         123.102
           1403         123.102
           1404         123.102
           1405         123.102
           1406         123.102
           1407         123.102
           1408         123.102
           1409         123.102
           1410         123.102
           1411         123.102
           1412         123.102
           1413         123.102
           1414         123.102
           1415         123.102
           1416         123.102
           1417         123.102
           1418         123.102
           1419         123.102
           1420         124.079
           1421         124.079
           1422         124.079
           1423         124.079
           1424         124.079
           1425         124.079
           1426         124.079
           1427         124.079
           1428         124.079
           1429         124.079
           1430         124.079
           1431         124.079
           1432         124.079
           1433         124.079
           1434         124.079
           1435         124.079
           1436         124.079
           1437         124.079
           1438         124.079
           1439         124.079
           1440         124.079
           1441         124.079
           1442         124.079
           1443         124.079
           1444         124.079
           1445         124.079
           1446         124.079
           1447         124.079
           1448         124.079
           1449         124.079
           1450         124.079
           1451         124.079
           1452         124.079
           1453         124.079
           1454         124.079
           1455         124.079
           1456         124.079
           1457         123.102
           1458         123.102
           1459         123.102
           1460         123.102
           1461         123.102
           1462         123.102
           1463         123.102
           1464         123.102
           1465         123.102
           1466         123.102
           1467         123.102
           1468         123.102
           1469         123.102
           1470         123.102
           1471         123.102
           1472         123.102
           1473         123.102
           1474         123.102
           1475         123.102
           1476         123.102
           1477         123.102
           1478         123.102
           1479         123.102
           1480         123.102
           1481         123.102
           1482         123.102
           1483         123.102
           1484         123.102
           1485         123.102
           1486         123.102
           1487         123.102
           1488         123.102
           1489         123.102
           1490         123.102
           1491         123.102
           1492         123.102
           1493         123.102
           1494         123.102
           1495         123.102
           1496         123.102
           1497         124.079
           1498         124.079
           1499         124.079
           1500         124.079
           1501         124.079
           1502         124.079
           1503         124.079
           1504         124.079
           1505         124.079
           1506         124.079
           1507         124.079
           1508         124.079
           1509         124.079
           1510         124.079
           1511         124.079
           1512         124.079
           1513         124.079
           1514         124.079
           1515         124.079
           1516         124.079
           1517         124.079
           1518         124.079
           1519         124.079
           1520         124.079
           1521         124.079
           1522         124.079
           1523         124.079
           1524         124.079
           1525         124.079
           1526         124.079
           1527         124.079
           1528         124.079
           1529         124.079
           1530         124.079
           1531         124.079
           1532         124.079
           1533         124.079
           1534         124.079
           1535         124.079
           1536         124.079
           1537         124.079
           1538         125.056
           1539         125.056
           1540         125.056
           1541         125.056
           1542         125.056
           1543         125.056
           1544         125.056
           1545         125.056
           1546         125.056
           1547         125.056
           1548         125.056
           1549         125.056
           1550         125.056
           1551         125.056
           1552         125.056
           1553         125.056
           1554         125.056
           1555         125.056
           1556         125.056
           1557         125.056
           1558         125.056
           1559         125.056
           1560         125.056
           1561         125.056
           1562         125.056
           1563         125.056
           1564         125.056
           1565         125.056
           1566         125.056
           1567         125.056
           1568         125.056
           1569         125.056
           1570         125.056
           1571         125.056
           1572         125.056
           1573         125.056
           1574         125.056
           1575         125.056
           1576         125.056
           1577         125.056
           1578         125.056
           1579         125.056
           1580         125.056
           1581         125.056
           1582         125.056
           1583         125.056
           1584         125.056
           1585         125.056
           1586         125.056
           1587         125.056
           1588         125.056
           1589         125.056
           1590         125.056
           1591         125.056
           1592         125.056
           1593         125.056
           1594         125.056
           1595         125.056
           1596         125.056
           1597         125.056
           1598         125.056
           1599         125.056
           1600         125.056
           1601         125.056
           1602         125.056
           1603         125.056
           1604         125.056
           1605         125.056
           1606         125.056
           1607         125.056
           1608         125.056
           1609         125.056
           1610         125.056
           1611         125.056
           1612         125.056
           1613         125.056
           1614         125.056
           1615         125.056
           1616         125.056
           1617         125.056
           1618         125.056
           1619         125.056
           1620         125.056
           1621         125.056
           1622         125.056
           1623         125.056
           1624         125.056
           1625         125.056
           1626         125.056
           1627         125.056
           1628         125.056
           1629         125.056
           1630         125.056
           1631         125.056
           1632         125.056
           1633         125.056
           1634         125.056
           1635         125.056
           1636         125.056
           1637         125.056
           1638         125.056
           1639         125.056
           1640         125.056
           1641         125.056
           1642         125.056
           1643         125.056
           1644         125.056
           1645         125.056
           1646         125.056
           1647         125.056
           1648         125.056
           1649         125.056
           1650         125.056
           1651         125.056
           1652         125.056
           1653         125.056
           1654         125.056
           1655         125.056
           1656         125.056
           1657         125.056
           1658         125.056
           1659         125.056
           1660         125.056
           1661         125.056
           1662         125.056
           1663         125.056
           1664         125.056
           1665         125.056
           1666         125.056
           1667         125.056
           1668         125.056
           1669         125.056
           1670         125.056
           1671         125.056
           1672         125.056
           1673         125.056
           1674         125.056
           1675         125.056
           1676         125.056
           1677         125.056
           1678         125.056
           1679         125.056
           1680         125.056
           1681         125.056
           1682         125.056
           1683         125.056
           1684         125.056
           1685         125.056
           1686         125.056
           1687         125.056
           1688         125.056
           1689         125.056
           1690         125.056
           1691         125.056
           1692         125.056
           1693         125.056
           1694         125.056
           1695         125.056
           1696         125.056
           1697         125.056
           1698         125.056
           1699         125.056
           1700         125.056
           1701         125.056
           1702         125.056
           1703         125.056
           1704         125.056
           1705         125.056
           1706         125.056
           1707         125.056
           1708         125.056
           1709         125.056
           1710         125.056
           1711         125.056
           1712         125.056
           1713         125.056
           1714         125.056
           1715         125.056
           1716         125.056
           1717         125.056
           1718         125.056
           1719         125.056
           1720         125.056
           1721         125.056
           1722         125.056
           1723         125.056
           1724         125.056
           1725         125.056
           1726         125.056
           1727         125.056
           1728         125.056
           1729         125.056
           1730         125.056
           1731         125.056
           1732         125.056
           1733         125.056
           1734         125.056
           1735         125.056
           1736         125.056
           1737         125.056
           1738         125.056
           1739         125.056
           1740         125.056
           1741         125.056
           1742         125.056
           1743         125.056
           1744         125.056
           1745         125.056
           1746         125.056
           1747         125.056
           1748         125.056
           1749         125.056
           1750         125.056
           1751         125.056
           1752         125.056
           1753         125.056
           1754         125.056
           1755         125.056
           1756         125.056
           1757         125.056
           1758         125.056
           1759         125.056
           1760         125.056
           1761         125.056
           1762         125.056
           1763         125.056
           1764         125.056
           1765         125.056
           1766         125.056
           1767         125.056
           1768         125.056
           1769         125.056
           1770         126.033
           1771         126.033
           1772         126.033
           1773         126.033
           1774         126.033
           1775         126.033
           1776         126.033
           1777         126.033
           1778         126.033
           1779         126.033
           1780         126.033
           1781         126.033
           1782         126.033
           1783         126.033
           1784         126.033
           1785         126.033
           1786         126.033
           1787         126.033
           1788         126.033
           1789         126.033
           1790         126.033
           1791         126.033
           1792         126.033
           1793         126.033
           1794         126.033
           1795         126.033
           1796         126.033
           1797         126.033
           1798         126.033
           1799         126.033
           1800         126.033
           1801         126.033
           1802         126.033
           1803         126.033
           1804         126.033
           1805         126.033
           1806         126.033
           1807         126.033
           1808         126.033
           1809         126.033
           1810         126.033
           1811         126.033
           1812         126.033
           1813         126.033
           1814         126.033
           1815         126.033
           1816         126.033
           1817         126.033
           1818         126.033
           1819         126.033
           1820         126.033
           1821         126.033
           1822         126.033
           1823         126.033
           1824         126.033
           1825         126.033
           1826         127.010
           1827         127.010
           1828         127.010
           1829         127.010
           1830         127.010
           1831         127.010
           1832         127.010
           1833         127.010
           1834         127.010
           1835         127.010
           1836         127.010
           1837         127.010
           1838         127.010
           1839         127.010
           1840         127.010
           1841         127.010
           1842         127.010
           1843         127.010
           1844         127.010
           1845         127.010
           1846         127.010
           1847         127.010
           1848         127.010
           1849         127.010
           1850         127.010
           1851         127.010
           1852         127.010
           1853         127.010
           1854         127.010
           1855         127.010
           1856         127.010
           1857         127.010
           1858         127.010
           1859         127.010
           1860         127.010
           1861         127.010
           1862         127.010
           1863         127.010
           1864         127.010
           1865         127.010
           1866         127.010
           1867         127.010
           1868         127.010
           1869         127.010
           1870         127.010
           1871         127.010
           1872         126.033
           1873         126.033
           1874         126.033
           1875         126.033
           1876         126.033
           1877         126.033
           1878         126.033
           1879         126.033
           1880         126.033
           1881         126.033
           1882         126.033
           1883         126.033
           1884         126.033
           1885         126.033
           1886         126.033
           1887         126.033
           1888         126.033
           1889         127.010
           1890         127.010
           1891         127.010
           1892         127.010
           1893         127.010
           1894         127.010
           1895         127.010
           1896         127.010
           1897         127.010
           1898         127.010
           1899         127.010
           1900         127.010
           1901         127.010
           1902         127.010
           1903         127.010
           1904         127.010
           1905         127.010
           1906         127.010
           1907         127.010
           1908         127.010
           1909         127.010
           1910         127.010
           1911         127.010
           1912         127.010
           1913         127.010
           1914         127.010
           1915         127.010
           1916         127.010
           1917         127.010
           1918         127.010
           1919         127.010
           1920         127.010
           1921         127.010
           1922         127.010
           1923         127.010
           1924         127.010
           1925         127.010
           1926         127.010
           1927         127.010
           1928         127.010
           1929         127.010
           1930         127.010
           1931         127.010
           1932         127.010
           1933         127.010
           1934         127.010
           1935         127.010
           1936         127.010
           1937         127.010
           1938         127.010
           1939         127.010
           1940         127.010
           1941         127.010
           1942         127.010
           1943         127.010
           1944         127.010
           1945         127.010
           1946         127.010
           1947         127.010
           1948         127.010
           1949         127.010
           1950         127.010
           1951         127.010
           1952         127.010
           1953         127.010
           1954         127.010
           1955         127.987
           1956         127.987
           1957         127.987
           1958         127.987
           1959         127.987
           1960         127.987
           1961         127.987
           1962         127.987
           1963         127.987
           1964         127.987
           1965         127.987
           1966         127.987
           1967         127.987
           1968         127.987
           1969         127.987
           1970         127.987
           1971         127.987
           1972         127.987
           1973         127.987
           1974         127.987
           1975         127.987
           1976         127.987
           1977         127.987
           1978         127.987
           1979         127.987
           1980         127.987
           1981         127.987
           1982         127.987
           1983         127.987
           1984         127.987
           1985         127.987
           1986         127.987
           1987         127.987
           1988         127.987
           1989         127.987
           1990         127.987
           1991         127.987
           1992         127.987
           1993         127.987
           1994         128.964
           1995         128.964
           1996         128.964
           1997         128.964
           1998         128.964
           1999         128.964
           2000         128.964
           2001         128.964
           2002         128.964
           2003         128.964
           2004         128.964
           2005         128.964
           2006         128.964
           2007         128.964
           2008         128.964
           2009         128.964
           2010         128.964
           2011         128.964
           2012         128.964
           2013         128.964
           2014         128.964
           2015         128.964
           2016         128.964
           2017         128.964
           2018         128.964
           2019         128.964
           2020         128.964
           2021         128.964
           2022         128.964
           2023         128.964
           2024         128.964
           2025         128.964
           2026         128.964
           2027         128.964
           2028         128.964
           2029         128.964
           2030         129.941
           2031         129.941
           2032         129.941
           2033         129.941
           2034         129.941
           2035         129.941
           2036         129.941
           2037         129.941
           2038         129.941
           2039         129.941
           2040         129.941
           2041         129.941
           2042         129.941
           2043         129.941
           2044         129.941
           2045         129.941
           2046         129.941
           2047         129.941
           2048         129.941
           2049         129.941
           2050         129.941
           2051         129.941
           2052         129.941
           2053         129.941
           2054         129.941
           2055         129.941
           2056         130.918
           2057         130.918
           2058         130.918
           2059         130.918
           2060         130.918
           2061         130.918
           2062         130.918
           2063         130.918
           2064         130.918
           2065         130.918
           2066         130.918
           2067         130.918
           2068         130.918
           2069         130.918
           2070         130.918
           2071         130.918
           2072         130.918
           2073         130.918
           2074         130.918
           2075         130.918
           2076         130.918
           2077         130.918
           2078         130.918
           2079         130.918
           2080         130.918
           2081         130.918
           2082         130.918
           2083         130.918
           2084         130.918
           2085         130.918
           2086         131.895
           2087         131.895
           2088         131.895
           2089         131.895
           2090         131.895
           2091         131.895
           2092         131.895
           2093         131.895
           2094         131.895
           2095         131.895
           2096         131.895
           2097         131.895
           2098         131.895
           2099         131.895
           2100         131.895
           2101         131.895
           2102         131.895
           2103         131.895
           2104         131.895
           2105         131.895
           2106         131.895
           2107         131.895
           2108         131.895
           2109         131.895
           2110         132.872
           2111         132.872
           2112         132.872
           2113         132.872
           2114         132.872
           2115         132.872
           2116         132.872
           2117         132.872
           2118         132.872
           2119         132.872
           2120         132.872
           2121         132.872
           2122         132.872
           2123         132.872
           2124         132.872
           2125         132.872
           2126         132.872
           2127         132.872
           2128         132.872
           2129         132.872
           2130         132.872
           2131         132.872
           2132         132.872
           2133         132.872
           2134         132.872
           2135         132.872
           2136         132.872
           2137         132.872
           2138         132.872
           2139         132.872
           2140         132.872
           2141         132.872
           2142         132.872
           2143         132.872
           2144         132.872
           2145         132.872
           2146         132.872
           2147         132.872
           2148         132.872
           2149         132.872
           2150         132.872
           2151         132.872
           2152         132.872
           2153         132.872
           2154         132.872
           2155         132.872
           2156         133.849
           2157         133.849
           2158         133.849
           2159         133.849
           2160         133.849
           2161         133.849
           2162         133.849
           2163         133.849
           2164         133.849
           2165         133.849
           2166         133.849
           2167         133.849
           2168         133.849
           2169         133.849
           2170         133.849
           2171         133.849
           2172         133.849
           2173         133.849
           2174         133.849
           2175         133.849
           2176         133.849
           2177         133.849
           2178         133.849
           2179         134.826
           2180         134.826
           2181         134.826
           2182         134.826
           2183         134.826
           2184         134.826
           2185         134.826
           2186         134.826
           2187         134.826
           2188         134.826
           2189         134.826
           2190         134.826
           2191         134.826
           2192         134.826
           2193         135.803
           2194         135.803
           2195         135.803
           2196         135.803
           2197         135.803
           2198         136.780
           2199         136.780
           2200         136.780
           2201         136.780
           2202         136.780
           2203         136.780
           2204         136.780
           2205         136.780
           2206         136.780
           2207         135.803
           2208         135.803
           2209         135.803
           2210         135.803
           2211         135.803
           2212         135.803
           2213         135.803
           2214         135.803
           2215         135.803
           2216         135.803
           2217         135.803
           2218         135.803
           2219         135.803
           2220         135.803
           2221         135.803
           2222         135.803
           2223         135.803
           2224         135.803
           2225         135.803
           2226         135.803
           2227         135.803
           2228         135.803
           2229         135.803
           2230         135.803
           2231         135.803
           2232         135.803
           2233         135.803
           2234         135.803
           2235         135.803
           2236         135.803
           2237         135.803
           2238         135.803
           2239         135.803
           2240         135.803
           2241         135.803
           2242         135.803
           2243         135.803
           2244         135.803
           2245         135.803
           2246         135.803
           2247         135.803
           2248         136.780
           2249         136.780
           2250         136.780
           2251         136.780
           2252         136.780
           2253         136.780
           2254         136.780
           2255         136.780
           2256         136.780
           2257         136.780
           2258         136.780
           2259         136.780
           2260         136.780
           2261         136.780
           2262         136.780
           2263         136.780
           2264         136.780
           2265         135.803
           2266         135.803
           2267         135.803
           2268         135.803
           2269         135.803
           2270         135.803
           2271         135.803
           2272         135.803
           2273         135.803
           2274         135.803
           2275         135.803
           2276         135.803
           2277         135.803
           2278         135.803
           2279         135.803
           2280         136.780
           2281         136.780
           2282         136.780
           2283         136.780
           2284         136.780
           2285         136.780
           2286         136.780
           2287         136.780
           2288         136.780
           2289         136.780
           2290         136.780
           2291         136.780
           2292         136.780
           2293         136.780
           2294         136.780
           2295         136.780
           2296         136.780
           2297         136.780
           2298         136.780
           2299         136.780
           2300         136.780
           2301         136.780
           2302         136.780
           2303         136.780
           2304         136.780
           2305         136.780
           2306         136.780
           2307         136.780
           2308         136.780
           2309         137.757
           2310         137.757
           2311         137.757
           2312         137.757
           2313         137.757
           2314         137.757
           2315         137.757
           2316         137.757
           2317         137.757
           2318         137.757
           2319         137.757
           2320         137.757
           2321         137.757
           2322         137.757
           2323         137.757
           2324         137.757
           2325         137.757
           2326         137.757
           2327         137.757
           2328         137.757
           2329         138.734
           2330         138.734
           2331         138.734
           2332         138.734
           2333         138.734
           2334         138.734
           2335         138.734
           2336         138.734
           2337         138.734
           2338         138.734
           2339         138.734
           2340         138.734
           2341         138.734
           2342         138.734
           2343         138.734
           2344         138.734
           2345         138.734
           2346         138.734
           2347         138.734
           2348         138.734
           2349         138.734
           2350         138.734
           2351         138.734
           2352         138.734
           2353         138.734
           2354         138.734
           2355         138.734
           2356         138.734
           2357         138.734
           2358         138.734
           2359         138.734
           2360         138.734
           2361         138.734
           2362         138.734
           2363         138.734
           2364         138.734
           2365         138.734
           2366         138.734
           2367         138.734
           2368         138.734
           2369         138.734
           2370         138.734
           2371         138.734
           2372         138.734
           2373         138.734
           2374         138.734
           2375         138.734
           2376         138.734
           2377         138.734
           2378         138.734
           2379         138.734
           2380         138.734
           2381         138.734
           2382         138.734
           2383         139.711
           2384         139.711
           2385         139.711
           2386         139.711
           2387         139.711
           2388         139.711
           2389         139.711
           2390         139.711
           2391         139.711
           2392         139.711
           2393         139.711
           2394         139.711
           2395         139.711
           2396         139.711
           2397         139.711
           2398         139.711
           2399         139.711
           2400         139.711
           2401         139.711
           2402         139.711
           2403         139.711
           2404         139.711
           2405         139.711
           2406         139.711
           2407         139.711
           2408         139.711
           2409         139.711
           2410         139.711
           2411         139.711
           2412         139.711
           2413         139.711
           2414         139.711
           2415         139.711
           2416         139.711
           2417         139.711
           2418         139.711
           2419         139.711
           2420         139.711
           2421         139.711
           2422         139.711
           2423         139.711
           2424         139.711
           2425         139.711
           2426         139.711
           2427         139.711
           2428         139.711
           2429         139.711
           2430         139.711
           2431         139.711
           2432         139.711
           2433         139.711
           2434         139.711
           2435         140.688
           2436         140.688
           2437         140.688
           2438         140.688
           2439         140.688
           2440         140.688
           2441         140.688
           2442         140.688
           2443         140.688
           2444         140.688
           2445         140.688
           2446         140.688
           2447         140.688
           2448         140.688
           2449         140.688
           2450         140.688
           2451         140.688
           2452         140.688
           2453         140.688
           2454         140.688
           2455         140.688
           2456         140.688
           2457         140.688
           2458         140.688
           2459         140.688
           2460         140.688
           2461         140.688
           2462         140.688
           2463         140.688
           2464         140.688
           2465         140.688
           2466         140.688
           2467         140.688
           2468         140.688
           2469         140.688
           2470         140.688
           2471         140.688
           2472         140.688
           2473         140.688
           2474         140.688
           2475         140.688
           2476         140.688
           2477         140.688
           2478         140.688
           2479         140.688
           2480         140.688
           2481         141.665
           2482         141.665
           2483         141.665
           2484         141.665
           2485         141.665
           2486         141.665
           2487         141.665
           2488         141.665
           2489         141.665
           2490         141.665
           2491         141.665
           2492         141.665
           2493         141.665
           2494         141.665
           2495         141.665
           2496         141.665
           2497         141.665
           2498         141.665
           2499         141.665
           2500         141.665
           2501         141.665
           2502         141.665
           2503         141.665
           2504         141.665
           2505         141.665
           2506         141.665
           2507         141.665
           2508         141.665
           2509         141.665
           2510         141.665
           2511         141.665
           2512         141.665
           2513         141.665
           2514         141.665
           2515         141.665
           2516         141.665
           2517         141.665
           2518         141.665
           2519         141.665
           2520         141.665
           2521         141.665
           2522         141.665
           2523         141.665
           2524         141.665
           2525         141.665
           2526         141.665
           2527         141.665
           2528         141.665
           2529         141.665
           2530         142.642
           2531         142.642
           2532         142.642
           2533         142.642
           2534         142.642
           2535         142.642
           2536         142.642
           2537         142.642
           2538         142.642
           2539         142.642
           2540         142.642
           2541         142.642
           2542         142.642
           2543         142.642
           2544         142.642
           2545         142.642
           2546         142.642
           2547         142.642
           2548         142.642
           2549         142.642
           2550         142.642
           2551         142.642
           2552         142.642
           2553         142.642
           2554         142.642
           2555         142.642
           2556         142.642
           2557         142.642
           2558         142.642
           2559         142.642
           2560         142.642
           2561         142.642
           2562         142.642
           2563         142.642
           2564         142.642
           2565         142.642
           2566         142.642
           2567         142.642
           2568         142.642
           2569         142.642
           2570         142.642
           2571         142.642
           2572         142.642
           2573         142.642
           2574         142.642
           2575         142.642
           2576         142.642
           2577         142.642
           2578         142.642
           2579         142.642
           2580         142.642
           2581         142.642
           2582         142.642
           2583         142.642
           2584         143.619
           2585         143.619
           2586         143.619
           2587         143.619
           2588         143.619
           2589         143.619
           2590         143.619
           2591         143.619
           2592         143.619
           2593         143.619
           2594         143.619
           2595         143.619
           2596         143.619
           2597         143.619
           2598         143.619
           2599         143.619
           2600         143.619
           2601         143.619
           2602         143.619
           2603         143.619
           2604         143.619
           2605         143.619
           2606         143.619
           2607         143.619
           2608         143.619
           2609         143.619
           2610         143.619
           2611         143.619
           2612         143.619
           2613         143.619
           2614         143.619
           2615         143.619
           2616         143.619
           2617         143.619
           2618         143.619
           2619         143.619
           2620         143.619
           2621         143.619
           2622         143.619
           2623         143.619
           2624         143.619
           2625         143.619
           2626         143.619
           2627         143.619
           2628         143.619
           2629         143.619
           2630         143.619
           2631         143.619
           2632         143.619
           2633         143.619
           2634         143.619
           2635         143.619
           2636         143.619
           2637         143.619
           2638         143.619
           2639         143.619
           2640         143.619
           2641         143.619
           2642         143.619
           2643         143.619
           2644         143.619
           2645         143.619
           2646         143.619
           2647         143.619
           2648         143.619
           2649         144.596
           2650         144.596
           2651         144.596
           2652         144.596
           2653         144.596
           2654         144.596
           2655         144.596
           2656         144.596
           2657         144.596
           2658         144.596
           2659         144.596
           2660         144.596
           2661         144.596
           2662         144.596
           2663         144.596
           2664         144.596
           2665         144.596
           2666         144.596
           2667         144.596
           2668         144.596
           2669         144.596
           2670         144.596
           2671         144.596
           2672         144.596
           2673         144.596
           2674         144.596
           2675         144.596
           2676         145.573
           2677         145.573
           2678         145.573
           2679         145.573
           2680         145.573
           2681         145.573
           2682         145.573
           2683         145.573
           2684         145.573
           2685         145.573
           2686         145.573
           2687         145.573
           2688         145.573
           2689         145.573
           2690         145.573
           2691         145.573
           2692         145.573
           2693         145.573
           2694         145.573
           2695         145.573
           2696         145.573
           2697         145.573
           2698         145.573
           2699         145.573
           2700         145.573
           2701         145.573
           2702         145.573
           2703         145.573
           2704         145.573
           2705         145.573
           2706         145.573
           2707         145.573
           2708         145.573
           2709         145.573
           2710         145.573
           2711         145.573
           2712         145.573
           2713         145.573
           2714         145.573
           2715         145.573
           2716         146.550
           2717         146.550
           2718         146.550
           2719         146.550
           2720         146.550
           2721         146.550
           2722         146.550
           2723         146.550
           2724         146.550
           2725         146.550
           2726         146.550
           2727         146.550
           2728         146.550
           2729         146.550
           2730         146.550
           2731         146.550
           2732         146.550
           2733         146.550
           2734         146.550
           2735         146.550
           2736         146.550
           2737         146.550
           2738         146.550
           2739         146.550
           2740         146.550
           2741         146.550
           2742         146.550
           2743         146.550
           2744         146.550
           2745         146.550
           2746         146.550
           2747         146.550
           2748         146.550
           2749         146.550
           2750         146.550
           2751         146.550
           2752         146.550
           2753         146.550
           2754         146.550
           2755         146.550
           2756         146.550
           2757         146.550
           2758         146.550
           2759         146.550
           2760         146.550
           2761         146.550
           2762         147.527
           2763         147.527
           2764         147.527
           2765         147.527
           2766         147.527
           2767         147.527
           2768         147.527
           2769         147.527
           2770         147.527
           2771         147.527
           2772         147.527
           2773         147.527
           2774         147.527
           2775         147.527
           2776         147.527
           2777         147.527
           2778         147.527
           2779         147.527
           2780         148.504
           2781         148.504
           2782         148.504
           2783         148.504
           2784         148.504
           2785         148.504
           2786         148.504
           2787         148.504
           2788         148.504
           2789         148.504
           2790         148.504
           2791         148.504
           2792         148.504
           2793         148.504
           2794         148.504
           2795         148.504
           2796         148.504
           2797         148.504
           2798         148.504
           2799         148.504
           2800         148.504
           2801         148.504
           2802         148.504
           2803         148.504
           2804         148.504
           2805         148.504
           2806         148.504
           2807         148.504
           2808         148.504
           2809         148.504
           2810         148.504
           2811         148.504
           2812         148.504
           2813         148.504
           2814         148.504
           2815         148.504
           2816         148.504
           2817         148.504
           2818         148.504
           2819         148.504
           2820         148.504
           2821         148.504
           2822         148.504
           2823         148.504
           2824         148.504
           2825         148.504
           2826         148.504
           2827         148.504
           2828         148.504
           2829         148.504
