TRACENO
              1         200.285
              2         200.285
              3         200.285
              4         200.285
              5         200.285
              6         200.285
              7         200.285
              8         200.285
              9         200.285
             10         200.285
             11         200.285
             12         200.285
             13         200.285
             14         200.285
             15         200.285
             16         200.285
             17         200.285
             18         200.285
             19         200.285
             20         200.285
             21         200.285
             22         200.285
             23         200.285
             24         200.285
             25         200.285
             26         200.285
             27         200.285
             28         200.285
             29         200.285
             30         200.285
             31         200.285
             32         200.285
             33         200.285
             34         200.285
             35         200.285
             36         200.285
             37         199.308
             38         199.308
             39         200.285
             40         200.285
             41         200.285
             42         200.285
             43         200.285
             44         200.285
             45         200.285
             46         200.285
             47         200.285
             48         200.285
             49         200.285
             50         200.285
             51         200.285
             52         200.285
             53         200.285
             54         200.285
             55         200.285
             56         200.285
             57         200.285
             58         200.285
             59         200.285
             60         200.285
             61         200.285
             62         200.285
             63         200.285
             64         200.285
             65         200.285
             66         200.285
             67         200.285
             68         200.285
             69         199.308
             70         199.308
             71         199.308
             72         199.308
             73         199.308
             74         199.308
             75         199.308
             76         199.308
             77         199.308
             78         199.308
             79         199.308
             80         199.308
             81         199.308
             82         199.308
             83         199.308
             84         199.308
             85         199.308
             86         199.308
             87         199.308
             88         199.308
             89         199.308
             90         199.308
             91         199.308
             92         199.308
             93         199.308
             94         199.308
             95         199.308
             96         199.308
             97         199.308
             98         199.308
             99         199.308
            100         198.331
            101         198.331
            102         198.331
            103         198.331
            104         198.331
            105         198.331
            106         198.331
            107         198.331
            108         198.331
            109         198.331
            110         198.331
            111         198.331
            112         198.331
            113         198.331
            114         198.331
            115         198.331
            116         198.331
            117         198.331
            118         198.331
            119         198.331
            120         198.331
            121         198.331
            122         198.331
            123         198.331
            124         198.331
            125         198.331
            126         198.331
            127         198.331
            128         198.331
            129         198.331
            130         198.331
            131         198.331
            132         198.331
            133         198.331
            134         198.331
            135         198.331
            136         198.331
            137         198.331
            138         198.331
            139         198.331
            140         198.331
            141         198.331
            142         198.331
            143         198.331
            144         198.331
            145         198.331
            146         198.331
            147         198.331
            148         198.331
            149         198.331
            150         198.331
            151         198.331
            152         198.331
            153         198.331
            154         198.331
            155         198.331
            156         198.331
            157         198.331
            158         198.331
            159         198.331
            160         198.331
            161         199.308
            162         199.308
            163         199.308
            164         199.308
            165         199.308
            166         199.308
            167         199.308
            168         199.308
            169         199.308
            170         198.331
            171         198.331
            172         198.331
            173         198.331
            174         198.331
            175         198.331
            176         198.331
            177         198.331
            178         198.331
            179         198.331
            180         198.331
            181         198.331
            182         198.331
            183         198.331
            184         198.331
            185         198.331
            186         198.331
            187         198.331
            188         198.331
            189         198.331
            190         198.331
            191         198.331
            192         198.331
            193         198.331
            194         198.331
            195         198.331
            196         198.331
            197         198.331
            198         198.331
            199         198.331
            200         198.331
            201         198.331
            202         198.331
            203         198.331
            204         198.331
            205         198.331
            206         198.331
            207         198.331
            208         198.331
            209         198.331
            210         198.331
            211         198.331
            212         198.331
            213         198.331
            214         198.331
            215         198.331
            216         198.331
            217         198.331
            218         198.331
            219         198.331
            220         198.331
            221         198.331
            222         198.331
            223         198.331
            224         198.331
            225         198.331
            226         198.331
            227         198.331
            228         198.331
            229         198.331
            230         198.331
            231         198.331
            232         198.331
            233         198.331
            234         198.331
            235         198.331
            236         198.331
            237         198.331
            238         198.331
            239         199.308
            240         199.308
            241         199.308
            242         199.308
            243         199.308
            244         199.308
            245         199.308
            246         199.308
            247         199.308
            248         199.308
            249         199.308
            250         199.308
            251         199.308
            252         199.308
            253         199.308
            254         199.308
            255         199.308
            256         199.308
            257         199.308
            258         199.308
            259         199.308
            260         199.308
            261         199.308
            262         199.308
            263         199.308
            264         199.308
            265         199.308
            266         199.308
            267         199.308
            268         199.308
            269         199.308
            270         199.308
            271         199.308
            272         199.308
            273         199.308
            274         199.308
            275         199.308
            276         199.308
            277         199.308
            278         199.308
            279         199.308
            280         199.308
            281         199.308
            282         199.308
            283         199.308
            284         199.308
            285         199.308
            286         199.308
            287         199.308
            288         199.308
            289         199.308
            290         199.308
            291         199.308
            292         199.308
            293         199.308
            294         199.308
            295         199.308
            296         199.308
            297         199.308
            298         199.308
            299         199.308
            300         199.308
            301         199.308
            302         199.308
            303         199.308
            304         199.308
            305         199.308
            306         199.308
            307         199.308
            308         199.308
            309         199.308
            310         199.308
            311         199.308
            312         199.308
            313         199.308
            314         199.308
            315         199.308
            316         199.308
            317         199.308
            318         199.308
            319         199.308
            320         199.308
            321         199.308
            322         199.308
            323         199.308
            324         199.308
            325         199.308
            326         199.308
            327         199.308
            328         199.308
            329         199.308
            330         199.308
            331         199.308
            332         199.308
            333         199.308
            334         199.308
            335         199.308
            336         199.308
            337         199.308
            338         199.308
            339         199.308
            340         199.308
            341         199.308
            342         199.308
            343         199.308
            344         199.308
            345         199.308
            346         199.308
            347         199.308
            348         199.308
            349         199.308
            350         199.308
            351         199.308
            352         199.308
            353         199.308
            354         199.308
            355         199.308
            356         199.308
            357         199.308
            358         199.308
            359         199.308
            360         199.308
            361         199.308
            362         199.308
            363         199.308
            364         199.308
            365         199.308
            366         199.308
            367         199.308
            368         199.308
            369         199.308
            370         199.308
            371         199.308
            372         199.308
            373         199.308
            374         199.308
            375         199.308
            376         199.308
            377         199.308
            378         199.308
            379         199.308
            380         199.308
            381         199.308
            382         199.308
            383         199.308
            384         199.308
            385         199.308
            386         199.308
            387         199.308
            388         199.308
            389         199.308
            390         199.308
            391         199.308
            392         199.308
            393         199.308
            394         199.308
            395         199.308
            396         199.308
            397         199.308
            398         199.308
            399         199.308
            400         199.308
            401         199.308
            402         199.308
            403         199.308
            404         199.308
            405         199.308
            406         199.308
            407         199.308
            408         199.308
            409         199.308
            410         199.308
            411         199.308
            412         199.308
            413         199.308
            414         199.308
            415         199.308
            416         199.308
            417         199.308
            418         199.308
            419         199.308
            420         199.308
            421         199.308
            422         199.308
            423         199.308
            424         199.308
            425         199.308
            426         199.308
            427         199.308
            428         199.308
            429         199.308
            430         199.308
            431         199.308
            432         199.308
            433         199.308
            434         199.308
            435         199.308
            436         199.308
            437         199.308
            438         199.308
            439         199.308
            440         199.308
            441         199.308
            442         199.308
            443         199.308
            444         199.308
            445         199.308
            446         199.308
            447         199.308
            448         199.308
            449         199.308
            450         199.308
            451         199.308
            452         199.308
            453         199.308
            454         199.308
            455         199.308
            456         199.308
            457         199.308
            458         199.308
            459         199.308
            460         199.308
            461         199.308
            462         199.308
            463         199.308
            464         199.308
            465         199.308
            466         199.308
            467         199.308
            468         199.308
            469         199.308
            470         199.308
            471         199.308
            472         199.308
            473         199.308
            474         199.308
            475         199.308
            476         199.308
            477         199.308
            478         199.308
            479         199.308
            480         199.308
            481         199.308
            482         199.308
            483         199.308
            484         199.308
            485         199.308
            486         199.308
            487         199.308
            488         199.308
            489         199.308
            490         199.308
            491         199.308
            492         199.308
            493         199.308
            494         199.308
            495         199.308
            496         199.308
            497         199.308
            498         199.308
            499         199.308
            500         199.308
            501         199.308
            502         199.308
            503         199.308
            504         199.308
            505         199.308
            506         199.308
            507         199.308
            508         199.308
            509         199.308
            510         199.308
            511         199.308
            512         200.285
            513         200.285
            514         200.285
            515         200.285
            516         200.285
            517         200.285
            518         200.285
            519         200.285
            520         200.285
            521         200.285
            522         200.285
            523         200.285
            524         200.285
            525         200.285
            526         200.285
            527         200.285
            528         200.285
            529         200.285
            530         200.285
            531         200.285
            532         200.285
            533         200.285
            534         200.285
            535         200.285
            536         200.285
            537         200.285
            538         200.285
            539         200.285
            540         200.285
            541         200.285
            542         199.308
            543         199.308
            544         199.308
            545         199.308
            546         199.308
            547         199.308
            548         199.308
            549         199.308
            550         199.308
            551         199.308
            552         199.308
            553         199.308
            554         199.308
            555         199.308
            556         199.308
            557         199.308
            558         199.308
            559         198.331
            560         198.331
            561         198.331
            562         198.331
            563         198.331
            564         198.331
            565         198.331
            566         198.331
            567         198.331
            568         198.331
            569         198.331
            570         198.331
            571         198.331
            572         198.331
            573         198.331
            574         198.331
            575         198.331
            576         198.331
            577         198.331
            578         198.331
            579         198.331
            580         198.331
            581         197.354
            582         198.331
            583         198.331
            584         198.331
            585         198.331
            586         198.331
            587         198.331
            588         198.331
            589         198.331
            590         198.331
            591         198.331
            592         198.331
            593         198.331
            594         198.331
            595         198.331
            596         198.331
            597         198.331
            598         198.331
            599         198.331
            600         198.331
            601         198.331
            602         198.331
            603         198.331
            604         198.331
            605         198.331
            606         198.331
            607         198.331
            608         198.331
            609         198.331
            610         198.331
            611         198.331
            612         198.331
            613         198.331
            614         198.331
            615         198.331
            616         198.331
            617         198.331
            618         198.331
            619         198.331
            620         198.331
            621         198.331
            622         198.331
            623         198.331
            624         198.331
            625         197.354
            626         197.354
            627         197.354
            628         197.354
            629         197.354
            630         197.354
            631         197.354
            632         197.354
            633         197.354
            634         197.354
            635         197.354
            636         197.354
            637         197.354
            638         197.354
            639         197.354
            640         197.354
            641         197.354
            642         197.354
            643         197.354
            644         197.354
            645         197.354
            646         197.354
            647         197.354
            648         197.354
            649         197.354
            650         197.354
            651         197.354
            652         197.354
            653         197.354
            654         197.354
            655         197.354
            656         197.354
            657         197.354
            658         197.354
            659         197.354
            660         197.354
            661         197.354
            662         197.354
            663         197.354
            664         197.354
            665         197.354
            666         197.354
            667         197.354
            668         197.354
            669         197.354
            670         197.354
            671         197.354
            672         197.354
            673         197.354
            674         197.354
            675         197.354
            676         197.354
            677         197.354
            678         197.354
            679         197.354
            680         197.354
            681         197.354
            682         197.354
            683         197.354
            684         197.354
            685         197.354
            686         197.354
            687         197.354
            688         197.354
            689         197.354
            690         197.354
            691         197.354
            692         197.354
            693         197.354
            694         197.354
            695         197.354
            696         197.354
            697         197.354
            698         197.354
            699         197.354
            700         197.354
            701         197.354
            702         197.354
            703         197.354
            704         197.354
            705         197.354
            706         197.354
            707         197.354
            708         197.354
            709         197.354
            710         197.354
            711         197.354
            712         197.354
            713         197.354
            714         197.354
            715         197.354
            716         197.354
            717         197.354
            718         197.354
            719         196.377
            720         196.377
            721         196.377
            722         196.377
            723         196.377
            724         196.377
            725         196.377
            726         196.377
            727         196.377
            728         196.377
            729         196.377
            730         196.377
            731         196.377
            732         196.377
            733         196.377
            734         196.377
            735         196.377
            736         196.377
            737         195.400
            738         195.400
            739         195.400
            740         195.400
            741         195.400
            742         195.400
            743         195.400
            744         195.400
            745         195.400
            746         195.400
            747         195.400
            748         195.400
            749         195.400
            750         195.400
            751         195.400
            752         195.400
            753         195.400
            754         195.400
            755         195.400
            756         195.400
            757         195.400
            758         195.400
            759         195.400
            760         195.400
            761         195.400
            762         195.400
            763         195.400
            764         195.400
            765         195.400
            766         195.400
            767         195.400
            768         195.400
            769         195.400
            770         195.400
            771         195.400
            772         195.400
            773         195.400
            774         195.400
            775         195.400
            776         195.400
            777         195.400
            778         195.400
            779         194.423
            780         194.423
            781         194.423
            782         194.423
            783         194.423
            784         194.423
            785         194.423
            786         194.423
            787         194.423
            788         194.423
            789         194.423
            790         194.423
            791         194.423
            792         194.423
            793         194.423
            794         194.423
            795         194.423
            796         194.423
            797         194.423
            798         194.423
            799         194.423
            800         194.423
            801         194.423
            802         194.423
            803         194.423
            804         194.423
            805         194.423
            806         194.423
            807         194.423
            808         194.423
            809         194.423
            810         193.446
            811         193.446
            812         193.446
            813         193.446
            814         193.446
            815         193.446
            816         193.446
            817         193.446
            818         193.446
            819         193.446
            820         193.446
            821         193.446
            822         193.446
            823         193.446
            824         193.446
            825         193.446
            826         193.446
            827         193.446
            828         193.446
            829         193.446
            830         193.446
            831         193.446
            832         193.446
            833         193.446
            834         193.446
            835         193.446
            836         193.446
            837         193.446
            838         193.446
            839         193.446
            840         193.446
            841         193.446
            842         193.446
            843         193.446
            844         193.446
            845         193.446
            846         193.446
            847         193.446
            848         193.446
            849         193.446
            850         193.446
            851         193.446
            852         193.446
            853         193.446
            854         193.446
            855         193.446
            856         193.446
            857         193.446
            858         193.446
            859         193.446
            860         193.446
            861         193.446
            862         193.446
            863         193.446
            864         193.446
            865         193.446
            866         193.446
            867         193.446
            868         193.446
            869         193.446
            870         193.446
            871         193.446
            872         192.469
            873         192.469
            874         192.469
            875         192.469
            876         192.469
            877         192.469
            878         192.469
            879         192.469
            880         192.469
            881         192.469
            882         192.469
            883         192.469
            884         192.469
            885         192.469
            886         191.492
            887         191.492
            888         191.492
            889         191.492
            890         191.492
            891         191.492
            892         191.492
            893         191.492
            894         191.492
            895         191.492
            896         191.492
            897         191.492
            898         191.492
            899         190.515
            900         190.515
            901         190.515
            902         190.515
            903         190.515
            904         190.515
            905         190.515
            906         190.515
            907         190.515
            908         190.515
            909         190.515
            910         190.515
            911         190.515
            912         190.515
            913         190.515
            914         190.515
            915         190.515
            916         190.515
            917         190.515
            918         189.538
            919         189.538
            920         190.515
            921         190.515
            922         190.515
            923         190.515
            924         190.515
            925         190.515
            926         190.515
            927         190.515
            928         190.515
            929         190.515
            930         190.515
            931         190.515
            932         190.515
            933         190.515
            934         190.515
            935         190.515
            936         190.515
            937         190.515
            938         190.515
            939         190.515
            940         190.515
            941         190.515
            942         190.515
            943         190.515
            944         190.515
            945         190.515
            946         190.515
            947         190.515
            948         190.515
            949         190.515
            950         190.515
            951         190.515
            952         190.515
            953         190.515
            954         190.515
            955         190.515
            956         190.515
            957         189.538
            958         189.538
            959         189.538
            960         189.538
            961         189.538
            962         189.538
            963         189.538
            964         189.538
            965         189.538
            966         189.538
            967         189.538
            968         189.538
            969         189.538
            970         189.538
            971         189.538
            972         189.538
            973         189.538
            974         189.538
            975         189.538
            976         189.538
            977         189.538
            978         189.538
            979         189.538
            980         189.538
            981         189.538
            982         189.538
            983         189.538
            984         189.538
            985         189.538
            986         189.538
            987         189.538
            988         189.538
            989         189.538
            990         189.538
            991         189.538
            992         189.538
            993         189.538
            994         188.561
            995         188.561
            996         188.561
            997         188.561
            998         188.561
            999         188.561
           1000         188.561
           1001         188.561
           1002         189.538
           1003         189.538
           1004         189.538
           1005         189.538
           1006         189.538
           1007         189.538
           1008         189.538
           1009         189.538
           1010         189.538
           1011         189.538
           1012         189.538
           1013         189.538
           1014         189.538
           1015         189.538
           1016         189.538
           1017         189.538
           1018         189.538
           1019         189.538
           1020         188.561
           1021         188.561
           1022         188.561
           1023         188.561
           1024         188.561
           1025         188.561
           1026         188.561
           1027         188.561
           1028         188.561
           1029         188.561
           1030         188.561
           1031         188.561
           1032         188.561
           1033         188.561
           1034         188.561
           1035         187.584
           1036         187.584
           1037         187.584
           1038         187.584
           1039         187.584
           1040         187.584
           1041         187.584
           1042         187.584
           1043         187.584
           1044         187.584
           1045         187.584
           1046         187.584
           1047         187.584
           1048         187.584
           1049         187.584
           1050         187.584
           1051         187.584
           1052         187.584
           1053         187.584
           1054         187.584
           1055         187.584
           1056         187.584
           1057         187.584
           1058         187.584
           1059         187.584
           1060         187.584
           1061         187.584
           1062         187.584
           1063         187.584
           1064         187.584
           1065         187.584
           1066         187.584
           1067         187.584
           1068         187.584
           1069         187.584
           1070         187.584
           1071         187.584
           1072         187.584
           1073         187.584
           1074         187.584
           1075         187.584
           1076         187.584
           1077         187.584
           1078         186.607
           1079         186.607
           1080         186.607
           1081         186.607
           1082         186.607
           1083         186.607
           1084         186.607
           1085         186.607
           1086         186.607
           1087         186.607
           1088         186.607
           1089         186.607
           1090         186.607
           1091         186.607
           1092         186.607
           1093         186.607
           1094         186.607
           1095         186.607
           1096         186.607
           1097         186.607
           1098         186.607
           1099         186.607
           1100         186.607
           1101         185.630
           1102         185.630
           1103         185.630
           1104         185.630
           1105         185.630
           1106         185.630
           1107         185.630
           1108         185.630
           1109         185.630
           1110         185.630
           1111         185.630
           1112         185.630
           1113         185.630
           1114         185.630
           1115         185.630
           1116         185.630
           1117         185.630
           1118         185.630
           1119         185.630
           1120         185.630
           1121         185.630
           1122         185.630
           1123         185.630
           1124         185.630
           1125         185.630
           1126         185.630
           1127         184.653
           1128         184.653
           1129         184.653
           1130         184.653
           1131         184.653
           1132         184.653
           1133         184.653
           1134         184.653
           1135         184.653
           1136         184.653
           1137         184.653
           1138         184.653
           1139         184.653
           1140         184.653
           1141         184.653
           1142         184.653
           1143         184.653
           1144         184.653
           1145         184.653
           1146         184.653
           1147         184.653
           1148         184.653
           1149         184.653
           1150         184.653
           1151         184.653
           1152         184.653
           1153         184.653
           1154         184.653
           1155         184.653
           1156         184.653
           1157         184.653
           1158         184.653
           1159         184.653
           1160         184.653
           1161         184.653
           1162         184.653
           1163         184.653
           1164         184.653
           1165         184.653
           1166         184.653
           1167         184.653
           1168         184.653
           1169         184.653
           1170         183.676
           1171         183.676
           1172         183.676
           1173         183.676
           1174         183.676
           1175         183.676
           1176         183.676
           1177         183.676
           1178         183.676
           1179         183.676
           1180         183.676
           1181         183.676
           1182         183.676
           1183         183.676
           1184         183.676
           1185         183.676
           1186         183.676
           1187         183.676
           1188         183.676
           1189         183.676
           1190         183.676
           1191         183.676
           1192         183.676
           1193         183.676
           1194         183.676
           1195         183.676
           1196         183.676
           1197         183.676
           1198         183.676
           1199         183.676
           1200         183.676
           1201         183.676
           1202         183.676
           1203         183.676
           1204         183.676
           1205         183.676
           1206         183.676
           1207         183.676
           1208         183.676
           1209         183.676
           1210         183.676
           1211         183.676
           1212         182.699
           1213         182.699
           1214         182.699
           1215         182.699
           1216         182.699
           1217         182.699
           1218         182.699
           1219         182.699
           1220         182.699
           1221         182.699
           1222         182.699
           1223         182.699
           1224         182.699
           1225         182.699
           1226         182.699
           1227         182.699
           1228         182.699
           1229         182.699
           1230         182.699
           1231         182.699
           1232         182.699
           1233         182.699
           1234         182.699
           1235         182.699
           1236         182.699
           1237         182.699
           1238         182.699
           1239         182.699
           1240         181.722
           1241         181.722
           1242         181.722
           1243         181.722
           1244         181.722
           1245         181.722
           1246         181.722
           1247         181.722
           1248         181.722
           1249         181.722
           1250         181.722
           1251         181.722
           1252         181.722
           1253         181.722
           1254         181.722
           1255         181.722
           1256         181.722
           1257         181.722
           1258         181.722
           1259         181.722
           1260         181.722
           1261         181.722
           1262         181.722
           1263         181.722
           1264         181.722
           1265         181.722
           1266         181.722
           1267         181.722
           1268         181.722
           1269         181.722
           1270         181.722
           1271         181.722
           1272         181.722
           1273         181.722
           1274         181.722
           1275         181.722
           1276         181.722
           1277         181.722
           1278         181.722
           1279         181.722
           1280         181.722
           1281         181.722
           1282         181.722
           1283         181.722
           1284         181.722
           1285         181.722
           1286         181.722
           1287         181.722
           1288         181.722
           1289         181.722
           1290         181.722
           1291         181.722
           1292         181.722
           1293         181.722
           1294         180.745
           1295         180.745
           1296         180.745
           1297         180.745
           1298         180.745
           1299         180.745
           1300         180.745
           1301         180.745
           1302         180.745
           1303         180.745
           1304         180.745
           1305         180.745
           1306         180.745
           1307         180.745
           1308         180.745
           1309         180.745
           1310         180.745
           1311         180.745
           1312         180.745
           1313         180.745
           1314         180.745
           1315         180.745
           1316         180.745
           1317         180.745
           1318         180.745
           1319         180.745
           1320         180.745
           1321         180.745
           1322         180.745
           1323         180.745
           1324         180.745
           1325         180.745
           1326         180.745
           1327         179.768
           1328         179.768
           1329         179.768
           1330         179.768
           1331         179.768
           1332         179.768
           1333         179.768
           1334         179.768
           1335         179.768
           1336         179.768
           1337         179.768
           1338         179.768
           1339         179.768
           1340         179.768
           1341         179.768
           1342         179.768
           1343         179.768
           1344         179.768
           1345         179.768
           1346         179.768
           1347         179.768
           1348         179.768
           1349         179.768
           1350         179.768
           1351         179.768
           1352         179.768
           1353         179.768
           1354         179.768
           1355         179.768
           1356         179.768
           1357         179.768
           1358         179.768
           1359         179.768
           1360         179.768
           1361         179.768
           1362         179.768
           1363         179.768
           1364         179.768
           1365         179.768
           1366         179.768
           1367         179.768
           1368         179.768
           1369         179.768
           1370         179.768
           1371         179.768
           1372         179.768
           1373         179.768
           1374         179.768
           1375         179.768
           1376         179.768
           1377         179.768
           1378         179.768
           1379         179.768
           1380         179.768
           1381         179.768
           1382         179.768
           1383         179.768
           1384         179.768
           1385         179.768
           1386         179.768
           1387         179.768
           1388         179.768
           1389         179.768
           1390         179.768
           1391         179.768
           1392         179.768
           1393         179.768
           1394         179.768
           1395         179.768
           1396         179.768
           1397         179.768
           1398         179.768
           1399         179.768
           1400         179.768
           1401         179.768
           1402         179.768
           1403         179.768
           1404         179.768
           1405         179.768
           1406         179.768
           1407         179.768
           1408         179.768
           1409         179.768
           1410         179.768
           1411         179.768
           1412         179.768
           1413         179.768
           1414         179.768
           1415         179.768
           1416         179.768
           1417         179.768
           1418         179.768
           1419         179.768
           1420         179.768
           1421         179.768
           1422         179.768
           1423         179.768
           1424         179.768
           1425         179.768
           1426         179.768
           1427         179.768
           1428         179.768
           1429         179.768
           1430         179.768
           1431         178.791
           1432         178.791
           1433         178.791
           1434         178.791
           1435         178.791
           1436         178.791
           1437         178.791
           1438         178.791
           1439         178.791
           1440         178.791
           1441         178.791
           1442         178.791
           1443         178.791
           1444         178.791
           1445         178.791
           1446         178.791
           1447         178.791
           1448         178.791
           1449         178.791
           1450         178.791
           1451         178.791
           1452         178.791
           1453         178.791
           1454         178.791
           1455         178.791
           1456         178.791
           1457         178.791
           1458         178.791
           1459         178.791
           1460         178.791
           1461         178.791
           1462         178.791
           1463         178.791
           1464         178.791
           1465         178.791
           1466         178.791
           1467         178.791
           1468         178.791
           1469         178.791
           1470         178.791
           1471         178.791
           1472         178.791
           1473         178.791
           1474         178.791
           1475         178.791
           1476         178.791
           1477         178.791
           1478         178.791
           1479         178.791
           1480         178.791
           1481         178.791
           1482         178.791
           1483         178.791
           1484         178.791
           1485         178.791
           1486         178.791
           1487         178.791
           1488         178.791
           1489         178.791
           1490         178.791
           1491         178.791
           1492         178.791
           1493         178.791
           1494         178.791
           1495         178.791
           1496         178.791
           1497         178.791
           1498         178.791
           1499         178.791
           1500         178.791
           1501         178.791
           1502         178.791
           1503         178.791
           1504         178.791
           1505         178.791
           1506         178.791
           1507         178.791
           1508         178.791
           1509         178.791
           1510         178.791
           1511         178.791
           1512         178.791
           1513         178.791
           1514         178.791
           1515         178.791
           1516         178.791
           1517         179.768
           1518         179.768
           1519         179.768
           1520         179.768
           1521         179.768
           1522         179.768
           1523         179.768
           1524         179.768
           1525         179.768
           1526         179.768
           1527         179.768
           1528         179.768
           1529         179.768
           1530         179.768
           1531         179.768
           1532         179.768
           1533         179.768
           1534         179.768
           1535         179.768
           1536         179.768
           1537         179.768
           1538         179.768
           1539         179.768
           1540         179.768
           1541         179.768
           1542         179.768
           1543         179.768
           1544         179.768
           1545         179.768
           1546         179.768
           1547         179.768
           1548         179.768
           1549         179.768
           1550         179.768
           1551         179.768
           1552         179.768
           1553         179.768
           1554         179.768
           1555         179.768
           1556         179.768
           1557         179.768
           1558         179.768
           1559         179.768
           1560         179.768
           1561         179.768
           1562         179.768
           1563         179.768
           1564         179.768
           1565         179.768
           1566         179.768
           1567         179.768
           1568         179.768
           1569         180.745
           1570         180.745
           1571         180.745
           1572         180.745
           1573         180.745
           1574         180.745
           1575         180.745
           1576         180.745
           1577         180.745
           1578         180.745
           1579         180.745
           1580         180.745
           1581         180.745
           1582         180.745
           1583         180.745
           1584         180.745
           1585         180.745
           1586         180.745
           1587         179.768
           1588         179.768
           1589         179.768
           1590         179.768
           1591         179.768
           1592         179.768
           1593         179.768
           1594         179.768
           1595         179.768
           1596         179.768
           1597         179.768
           1598         179.768
           1599         179.768
           1600         179.768
           1601         179.768
           1602         179.768
           1603         179.768
           1604         179.768
           1605         179.768
           1606         179.768
           1607         179.768
           1608         179.768
           1609         179.768
           1610         180.745
           1611         180.745
           1612         180.745
           1613         180.745
           1614         180.745
           1615         180.745
           1616         180.745
           1617         180.745
           1618         180.745
           1619         180.745
           1620         180.745
           1621         180.745
           1622         180.745
           1623         180.745
           1624         180.745
           1625         180.745
           1626         180.745
           1627         180.745
           1628         180.745
           1629         180.745
           1630         180.745
           1631         180.745
           1632         180.745
           1633         180.745
           1634         180.745
           1635         180.745
           1636         180.745
           1637         180.745
           1638         180.745
           1639         180.745
           1640         180.745
           1641         180.745
           1642         180.745
           1643         180.745
           1644         180.745
           1645         180.745
           1646         180.745
           1647         180.745
           1648         180.745
           1649         180.745
           1650         180.745
           1651         180.745
           1652         180.745
           1653         180.745
           1654         180.745
           1655         180.745
           1656         180.745
           1657         180.745
           1658         180.745
           1659         180.745
           1660         181.722
           1661         181.722
           1662         181.722
           1663         181.722
           1664         181.722
           1665         181.722
