TRACENO
              1         135.803
              2         135.803
              3         135.803
              4         135.803
              5         135.803
              6         135.803
              7         135.803
              8         135.803
              9         136.780
             10         136.780
             11         136.780
             12         136.780
             13         136.780
             14         136.780
             15         136.780
             16         136.780
             17         136.780
             18         136.780
             19         136.780
             20         136.780
             21         136.780
             22         136.780
             23         136.780
             24         136.780
             25         136.780
             26         136.780
             27         136.780
             28         136.780
             29         136.780
             30         136.780
             31         136.780
             32         136.780
             33         136.780
             34         137.757
             35         137.757
             36         137.757
             37         137.757
             38         137.757
             39         137.757
             40         137.757
             41         137.757
             42         137.757
             43         137.757
             44         137.757
             45         137.757
             46         137.757
             47         137.757
             48         137.757
             49         137.757
             50         137.757
             51         137.757
             52         137.757
             53         137.757
             54         137.757
             55         137.757
             56         137.757
             57         137.757
             58         137.757
             59         137.757
             60         137.757
             61         137.757
             62         137.757
             63         137.757
             64         137.757
             65         137.757
             66         137.757
             67         137.757
             68         137.757
             69         137.757
             70         137.757
             71         137.757
             72         137.757
             73         137.757
             74         137.757
             75         137.757
             76         137.757
             77         137.757
             78         137.757
             79         137.757
             80         137.757
             81         137.757
             82         137.757
             83         137.757
             84         137.757
             85         137.757
             86         137.757
             87         137.757
             88         137.757
             89         137.757
             90         137.757
             91         137.757
             92         137.757
             93         137.757
             94         137.757
             95         137.757
             96         137.757
             97         137.757
             98         137.757
             99         137.757
            100         138.734
            101         138.734
            102         138.734
            103         138.734
            104         138.734
            105         138.734
            106         138.734
            107         138.734
            108         138.734
            109         138.734
            110         138.734
            111         138.734
            112         138.734
            113         138.734
            114         138.734
            115         138.734
            116         138.734
            117         138.734
            118         138.734
            119         138.734
            120         139.711
            121         139.711
            122         139.711
            123         139.711
            124         139.711
            125         139.711
            126         139.711
            127         139.711
            128         139.711
            129         139.711
            130         139.711
            131         139.711
            132         140.688
            133         140.688
            134         140.688
            135         140.688
            136         140.688
            137         140.688
            138         140.688
            139         140.688
            140         140.688
            141         140.688
            142         140.688
            143         140.688
            144         140.688
            145         140.688
            146         140.688
            147         140.688
            148         141.665
            149         141.665
            150         141.665
            151         141.665
            152         141.665
            153         141.665
            154         141.665
            155         141.665
            156         141.665
            157         141.665
            158         141.665
            159         142.642
            160         142.642
            161         142.642
            162         142.642
            163         142.642
            164         142.642
            165         142.642
            166         142.642
            167         142.642
            168         142.642
            169         143.619
            170         143.619
            171         143.619
            172         143.619
            173         143.619
            174         143.619
            175         143.619
            176         143.619
            177         144.596
            178         144.596
            179         144.596
            180         144.596
            181         144.596
            182         144.596
            183         144.596
            184         145.573
            185         145.573
            186         145.573
            187         145.573
            188         145.573
            189         145.573
            190         145.573
            191         145.573
            192         145.573
            193         145.573
            194         145.573
            195         145.573
            196         145.573
            197         146.550
            198         146.550
            199         146.550
            200         146.550
            201         146.550
            202         146.550
            203         146.550
            204         146.550
            205         146.550
            206         146.550
            207         146.550
            208         146.550
            209         147.527
            210         147.527
            211         147.527
            212         147.527
            213         147.527
            214         147.527
            215         147.527
            216         147.527
            217         147.527
            218         147.527
            219         147.527
            220         147.527
            221         147.527
            222         147.527
            223         147.527
            224         147.527
            225         147.527
            226         147.527
            227         148.504
            228         148.504
            229         148.504
            230         148.504
            231         148.504
            232         148.504
            233         148.504
            234         148.504
            235         148.504
            236         149.481
            237         149.481
            238         149.481
            239         149.481
            240         149.481
            241         148.504
            242         149.481
            243         149.481
            244         149.481
            245         149.481
            246         149.481
            247         149.481
            248         149.481
            249         149.481
            250         150.458
            251         150.458
            252         150.458
            253         150.458
            254         150.458
            255         150.458
            256         150.458
            257         150.458
            258         150.458
            259         151.435
            260         151.435
            261         151.435
            262         151.435
            263         151.435
            264         151.435
            265         151.435
            266         151.435
            267         151.435
            268         152.412
            269         152.412
            270         152.412
            271         152.412
            272         152.412
            273         152.412
            274         152.412
            275         152.412
            276         152.412
            277         153.389
            278         153.389
            279         153.389
            280         153.389
            281         153.389
            282         153.389
            283         153.389
            284         154.366
            285         154.366
            286         154.366
            287         154.366
            288         154.366
            289         154.366
            290         154.366
            291         155.343
            292         155.343
            293         155.343
            294         155.343
            295         155.343
            296         155.343
            297         155.343
            298         155.343
            299         155.343
            300         155.343
            301         156.320
            302         156.320
            303         156.320
            304         156.320
            305         156.320
            306         156.320
            307         156.320
            308         156.320
            309         156.320
            310         157.297
            311         157.297
            312         157.297
            313         157.297
            314         157.297
            315         157.297
            316         157.297
            317         157.297
            318         157.297
            319         158.274
            320         158.274
            321         158.274
            322         158.274
            323         158.274
            324         158.274
            325         158.274
            326         158.274
            327         158.274
            328         158.274
            329         159.251
            330         159.251
            331         159.251
            332         159.251
            333         159.251
            334         159.251
            335         159.251
            336         159.251
            337         159.251
            338         159.251
            339         159.251
            340         159.251
            341         159.251
            342         159.251
            343         159.251
            344         159.251
            345         159.251
            346         160.228
            347         160.228
            348         160.228
            349         160.228
            350         160.228
            351         160.228
            352         160.228
            353         160.228
            354         160.228
            355         160.228
            356         160.228
            357         160.228
            358         160.228
            359         160.228
            360         160.228
            361         160.228
            362         160.228
            363         160.228
            364         161.205
            365         161.205
            366         161.205
            367         161.205
            368         161.205
            369         161.205
            370         161.205
            371         161.205
            372         161.205
            373         161.205
            374         161.205
            375         161.205
            376         161.205
            377         161.205
            378         161.205
            379         161.205
            380         161.205
            381         161.205
            382         161.205
            383         161.205
            384         161.205
            385         161.205
            386         161.205
            387         161.205
            388         162.182
            389         162.182
            390         162.182
            391         162.182
            392         162.182
            393         162.182
            394         162.182
            395         162.182
            396         162.182
            397         162.182
            398         162.182
            399         162.182
            400         162.182
            401         162.182
            402         162.182
            403         162.182
            404         162.182
            405         162.182
            406         162.182
            407         162.182
            408         162.182
            409         161.205
            410         161.205
            411         161.205
            412         161.205
            413         161.205
            414         161.205
            415         161.205
            416         162.182
            417         162.182
            418         162.182
            419         162.182
            420         162.182
            421         162.182
            422         162.182
            423         162.182
            424         162.182
            425         162.182
            426         162.182
            427         162.182
            428         162.182
            429         162.182
            430         162.182
            431         162.182
            432         162.182
            433         162.182
            434         162.182
            435         162.182
            436         163.159
            437         163.159
            438         164.136
            439         164.136
            440         164.136
            441         164.136
            442         165.113
            443         165.113
            444         165.113
            445         164.136
            446         164.136
            447         164.136
            448         164.136
            449         164.136
            450         164.136
            451         164.136
            452         164.136
            453         163.159
            454         163.159
            455         163.159
            456         164.136
            457         164.136
            458         164.136
            459         164.136
            460         164.136
            461         164.136
            462         164.136
            463         164.136
            464         164.136
            465         164.136
            466         163.159
            467         163.159
            468         163.159
            469         163.159
            470         163.159
            471         163.159
            472         163.159
            473         163.159
            474         163.159
            475         163.159
            476         163.159
            477         163.159
            478         163.159
            479         163.159
            480         163.159
            481         163.159
            482         164.136
            483         164.136
            484         164.136
            485         164.136
            486         164.136
            487         164.136
            488         164.136
            489         164.136
            490         164.136
            491         164.136
            492         164.136
            493         164.136
            494         164.136
            495         163.159
            496         163.159
            497         163.159
            498         163.159
            499         163.159
            500         163.159
            501         163.159
            502         163.159
            503         163.159
            504         163.159
            505         163.159
            506         163.159
            507         162.182
            508         162.182
            509         162.182
            510         162.182
            511         162.182
            512         162.182
            513         162.182
            514         162.182
            515         162.182
            516         162.182
            517         162.182
            518         162.182
            519         162.182
            520         162.182
            521         162.182
            522         162.182
            523         162.182
            524         161.205
            525         161.205
            526         161.205
            527         161.205
            528         161.205
            529         161.205
            530         161.205
            531         161.205
            532         161.205
            533         161.205
            534         161.205
            535         161.205
            536         161.205
            537         161.205
            538         162.182
            539         162.182
            540         162.182
            541         162.182
            542         162.182
            543         162.182
            544         162.182
            545         161.205
            546         161.205
            547         161.205
            548         161.205
            549         161.205
            550         161.205
