TRACENO
              2         159.251
              3         159.251
              4         159.251
              5         160.228
              6         160.228
              7         160.228
              8         160.228
              9         160.228
             10         160.228
             11         160.228
             12         160.228
             13         160.228
             14         160.228
             15         160.228
             16         160.228
             17         160.228
             18         160.228
             19         160.228
             20         160.228
             21         160.228
             22         160.228
             23         160.228
             24         160.228
             25         159.251
             26         159.251
             27         159.251
             28         159.251
             29         159.251
             30         159.251
             31         159.251
             32         159.251
             33         159.251
             34         159.251
             35         159.251
             36         159.251
             37         159.251
             38         159.251
             39         159.251
             40         159.251
             41         159.251
             42         159.251
             43         159.251
             44         159.251
             45         159.251
             46         159.251
             47         159.251
             48         159.251
             49         159.251
             50         159.251
             51         159.251
             52         159.251
             53         159.251
             54         159.251
             55         159.251
             56         159.251
             57         159.251
             58         159.251
             59         159.251
             60         159.251
             61         159.251
             62         159.251
             63         159.251
             64         159.251
             65         159.251
             66         159.251
             67         159.251
             68         159.251
             69         159.251
             70         159.251
             71         159.251
             72         159.251
             73         159.251
             74         159.251
             75         159.251
             76         159.251
             77         159.251
             78         159.251
             79         159.251
             80         159.251
             81         159.251
             82         159.251
             83         159.251
             84         159.251
             85         159.251
             86         159.251
             87         158.274
             88         158.274
             89         158.274
             90         158.274
             91         158.274
             92         158.274
             93         158.274
             94         158.274
             95         158.274
             96         158.274
             97         158.274
             98         158.274
             99         158.274
            100         158.274
            101         158.274
            102         158.274
            103         158.274
            104         158.274
            105         158.274
            106         158.274
            107         158.274
            108         158.274
            109         158.274
            110         158.274
            111         157.297
            112         157.297
            113         157.297
            114         157.297
            115         157.297
            116         157.297
            117         157.297
            118         157.297
            119         157.297
            120         157.297
            121         157.297
            122         157.297
            123         157.297
            124         157.297
            125         157.297
            126         157.297
            127         157.297
            128         157.297
            129         157.297
            130         157.297
            131         157.297
            132         157.297
            133         157.297
            134         156.320
            135         156.320
            136         156.320
            137         156.320
            138         156.320
            139         156.320
            140         156.320
            141         156.320
            142         156.320
            143         156.320
            144         156.320
            145         156.320
            146         156.320
            147         156.320
            148         156.320
            149         156.320
            150         156.320
            151         156.320
            152         156.320
            153         156.320
            154         156.320
            155         156.320
            156         156.320
            157         156.320
            158         156.320
            159         156.320
            160         156.320
            161         156.320
            162         156.320
            163         156.320
            164         156.320
            165         156.320
            166         156.320
            167         156.320
            168         156.320
            169         156.320
            170         156.320
            171         156.320
            172         156.320
            173         156.320
            174         156.320
            175         156.320
            176         155.343
            177         155.343
            178         155.343
            179         155.343
            180         155.343
            181         155.343
            182         155.343
            183         155.343
            184         155.343
            185         155.343
            186         155.343
            187         155.343
            188         155.343
            189         155.343
            190         155.343
            191         155.343
            192         155.343
            193         155.343
            194         155.343
            195         155.343
            196         154.366
            197         154.366
            198         154.366
            199         154.366
            200         154.366
            201         154.366
            202         154.366
            203         154.366
            204         154.366
            205         154.366
            206         154.366
            207         154.366
            208         154.366
            209         154.366
            210         154.366
            211         154.366
            212         154.366
            213         154.366
            214         154.366
            215         154.366
            216         154.366
            217         154.366
            218         154.366
            219         154.366
            220         154.366
            221         154.366
            222         154.366
            223         153.389
            224         153.389
            225         153.389
            226         153.389
            227         153.389
            228         153.389
            229         153.389
            230         153.389
            231         153.389
            232         153.389
            233         153.389
            234         153.389
            235         153.389
            236         153.389
            237         153.389
            238         153.389
            239         153.389
            240         153.389
            241         153.389
            242         153.389
            243         153.389
            244         153.389
            245         153.389
            246         153.389
            247         153.389
            248         153.389
            249         153.389
            250         152.412
            251         152.412
            252         152.412
            253         152.412
            254         152.412
            255         152.412
            256         152.412
            257         152.412
            258         152.412
            259         151.435
            260         151.435
            261         151.435
            262         151.435
            263         151.435
            264         151.435
            265         151.435
            266         151.435
            267         151.435
            268         150.458
            269         150.458
            270         150.458
            271         150.458
            272         150.458
            273         150.458
            274         150.458
            275         150.458
            276         150.458
            277         149.481
            278         149.481
            279         149.481
            280         149.481
            281         149.481
            282         149.481
            283         149.481
            284         149.481
            285         149.481
            286         148.504
            287         148.504
            288         148.504
            289         148.504
            290         148.504
            291         148.504
            292         148.504
            293         148.504
            294         148.504
            295         147.527
            296         147.527
            297         147.527
            298         147.527
            299         147.527
            300         147.527
            301         147.527
            302         147.527
            303         146.550
            304         146.550
            305         146.550
            306         146.550
            307         146.550
            308         146.550
            309         146.550
            310         146.550
            311         146.550
            312         145.573
            313         145.573
            314         145.573
            315         145.573
            316         145.573
            317         145.573
            318         145.573
            319         145.573
            320         144.596
            321         144.596
            322         144.596
            323         144.596
            324         144.596
            325         144.596
            326         144.596
            327         144.596
            328         144.596
            329         143.619
            330         143.619
            331         143.619
            332         143.619
            333         143.619
            334         143.619
            335         143.619
            336         143.619
            337         142.642
            338         142.642
            339         142.642
            340         142.642
            341         142.642
            342         142.642
            343         142.642
            344         142.642
            345         141.665
            346         141.665
            347         141.665
            348         141.665
            349         141.665
            350         141.665
            351         141.665
            352         141.665
            353         141.665
            354         140.688
            355         140.688
            356         140.688
            357         140.688
            358         140.688
            359         140.688
            360         140.688
            361         139.711
            362         139.711
            363         139.711
            364         139.711
            365         138.734
            366         138.734
            367         138.734
            368         138.734
            369         137.757
            370         137.757
            371         137.757
            372         137.757
            373         136.780
            374         136.780
            375         136.780
            376         136.780
            377         136.780
            378         135.803
            379         135.803
            380         135.803
            381         135.803
            382         134.826
            383         134.826
            384         134.826
            385         134.826
            386         133.849
            387         133.849
            388         133.849
            389         133.849
            390         132.872
            391         132.872
            392         132.872
            393         132.872
            394         132.872
            395         131.895
            396         131.895
            397         131.895
            398         131.895
            399         131.895
            400         131.895
            401         130.918
            402         130.918
            403         130.918
            404         130.918
            405         130.918
            406         130.918
            407         129.941
            408         129.941
            409         129.941
            410         129.941
            411         129.941
            412         128.964
            413         128.964
            414         128.964
            415         128.964
            416         128.964
            417         128.964
            418         127.987
            419         127.987
            420         127.987
            421         127.987
            422         127.987
            423         127.987
            424         127.010
            425         127.010
            426         127.010
            427         127.010
            428         127.010
            429         126.033
            430         126.033
            431         126.033
            432         126.033
            433         125.056
            434         125.056
            435         125.056
            436         125.056
            437         125.056
            438         124.079
            439         124.079
            440         124.079
            441         124.079
            442         124.079
            443         123.102
            444         123.102
            445         123.102
            446         123.102
            447         123.102
            448         122.125
            449         122.125
            450         122.125
            451         122.125
            452         122.125
            453         122.125
            454         121.148
            455         121.148
            456         121.148
            457         121.148
            458         121.148
            459         120.171
            460         120.171
            461         120.171
            462         120.171
            463         120.171
            464         119.194
            465         119.194
            466         119.194
            467         119.194
            468         119.194
            469         118.217
            470         118.217
            471         118.217
            472         117.240
            473         117.240
            474         117.240
            475         117.240
            476         116.263
            477         116.263
            478         116.263
            479         115.286
            480         115.286
            481         115.286
            482         114.309
            483         114.309
            484         114.309
            485         114.309
            486         113.332
            487         113.332
            488         113.332
            489         113.332
            490         113.332
            491         113.332
            492         113.332
            493         112.355
            494         112.355
            495         112.355
            496         112.355
            497         112.355
            498         112.355
            499         112.355
            500         112.355
            501         111.378
            502         111.378
            503         111.378
            504         111.378
            505         111.378
            506         111.378
            507         111.378
            508         110.401
            509         110.401
            510         110.401
            511         110.401
            512         110.401
            513         109.424
            514         109.424
            515         109.424
            516         109.424
            517         108.447
            518         108.447
            519         108.447
            520         108.447
            521         108.447
            522         107.470
            523         107.470
            524         107.470
            525         107.470
            526         106.493
            527         106.493
            528         106.493
            529         106.493
            530         106.493
            531         106.493
            532         106.493
            533         105.516
            534         105.516
            535         105.516
            536         105.516
            537         105.516
            538         105.516
            539         105.516
            540         105.516
            541         105.516
            542         105.516
            543         104.539
            544         104.539
            545         104.539
            546         104.539
            547         104.539
            548         104.539
            549         103.562
            550         103.562
            551         103.562
            552         102.585
            553         102.585
            554         101.608
            555         101.608
            556         101.608
            557         100.631
            558         100.631
            559         100.631
            560         100.631
            561         100.631
            562         100.631
            563          99.654
            564          99.654
            565          99.654
            566          99.654
            567          99.654
            568          99.654
            569          99.654
            570          99.654
            571          99.654
            572          99.654
            573          99.654
            574          99.654
            575          99.654
            576          99.654
            577          99.654
            578          99.654
            579          99.654
            580          99.654
            581          98.677
            582          98.677
            583          98.677
            584          98.677
            585          98.677
            586          98.677
            587          98.677
            588          98.677
            589          98.677
            590          97.700
            591          97.700
            592          97.700
            593          97.700
            594          97.700
            595          96.723
            596          96.723
            597          96.723
            598          96.723
            599          96.723
            600          95.746
            601          95.746
            602          95.746
            603          95.746
            604          95.746
            605          95.746
            606          94.769
            607          94.769
            608          94.769
            609          94.769
            610          94.769
            611          93.792
            612          93.792
            613          93.792
            614          92.815
            615          92.815
            616          92.815
            617          92.815
            618          91.838
            619          91.838
            620          91.838
            621          90.861
            622          90.861
            623          90.861
            624          89.884
            625          89.884
            626          89.884
            627          88.907
            628          88.907
            629          87.930
            630          86.953
            631          85.976
            632          84.999
            633          84.999
            634          84.999
            635          84.999
            636          84.999
            637          84.999
            638          84.999
            639          84.999
            640          84.999
            641          84.999
            642          84.022
            643          84.022
            644          84.022
            645          84.022
            646          84.022
            647          84.022
            648          84.022
            649          84.022
            650          84.022
            651          84.022
            652          83.045
            653          83.045
            654          83.045
            655          83.045
            656          83.045
            657          83.045
            658          84.022
            659          84.022
            660          84.022
            661          84.022
            662          84.022
            663          84.022
            664          84.022
            665          84.022
            666          84.022
            667          84.022
            668          84.022
            669          84.022
            670          84.022
            671          84.022
            672          84.022
            673          84.022
            674          84.022
            675          84.022
            676          84.999
            677          84.999
            678          84.999
            679          84.999
            680          84.999
            681          84.999
            682          84.999
            683          84.999
            684          84.999
            685          84.999
            686          84.999
            687          84.999
            688          84.999
            689          84.022
            690          84.022
            691          84.022
            692          84.022
            693          84.022
            694          84.022
            695          84.022
            696          84.022
            697          84.022
            698          84.022
            699          84.022
