TRACENO
              1         176.837
              2         175.860
              3         175.860
              4         175.860
              5         175.860
              6         175.860
              7         175.860
              8         175.860
              9         175.860
             10         175.860
             11         175.860
             12         175.860
             13         175.860
             14         175.860
             15         175.860
             16         175.860
             17         175.860
             18         176.837
             19         176.837
             20         176.837
             21         176.837
             22         176.837
             23         176.837
             24         177.814
             25         177.814
             26         177.814
             27         177.814
             28         177.814
             29         178.791
             30         178.791
             31         178.791
             32         179.768
             33         179.768
             34         180.745
             35         180.745
             36         180.745
             37         181.722
             38         181.722
             39         181.722
             40         182.699
             41         182.699
             42         183.676
             43         183.676
             44         183.676
             45         183.676
             46         183.676
             47         184.653
             48         184.653
             49         184.653
             50         184.653
             51         184.653
             52         184.653
             53         185.630
             54         185.630
             55         185.630
             56         185.630
             57         185.630
             58         185.630
             59         185.630
             60         186.607
             61         186.607
             62         186.607
             63         186.607
             64         186.607
             65         186.607
             66         186.607
             67         186.607
             68         186.607
             69         187.584
             70         187.584
             71         187.584
             72         187.584
             73         187.584
             74         187.584
             75         187.584
             76         187.584
             77         187.584
             78         188.561
             79         188.561
             80         188.561
             81         188.561
             82         188.561
             83         188.561
             84         188.561
             85         188.561
             86         188.561
             87         188.561
             88         188.561
             89         188.561
             90         188.561
             91         189.538
             92         189.538
             93         189.538
             94         189.538
             95         189.538
             96         189.538
             97         189.538
             98         189.538
             99         189.538
            100         189.538
            101         189.538
            102         189.538
            103         190.515
            104         190.515
            105         190.515
            106         190.515
            107         190.515
            108         190.515
            109         190.515
            110         190.515
            111         190.515
            112         191.492
            113         191.492
            114         191.492
            115         191.492
            116         191.492
            117         191.492
            118         191.492
            119         191.492
            120         192.469
            121         192.469
            122         192.469
            123         192.469
            124         192.469
            125         192.469
            126         192.469
            127         192.469
            128         193.446
            129         193.446
            130         193.446
            131         193.446
            132         193.446
            133         193.446
            134         193.446
            135         194.423
            136         194.423
            137         194.423
            138         194.423
            139         194.423
            140         194.423
            141         194.423
            142         194.423
            143         194.423
            144         194.423
            145         194.423
            146         194.423
            147         194.423
            148         195.400
            149         195.400
            150         195.400
            151         195.400
            152         195.400
            153         195.400
            154         196.377
            155         196.377
            156         196.377
            157         196.377
            158         196.377
            159         196.377
            160         197.354
            161         197.354
            162         197.354
            163         197.354
            164         197.354
            165         197.354
            166         197.354
            167         197.354
            168         197.354
            169         197.354
            170         197.354
            171         198.331
            172         198.331
            173         198.331
            174         198.331
            175         198.331
            176         198.331
            177         198.331
            178         198.331
            179         198.331
            180         198.331
            181         198.331
            182         198.331
            183         198.331
            184         199.308
            185         199.308
            186         199.308
            187         199.308
            188         199.308
            189         199.308
            190         199.308
            191         199.308
            192         199.308
            193         199.308
            194         199.308
            195         199.308
            196         200.285
            197         200.285
            198         200.285
            199         200.285
            200         200.285
            201         200.285
            202         200.285
            203         200.285
            204         200.285
            205         200.285
            206         200.285
            207         200.285
            208         201.262
            209         201.262
            210         201.262
            211         201.262
            212         201.262
            213         201.262
            214         201.262
            215         201.262
            216         201.262
            217         201.262
            218         201.262
            219         201.262
            220         201.262
            221         201.262
            222         201.262
            223         201.262
            224         201.262
            225         201.262
            226         202.239
            227         202.239
            228         202.239
            229         202.239
            230         202.239
            231         202.239
            232         202.239
            233         202.239
            234         202.239
            235         202.239
            236         202.239
            237         202.239
            238         202.239
            239         202.239
            240         202.239
            241         202.239
            242         202.239
            243         202.239
            244         203.216
            245         203.216
            246         203.216
            247         203.216
            248         203.216
            249         203.216
            250         203.216
            251         203.216
            252         203.216
            253         203.216
            254         204.193
            255         204.193
            256         204.193
            257         204.193
            258         204.193
            259         204.193
            260         204.193
            261         204.193
            262         204.193
            263         204.193
            264         204.193
            265         204.193
            266         205.170
            267         205.170
            268         205.170
            269         205.170
            270         205.170
            271         205.170
            272         205.170
            273         205.170
            274         205.170
            275         205.170
            276         205.170
            277         205.170
            278         205.170
            279         205.170
            280         205.170
            281         205.170
            282         205.170
            283         205.170
            284         206.147
            285         206.147
            286         206.147
            287         206.147
            288         206.147
            289         206.147
            290         206.147
            291         206.147
            292         206.147
            293         206.147
            294         206.147
            295         206.147
            296         206.147
            297         206.147
            298         206.147
            299         206.147
            300         207.124
            301         207.124
            302         207.124
            303         207.124
            304         207.124
            305         207.124
            306         207.124
            307         207.124
            308         207.124
            309         207.124
            310         207.124
            311         207.124
            312         207.124
            313         208.101
            314         208.101
            315         208.101
            316         208.101
            317         208.101
            318         208.101
            319         208.101
            320         208.101
            321         208.101
            322         208.101
            323         208.101
            324         208.101
            325         208.101
            326         209.078
            327         209.078
            328         209.078
            329         209.078
            330         209.078
            331         209.078
            332         209.078
            333         209.078
            334         209.078
            335         209.078
            336         209.078
            337         209.078
            338         209.078
            339         209.078
            340         209.078
            341         209.078
            342         209.078
            343         209.078
            344         209.078
            345         209.078
            346         209.078
            347         209.078
            348         209.078
            349         209.078
            350         209.078
            351         210.055
            352         210.055
            353         210.055
            354         210.055
            355         210.055
            356         210.055
            357         210.055
            358         210.055
            359         210.055
            360         210.055
            361         210.055
            362         210.055
            363         210.055
            364         210.055
            365         210.055
            366         210.055
            367         210.055
            368         210.055
            369         210.055
            370         210.055
            371         210.055
            372         210.055
            373         210.055
            374         211.032
            375         211.032
            376         211.032
            377         211.032
            378         211.032
            379         211.032
            380         211.032
            381         211.032
            382         211.032
            383         211.032
            384         211.032
            385         211.032
            386         211.032
            387         211.032
            388         211.032
            389         211.032
            390         212.009
            391         212.009
            392         212.009
            393         212.009
            394         212.009
            395         212.009
            396         212.009
            397         212.009
            398         212.009
            399         212.009
            400         212.009
            401         212.009
            402         212.009
            403         212.986
            404         212.986
            405         212.986
            406         212.986
            407         212.986
            408         212.986
            409         212.009
            410         212.009
            411         212.009
            412         212.009
            413         212.009
            414         212.009
            415         212.009
            416         212.009
            417         212.009
            418         212.009
            419         212.009
            420         211.032
            421         211.032
            422         211.032
            423         211.032
            424         211.032
            425         211.032
            426         211.032
            427         211.032
            428         211.032
            429         211.032
            430         211.032
            431         211.032
            432         211.032
            433         211.032
            434         211.032
            435         211.032
            436         210.055
            437         210.055
            438         210.055
            439         210.055
            440         210.055
            441         210.055
            442         210.055
            443         210.055
            444         210.055
            445         210.055
            446         210.055
            447         210.055
            448         210.055
            449         210.055
            450         210.055
            451         210.055
            452         210.055
            453         209.078
            454         209.078
            455         209.078
            456         209.078
            457         209.078
            458         209.078
            459         209.078
            460         209.078
            461         209.078
            462         209.078
            463         209.078
            464         209.078
            465         209.078
            466         209.078
            467         209.078
            468         209.078
            469         208.101
            470         208.101
            471         208.101
            472         208.101
            473         208.101
            474         208.101
            475         208.101
            476         208.101
            477         208.101
            478         208.101
            479         207.124
            480         207.124
            481         207.124
            482         207.124
            483         207.124
            484         207.124
            485         207.124
            486         207.124
            487         207.124
            488         207.124
            489         206.147
            490         206.147
            491         206.147
            492         206.147
            493         206.147
            494         206.147
            495         206.147
            496         206.147
            497         206.147
            498         206.147
            499         205.170
            500         205.170
            501         205.170
            502         205.170
            503         205.170
            504         205.170
            505         205.170
            506         205.170
            507         205.170
            508         205.170
            509         204.193
            510         204.193
            511         204.193
            512         204.193
            513         204.193
            514         204.193
            515         204.193
            516         204.193
            517         204.193
            518         204.193
            519         204.193
            520         204.193
            521         203.216
            522         203.216
            523         203.216
            524         203.216
            525         203.216
            526         203.216
            527         203.216
            528         203.216
            529         203.216
            530         203.216
            531         203.216
            532         203.216
            533         203.216
            534         203.216
            535         202.239
            536         202.239
            537         202.239
            538         202.239
            539         202.239
            540         202.239
            541         202.239
            542         202.239
            543         202.239
            544         202.239
            545         202.239
            546         202.239
            547         201.262
            548         201.262
            549         201.262
            550         200.285
