TRACENO
              1         112.355
              2         112.355
              3         112.355
              4         112.355
              5         112.355
              6         112.355
              7         111.378
              8         111.378
              9         111.378
             10         111.378
             11         111.378
             12         111.378
             13         111.378
             14         111.378
             15         111.378
             16         111.378
             17         111.378
             18         111.378
             19         111.378
             20         111.378
             21         111.378
             22         111.378
             23         110.401
             24         110.401
             25         110.401
             26         110.401
             27         110.401
             28         111.378
             29         111.378
             30         111.378
             31         111.378
             32         111.378
             33         111.378
             34         111.378
             35         111.378
             36         111.378
             37         111.378
             38         111.378
             39         111.378
             40         111.378
             41         111.378
             42         111.378
             43         111.378
             44         111.378
             45         111.378
             46         111.378
             47         111.378
             48         111.378
             49         111.378
             50         111.378
             51         112.355
             52         112.355
             53         112.355
             54         112.355
             55         112.355
             56         112.355
             57         112.355
             58         112.355
             59         112.355
             60         112.355
             61         113.332
             62         113.332
             63         113.332
             64         113.332
             65         113.332
             66         113.332
             67         113.332
             68         113.332
             69         113.332
             70         113.332
             71         114.309
             72         114.309
             73         114.309
             74         114.309
             75         114.309
             76         114.309
             77         114.309
             78         114.309
             79         114.309
             80         114.309
             81         114.309
             82         114.309
             83         114.309
             84         114.309
             85         114.309
             86         114.309
             87         114.309
             88         114.309
             89         114.309
             90         114.309
             91         115.286
             92         115.286
             93         115.286
             94         115.286
             95         115.286
             96         115.286
             97         115.286
             98         115.286
             99         115.286
            100         115.286
            101         115.286
            102         115.286
            103         115.286
            104         115.286
            105         115.286
            106         115.286
            107         115.286
            108         115.286
            109         115.286
            110         115.286
            111         115.286
            112         115.286
            113         115.286
            114         115.286
            115         115.286
            116         115.286
            117         115.286
            118         115.286
            119         115.286
            120         115.286
            121         115.286
            122         115.286
            123         115.286
            124         115.286
            125         115.286
            126         115.286
            127         115.286
            128         115.286
            129         115.286
            130         115.286
            131         115.286
            132         115.286
            133         115.286
            134         115.286
            135         116.263
            136         116.263
            137         116.263
            138         116.263
            139         116.263
            140         116.263
            141         116.263
            142         116.263
            143         116.263
            144         116.263
            145         116.263
            146         116.263
            147         116.263
            148         116.263
            149         116.263
            150         116.263
            151         116.263
            152         116.263
            153         116.263
            154         116.263
            155         116.263
            156         116.263
            157         116.263
            158         116.263
            159         116.263
            160         116.263
            161         117.240
            162         117.240
            163         117.240
            164         117.240
            165         117.240
            166         117.240
            167         117.240
            168         117.240
            169         117.240
            170         117.240
            171         117.240
            172         117.240
            173         117.240
            174         118.217
            175         118.217
            176         118.217
            177         118.217
            178         118.217
            179         118.217
            180         118.217
            181         118.217
            182         118.217
            183         118.217
            184         118.217
            185         119.194
            186         119.194
            187         119.194
            188         119.194
            189         119.194
            190         119.194
            191         119.194
            192         119.194
            193         119.194
            194         120.171
            195         120.171
            196         120.171
            197         120.171
            198         120.171
            199         120.171
            200         121.148
            201         121.148
            202         121.148
            203         121.148
            204         121.148
            205         121.148
            206         121.148
            207         122.125
            208         122.125
            209         122.125
            210         122.125
            211         122.125
            212         122.125
            213         122.125
            214         123.102
            215         123.102
            216         123.102
            217         123.102
            218         123.102
            219         123.102
            220         123.102
            221         124.079
            222         124.079
            223         124.079
            224         124.079
            225         124.079
            226         124.079
            227         124.079
            228         125.056
            229         125.056
            230         125.056
            231         125.056
            232         125.056
            233         125.056
            234         126.033
            235         126.033
            236         126.033
            237         126.033
            238         126.033
            239         126.033
            240         127.010
            241         127.010
            242         127.010
            243         127.010
            244         127.010
            245         127.010
            246         127.987
            247         127.987
            248         127.987
            249         127.987
            250         127.987
            251         128.964
            252         128.964
            253         128.964
            254         128.964
            255         128.964
            256         128.964
            257         129.941
            258         129.941
            259         129.941
            260         129.941
            261         129.941
            262         129.941
            263         129.941
            264         129.941
            265         130.918
            266         130.918
            267         130.918
            268         130.918
            269         130.918
            270         131.895
            271         131.895
            272         131.895
            273         131.895
            274         132.872
            275         132.872
            276         132.872
            277         132.872
            278         133.849
            279         133.849
            280         133.849
            281         133.849
            282         133.849
            283         133.849
            284         133.849
            285         133.849
            286         133.849
            287         133.849
            288         134.826
            289         134.826
            290         134.826
            291         135.803
            292         135.803
            293         135.803
            294         135.803
            295         136.780
            296         136.780
            297         136.780
            298         137.757
            299         137.757
            300         137.757
            301         138.734
            302         138.734
            303         139.711
            304         139.711
            305         139.711
            306         140.688
            307         140.688
            308         140.688
            309         141.665
            310         141.665
            311         141.665
            312         142.642
            313         142.642
            314         143.619
            315         143.619
            316         144.596
            317         144.596
            318         145.573
            319         145.573
            320         146.550
            321         146.550
            322         146.550
            323         147.527
            324         147.527
            325         147.527
            326         147.527
            327         147.527
            328         147.527
            329         148.504
            330         148.504
            331         149.481
            332         149.481
            333         149.481
            334         150.458
            335         150.458
            336         151.435
            337         151.435
            338         151.435
            339         152.412
            340         152.412
            341         153.389
            342         153.389
            343         153.389
            344         154.366
            345         154.366
            346         154.366
            347         155.343
            348         155.343
            349         156.320
            350         156.320
            351         157.297
            352         157.297
            353         158.274
            354         158.274
            355         159.251
            356         159.251
            357         159.251
            358         160.228
            359         160.228
            360         161.205
            361         161.205
            362         161.205
