TRACENO
              1         136.780
              2         136.780
              3         136.780
              4         136.780
              5         136.780
              6         136.780
              7         136.780
              8         136.780
              9         136.780
             10         136.780
             11         136.780
             12         136.780
             13         135.803
             14         135.803
             15         135.803
             16         134.826
             17         134.826
             18         134.826
             19         135.803
             20         134.826
             21         134.826
             22         133.849
             23         133.849
             24         133.849
             25         133.849
             26         133.849
             27         133.849
             28         132.872
             29         132.872
             30         132.872
             31         132.872
             32         132.872
             33         132.872
             34         131.895
             35         131.895
             36         131.895
             37         130.918
             38         130.918
             39         130.918
             40         130.918
             41         131.895
             42         131.895
             43         131.895
             44         131.895
             45         130.918
             46         130.918
             47         130.918
             48         130.918
             49         130.918
             50         130.918
             51         130.918
             52         130.918
             53         130.918
             54         129.941
             55         129.941
             56         129.941
             57         129.941
             58         129.941
             59         129.941
             60         129.941
             61         129.941
             62         129.941
             63         128.964
             64         128.964
             65         128.964
             66         128.964
             67         128.964
             68         128.964
             69         128.964
             70         128.964
             71         128.964
             72         128.964
             73         127.987
             74         127.987
             75         127.987
             76         127.987
             77         127.987
             78         127.987
             79         127.987
             80         127.987
             81         127.987
             82         127.010
             83         127.010
             84         127.010
             85         127.010
             86         127.010
             87         127.010
             88         127.010
             89         127.010
             90         127.010
             91         127.010
             92         127.010
             93         127.010
             94         127.010
             95         127.010
             96         127.010
             97         127.010
             98         127.010
             99         127.010
            100         127.010
            101         127.010
            102         127.010
            103         127.010
            104         127.010
            105         127.010
            106         127.010
            107         127.010
            108         127.010
            109         126.033
            110         126.033
            111         126.033
            112         126.033
            113         126.033
            114         126.033
            115         126.033
            116         126.033
            117         126.033
            118         126.033
            119         126.033
            120         126.033
            121         126.033
            122         126.033
            123         126.033
            124         126.033
            125         126.033
            126         126.033
            127         126.033
            128         126.033
            129         126.033
            130         126.033
            131         126.033
            132         126.033
            133         126.033
            134         126.033
            135         126.033
            136         126.033
            137         126.033
            138         126.033
            139         126.033
            140         125.056
            141         125.056
            142         125.056
            143         125.056
            144         125.056
            145         125.056
            146         125.056
            147         125.056
            148         125.056
            149         125.056
            150         125.056
            151         125.056
            152         125.056
            153         125.056
            154         125.056
            155         125.056
            156         125.056
            157         125.056
            158         125.056
            159         124.079
            160         124.079
            161         124.079
            162         124.079
            163         124.079
            164         124.079
            165         124.079
            166         124.079
            167         124.079
            168         124.079
            169         124.079
            170         123.102
            171         123.102
            172         123.102
            173         123.102
            174         123.102
            175         123.102
            176         123.102
            177         122.125
            178         122.125
            179         122.125
            180         122.125
            181         122.125
            182         122.125
            183         122.125
            184         122.125
            185         121.148
            186         121.148
            187         121.148
            188         121.148
            189         121.148
            190         121.148
            191         121.148
            192         120.171
            193         120.171
            194         120.171
            195         120.171
            196         120.171
            197         120.171
            198         120.171
            199         120.171
            200         120.171
            201         120.171
            202         119.194
            203         119.194
            204         119.194
            205         119.194
            206         119.194
            207         119.194
            208         119.194
            209         119.194
            210         119.194
            211         119.194
            212         118.217
            213         118.217
            214         118.217
            215         118.217
            216         118.217
            217         118.217
            218         118.217
            219         118.217
            220         118.217
            221         118.217
            222         117.240
            223         117.240
            224         117.240
            225         117.240
            226         117.240
            227         117.240
            228         117.240
            229         117.240
            230         117.240
            231         116.263
            232         116.263
            233         116.263
            234         116.263
            235         116.263
            236         116.263
            237         116.263
            238         115.286
            239         115.286
            240         115.286
            241         115.286
            242         115.286
            243         115.286
            244         115.286
            245         115.286
            246         114.309
            247         114.309
            248         114.309
            249         114.309
            250         114.309
            251         114.309
            252         114.309
            253         114.309
            254         113.332
            255         113.332
            256         113.332
            257         113.332
            258         113.332
            259         113.332
            260         113.332
            261         113.332
            262         113.332
            263         112.355
            264         112.355
            265         112.355
            266         112.355
            267         112.355
            268         112.355
            269         112.355
            270         112.355
            271         112.355
            272         112.355
            273         112.355
            274         111.378
            275         111.378
            276         111.378
            277         111.378
            278         111.378
            279         111.378
            280         111.378
            281         111.378
            282         111.378
            283         111.378
            284         111.378
            285         110.401
            286         110.401
            287         110.401
            288         110.401
            289         110.401
            290         110.401
            291         110.401
            292         110.401
            293         110.401
            294         110.401
            295         109.424
            296         109.424
            297         109.424
            298         109.424
            299         109.424
            300         109.424
            301         109.424
            302         109.424
            303         109.424
            304         109.424
            305         108.447
            306         108.447
            307         108.447
            308         108.447
            309         108.447
            310         108.447
            311         108.447
            312         108.447
            313         108.447
            314         108.447
            315         107.470
            316         107.470
            317         107.470
            318         107.470
            319         107.470
            320         107.470
            321         107.470
            322         107.470
            323         107.470
            324         106.493
            325         106.493
            326         106.493
            327         106.493
            328         106.493
            329         106.493
            330         106.493
            331         106.493
            332         105.516
            333         105.516
            334         105.516
            335         105.516
            336         105.516
            337         105.516
            338         105.516
            339         105.516
            340         105.516
            341         104.539
            342         104.539
            343         104.539
            344         104.539
            345         104.539
            346         104.539
            347         104.539
            348         104.539
            349         104.539
            350         104.539
            351         104.539
            352         104.539
            353         104.539
            354         104.539
            355         103.562
            356         103.562
            357         103.562
            358         103.562
            359         103.562
            360         103.562
            361         103.562
            362         103.562
            363         103.562
            364         103.562
            365         103.562
            366         103.562
            367         103.562
            368         103.562
            369         103.562
            370         103.562
            371         103.562
            372         103.562
            373         102.585
            374         102.585
            375         102.585
            376         102.585
            377         102.585
            378         102.585
            379         102.585
            380         102.585
            381         102.585
            382         101.608
            383         101.608
            384         101.608
            385         101.608
            386         101.608
            387         101.608
            388         101.608
            389         101.608
            390         101.608
            391         101.608
            392         101.608
            393         101.608
            394         101.608
            395         101.608
            396         101.608
            397         101.608
            398         101.608
            399         101.608
            400         101.608
            401         101.608
            402         101.608
            403         101.608
            404         101.608
            405         101.608
            406         101.608
            407         101.608
            408         101.608
            409         101.608
            410         101.608
            411         101.608
            412         101.608
            413         101.608
            414         100.631
            415         100.631
            416         100.631
            417         100.631
            418         100.631
            419         100.631
            420         100.631
            421         100.631
            422         100.631
            423         100.631
            424         100.631
            425         100.631
            426         100.631
            427         100.631
            428         100.631
            429         100.631
            430         100.631
            431         100.631
            432         100.631
            433         100.631
            434         100.631
            435         100.631
            436         100.631
            437         100.631
            438         100.631
            439         100.631
            440         100.631
            441         100.631
            442         100.631
            443         100.631
            444         100.631
            445         100.631
            446         100.631
            447         100.631
            448         100.631
            449         100.631
            450         100.631
            451         100.631
            452         100.631
            453         100.631
            454         100.631
            455         100.631
            456         100.631
            457         100.631
            458         100.631
            459         100.631
            460         100.631
            461         100.631
            462          99.654
            463          99.654
            464          99.654
            465          99.654
            466          99.654
            467          99.654
            468          99.654
            469          99.654
            470          99.654
            471          99.654
            472          98.677
