TRACENO
              1         190.515
              2         190.515
              3         190.515
              4         190.515
              5         190.515
              6         190.515
              7         190.515
              8         190.515
              9         190.515
             10         190.515
             11         190.515
             12         190.515
             13         190.515
             14         190.515
             15         190.515
             16         190.515
             17         190.515
             18         190.515
             19         191.492
             20         191.492
             21         191.492
             22         190.515
             23         190.515
             24         190.515
             25         190.515
             26         190.515
             27         190.515
             28         190.515
             29         190.515
             30         190.515
             31         190.515
             32         190.515
             33         190.515
             34         190.515
             35         191.492
             36         191.492
             37         190.515
             38         190.515
             39         190.515
             40         190.515
             41         190.515
             42         190.515
             43         190.515
             44         190.515
             45         190.515
             46         190.515
             47         190.515
             48         190.515
             49         190.515
             50         190.515
             51         190.515
             52         190.515
             53         190.515
             54         190.515
             55         190.515
             56         190.515
             57         191.492
             58         191.492
             59         191.492
             60         191.492
             61         191.492
             62         191.492
             63         191.492
             64         191.492
             65         191.492
             66         191.492
             67         191.492
             68         191.492
             69         191.492
             70         191.492
             71         191.492
             72         191.492
             73         191.492
             74         191.492
             75         191.492
             76         191.492
             77         191.492
             78         191.492
             79         191.492
             80         191.492
             81         191.492
             82         191.492
             83         191.492
             84         191.492
             85         191.492
             86         191.492
             87         191.492
             88         191.492
             89         191.492
             90         191.492
             91         191.492
             92         191.492
             93         191.492
             94         191.492
             95         191.492
             96         191.492
             97         191.492
             98         191.492
             99         191.492
            100         191.492
            101         191.492
            102         191.492
            103         191.492
            104         191.492
            105         191.492
            106         191.492
            107         191.492
            108         191.492
            109         191.492
            110         191.492
            111         191.492
            112         191.492
            113         191.492
            114         191.492
            115         191.492
            116         191.492
            117         191.492
            118         191.492
            119         191.492
            120         191.492
            121         191.492
            122         191.492
            123         191.492
            124         191.492
            125         191.492
            126         191.492
            127         191.492
            128         191.492
            129         191.492
            130         191.492
            131         191.492
            132         191.492
            133         191.492
            134         191.492
            135         191.492
            136         191.492
            137         191.492
            138         191.492
            139         191.492
            140         191.492
            141         191.492
            142         191.492
            143         191.492
            144         191.492
            145         191.492
            146         191.492
            147         191.492
            148         191.492
            149         191.492
            150         191.492
            151         191.492
            152         191.492
            153         191.492
            154         191.492
            155         191.492
            156         191.492
            157         191.492
            158         191.492
            159         191.492
            160         191.492
            161         191.492
            162         191.492
            163         191.492
            164         191.492
            165         191.492
            166         191.492
            167         191.492
            168         191.492
            169         191.492
            170         191.492
            171         191.492
            172         191.492
            173         191.492
            174         191.492
            175         191.492
            176         191.492
            177         191.492
            178         191.492
            179         191.492
            180         191.492
            181         191.492
            182         191.492
            183         191.492
            184         191.492
            185         191.492
            186         191.492
            187         191.492
            188         191.492
            189         191.492
            190         191.492
            191         191.492
            192         191.492
            193         191.492
            194         191.492
            195         191.492
            196         191.492
            197         191.492
            198         191.492
            199         191.492
            200         191.492
            201         191.492
            202         191.492
            203         191.492
            204         191.492
            205         191.492
            206         191.492
            207         191.492
            208         191.492
            209         191.492
            210         191.492
            211         191.492
            212         191.492
            213         191.492
            214         192.469
            215         192.469
            216         192.469
            217         192.469
            218         192.469
            219         192.469
            220         192.469
            221         192.469
            222         192.469
            223         192.469
            224         192.469
            225         192.469
            226         192.469
            227         192.469
            228         192.469
            229         191.492
            230         191.492
            231         191.492
            232         191.492
            233         191.492
            234         191.492
            235         191.492
            236         191.492
            237         191.492
            238         191.492
            239         191.492
            240         191.492
            241         191.492
            242         191.492
            243         191.492
            244         191.492
            245         191.492
            246         191.492
            247         191.492
            248         191.492
            249         191.492
            250         191.492
            251         191.492
            252         191.492
            253         191.492
            254         191.492
            255         191.492
            256         191.492
            257         191.492
            258         191.492
            259         191.492
            260         191.492
            261         191.492
            262         191.492
            263         191.492
            264         191.492
            265         191.492
            266         191.492
            267         191.492
            268         191.492
            269         191.492
            270         191.492
            271         192.469
            272         192.469
            273         192.469
            274         192.469
            275         192.469
            276         192.469
            277         191.492
            278         191.492
            279         191.492
            280         191.492
            281         191.492
            282         191.492
            283         191.492
            284         191.492
            285         191.492
            286         191.492
            287         191.492
            288         191.492
            289         191.492
            290         191.492
            291         191.492
            292         191.492
            293         191.492
            294         191.492
            295         191.492
            296         191.492
            297         191.492
            298         191.492
            299         192.469
            300         192.469
            301         192.469
            302         192.469
            303         192.469
            304         192.469
            305         192.469
            306         192.469
            307         192.469
            308         192.469
            309         192.469
            310         192.469
            311         192.469
            312         192.469
            313         192.469
            314         193.446
            315         193.446
            316         193.446
            317         193.446
            318         193.446
            319         193.446
            320         193.446
            321         193.446
            322         193.446
            323         193.446
            324         193.446
            325         193.446
            326         193.446
            327         193.446
            328         194.423
            329         194.423
            330         193.446
            331         193.446
            332         193.446
            333         193.446
            334         193.446
            335         193.446
            336         193.446
            337         193.446
            338         193.446
            339         193.446
            340         193.446
            341         193.446
            342         193.446
            343         193.446
            344         193.446
            345         193.446
            346         193.446
            347         193.446
            348         193.446
            349         193.446
            350         193.446
            351         193.446
            352         193.446
            353         193.446
            354         193.446
            355         193.446
            356         193.446
            357         193.446
            358         193.446
            359         193.446
            360         193.446
            361         193.446
            362         193.446
            363         193.446
            364         193.446
            365         193.446
            366         193.446
            367         193.446
            368         193.446
            369         193.446
            370         193.446
            371         193.446
            372         193.446
            373         193.446
            374         193.446
            375         193.446
            376         193.446
            377         193.446
            378         193.446
            379         193.446
            380         193.446
            381         192.469
            382         192.469
            383         192.469
            384         192.469
            385         192.469
            386         191.492
            387         191.492
            388         191.492
            389         191.492
            390         191.492
            391         190.515
            392         191.492
            393         191.492
            394         191.492
            395         191.492
            396         191.492
            397         191.492
            398         191.492
            399         191.492
            400         191.492
            401         191.492
            402         191.492
            403         191.492
            404         191.492
            405         191.492
            406         191.492
            407         191.492
            408         191.492
            409         191.492
            410         191.492
            411         192.469
            412         192.469
            413         192.469
            414         192.469
            415         192.469
            416         191.492
            417         191.492
            418         191.492
            419         191.492
            420         191.492
            421         191.492
            422         191.492
            423         191.492
            424         191.492
            425         191.492
            426         190.515
            427         190.515
            428         190.515
            429         190.515
            430         190.515
            431         190.515
            432         190.515
            433         190.515
            434         190.515
            435         190.515
            436         190.515
            437         190.515
            438         190.515
            439         190.515
            440         190.515
            441         190.515
            442         190.515
            443         190.515
            444         190.515
            445         191.492
            446         191.492
            447         191.492
            448         191.492
            449         191.492
            450         191.492
            451         191.492
            452         191.492
            453         191.492
            454         191.492
            455         191.492
            456         191.492
            457         191.492
            458         191.492
            459         191.492
            460         191.492
            461         191.492
            462         191.492
            463         191.492
            464         191.492
            465         191.492
            466         191.492
            467         191.492
            468         191.492
            469         190.515
            470         190.515
            471         190.515
            472         190.515
            473         190.515
            474         190.515
            475         190.515
            476         190.515
            477         190.515
            478         190.515
            479         190.515
            480         190.515
            481         190.515
            482         190.515
            483         190.515
            484         190.515
            485         190.515
            486         190.515
            487         190.515
            488         190.515
            489         190.515
            490         190.515
            491         190.515
            492         189.538
            493         189.538
            494         189.538
            495         189.538
            496         189.538
            497         189.538
            498         189.538
            499         189.538
            500         189.538
            501         189.538
            502         189.538
            503         189.538
            504         189.538
            505         189.538
            506         189.538
            507         188.561
            508         188.561
            509         188.561
            510         188.561
            511         188.561
            512         188.561
            513         188.561
            514         188.561
            515         188.561
            516         188.561
            517         188.561
            518         188.561
            519         188.561
            520         188.561
            521         188.561
            522         188.561
            523         188.561
            524         188.561
            525         188.561
            526         188.561
            527         188.561
            528         189.538
            529         189.538
            530         189.538
            531         189.538
            532         189.538
            533         189.538
            534         189.538
            535         189.538
            536         189.538
            537         189.538
            538         189.538
            539         189.538
            540         189.538
            541         189.538
            542         190.515
            543         190.515
            544         190.515
            545         190.515
            546         190.515
            547         190.515
            548         190.515
            549         190.515
            550         190.515
            551         190.515
            552         190.515
            553         190.515
            554         190.515
            555         190.515
            556         190.515
            557         190.515
            558         190.515
            559         190.515
            560         190.515
            561         190.515
            562         190.515
            563         190.515
            564         190.515
            565         190.515
            566         190.515
            567         190.515
            568         190.515
            569         190.515
            570         190.515
            571         190.515
            572         190.515
            573         190.515
            574         190.515
            575         190.515
            576         190.515
            577         190.515
            578         190.515
            579         190.515
            580         190.515
            581         190.515
            582         190.515
            583         190.515
            584         190.515
            585         190.515
            586         190.515
            587         190.515
            588         190.515
            589         190.515
            590         190.515
            591         190.515
            592         190.515
            593         190.515
            594         190.515
            595         190.515
            596         190.515
            597         190.515
