TRACENO
              1          95.746
              2          95.746
              3          95.746
              4          95.746
              5          95.746
              6          95.746
              7          95.746
              8          94.769
              9          94.769
             10          94.769
             11          94.769
             12          94.769
             13          94.769
             14          94.769
             15          94.769
             16          94.769
             17          94.769
             18          94.769
             19          94.769
             20          94.769
             21          94.769
             22          94.769
             23          94.769
             24          94.769
             25          94.769
             26          94.769
             27          94.769
             28          94.769
             29          94.769
             30          94.769
             31          94.769
             32          94.769
             33          94.769
             34          94.769
             35          94.769
             36          94.769
             37          94.769
             38          94.769
             39          94.769
             40          94.769
             41          94.769
             42          94.769
             43          94.769
             44          94.769
             45          94.769
             46          94.769
             47          94.769
             48          94.769
             49          94.769
             50          94.769
             51          94.769
             52          94.769
             53          94.769
             54          94.769
             55          94.769
             56          94.769
             57          94.769
             58          94.769
             59          94.769
             60          94.769
             61          94.769
             62          94.769
             63          95.746
             64          95.746
             65          95.746
             66          95.746
             67          95.746
             68          95.746
             69          95.746
             70          95.746
             71          95.746
             72          95.746
             73          95.746
             74          95.746
             75          95.746
             76          95.746
             77          95.746
             78          96.723
             79          96.723
             80          96.723
             81          96.723
             82          96.723
             83          96.723
             84          96.723
             85          96.723
             86          96.723
             87          96.723
             88          96.723
             89          96.723
             90          96.723
             91          96.723
             92          96.723
             93          96.723
             94          96.723
             95          96.723
             96          96.723
             97          96.723
             98          96.723
             99          96.723
            100          96.723
            101          96.723
            102          96.723
            103          96.723
            104          96.723
            105          96.723
            106          96.723
            107          96.723
            108          96.723
            109          96.723
            110          96.723
            111          96.723
            112          96.723
            113          96.723
            114          96.723
            115          96.723
            116          96.723
            117          96.723
            118          96.723
            119          96.723
            120          96.723
            121          96.723
            122          96.723
            123          96.723
            124          96.723
            125          96.723
            126          96.723
            127          96.723
            128          96.723
            129          96.723
            130          96.723
            131          96.723
            132          96.723
            133          96.723
            134          96.723
            135          96.723
            136          96.723
            137          96.723
            138          96.723
            139          96.723
            140          96.723
            141          95.746
            142          95.746
            143          95.746
            144          95.746
            145          95.746
            146          95.746
            147          95.746
            148          95.746
            149          95.746
            150          95.746
            151          95.746
            152          95.746
            153          95.746
            154          95.746
            155          95.746
            156          95.746
            157          95.746
            158          95.746
            159          95.746
            160          95.746
            161          95.746
            162          95.746
            163          95.746
            164          95.746
            165          95.746
            166          95.746
            167          95.746
            168          95.746
            169          95.746
            170          95.746
            171          95.746
            172          95.746
            173          95.746
            174          95.746
            175          95.746
            176          95.746
            177          95.746
            178          95.746
            179          95.746
            180          95.746
            181          95.746
            182          95.746
            183          95.746
            184          95.746
            185          95.746
            186          95.746
            187          95.746
            188          95.746
            189          95.746
            190          95.746
            191          95.746
            192          95.746
            193          95.746
            194          95.746
            195          94.769
            196          94.769
            197          94.769
            198          94.769
            199          94.769
            200          94.769
            201          94.769
            202          94.769
            203          94.769
            204          94.769
            205          94.769
            206          94.769
            207          94.769
            208          94.769
            209          94.769
            210          94.769
            211          94.769
            212          94.769
            213          94.769
            214          94.769
            215          94.769
            216          94.769
            217          94.769
            218          94.769
            219          94.769
            220          94.769
            221          94.769
            222          94.769
            223          94.769
            224          94.769
            225          94.769
            226          94.769
            227          94.769
            228          94.769
            229          94.769
            230          94.769
            231          94.769
            232          94.769
            233          94.769
            234          94.769
            235          94.769
            236          94.769
            237          94.769
            238          94.769
            239          94.769
            240          94.769
            241          94.769
            242          94.769
            243          94.769
            244          94.769
            245          94.769
            246          94.769
            247          94.769
            248          94.769
            249          94.769
            250          94.769
            251          94.769
            252          94.769
            253          94.769
            254          94.769
            255          94.769
            256          94.769
            257          94.769
            258          94.769
            259          94.769
            260          94.769
            261          94.769
            262          94.769
            263          94.769
            264          94.769
            265          94.769
            266          94.769
            267          94.769
            268          94.769
            269          94.769
            270          94.769
            271          94.769
            272          95.746
            273          95.746
            274          95.746
            275          95.746
            276          95.746
            277          95.746
            278          95.746
            279          95.746
            280          95.746
            281          95.746
            282          95.746
            283          95.746
            284          95.746
            285          95.746
            286          95.746
            287          95.746
            288          95.746
            289          95.746
            290          95.746
            291          95.746
            292          95.746
            293          95.746
            294          95.746
            295          95.746
            296          95.746
            297          95.746
            298          95.746
            299          95.746
            300          95.746
            301          95.746
            302          95.746
            303          95.746
            304          95.746
            305          95.746
            306          95.746
            307          95.746
            308          95.746
            309          95.746
            310          95.746
            311          95.746
            312          95.746
            313          95.746
            314          95.746
            315          95.746
            316          95.746
            317          95.746
            318          95.746
            319          95.746
            320          95.746
            321          95.746
            322          95.746
            323          95.746
            324          95.746
            325          95.746
            326          95.746
            327          95.746
            328          95.746
            329          95.746
            330          95.746
            331          95.746
            332          95.746
            333          95.746
            334          95.746
            335          95.746
            336          95.746
            337          95.746
            338          95.746
            339          95.746
            340          95.746
            341          95.746
            342          95.746
            343          95.746
            344          95.746
            345          95.746
            346          95.746
            347          95.746
            348          95.746
            349          96.723
            350          96.723
            351          96.723
            352          96.723
            353          96.723
            354          96.723
            355          96.723
            356          96.723
            357          96.723
            358          96.723
            359          96.723
            360          96.723
            361          96.723
            362          96.723
            363          96.723
            364          96.723
            365          96.723
            366          96.723
            367          96.723
            368          96.723
            369          96.723
            370          96.723
            371          96.723
            372          96.723
            373          96.723
            374          96.723
            375          96.723
            376          96.723
            377          96.723
            378          96.723
            379          96.723
            380          96.723
            381          96.723
            382          96.723
            383          96.723
            384          96.723
            385          96.723
            386          96.723
            387          96.723
            388          96.723
            389          96.723
            390          96.723
            391          96.723
            392          96.723
            393          96.723
            394          96.723
            395          96.723
            396          96.723
            397          96.723
            398          96.723
            399          96.723
            400          96.723
            401          96.723
            402          96.723
            403          96.723
            404          96.723
            405          96.723
            406          96.723
            407          96.723
            408          96.723
            409          96.723
            410          96.723
            411          96.723
            412          96.723
            413          96.723
            414          96.723
            415          96.723
            416          96.723
            417          96.723
            418          96.723
            419          96.723
            420          96.723
            421          96.723
            422          96.723
            423          96.723
            424          96.723
            425          96.723
            426          96.723
            427          96.723
            428          96.723
            429          96.723
            430          96.723
            431          96.723
            432          96.723
            433          96.723
            434          96.723
            435          96.723
            436          96.723
            437          96.723
            438          96.723
            439          96.723
            440          96.723
            441          96.723
            442          96.723
            443          96.723
            444          96.723
            445          96.723
            446          96.723
            447          96.723
            448          96.723
            449          96.723
            450          96.723
            451          96.723
            452          96.723
            453          96.723
            454          96.723
            455          96.723
            456          96.723
            457          96.723
            458          96.723
            459          96.723
            460          96.723
            461          96.723
            462          96.723
            463          96.723
            464          96.723
            465          96.723
            466          96.723
            467          96.723
            468          96.723
            469          96.723
            470          96.723
            471          96.723
            472          96.723
            473          96.723
            474          96.723
            475          96.723
            476          96.723
            477          96.723
            478          96.723
            479          96.723
            480          96.723
            481          97.700
            482          97.700
            483          97.700
            484          97.700
            485          97.700
            486          97.700
            487          97.700
            488          97.700
            489          97.700
            490          97.700
            491          97.700
            492          97.700
            493          96.723
            494          96.723
            495          96.723
            496          96.723
            497          96.723
            498          96.723
            499          96.723
            500          96.723
            501          96.723
            502          96.723
            503          96.723
            504          96.723
            505          96.723
            506          96.723
            507          96.723
            508          96.723
            509          96.723
            510          96.723
            511          96.723
            512          96.723
            513          96.723
            514          96.723
            515          96.723
            516          96.723
            517          96.723
            518          96.723
            519          96.723
            520          96.723
            521          96.723
            522          96.723
            523          96.723
            524          96.723
            525          96.723
            526          96.723
            527          96.723
            528          96.723
            529          96.723
            530          96.723
            531          96.723
            532          96.723
            533          96.723
            534          96.723
            535          96.723
            536          96.723
            537          96.723
            538          96.723
            539          96.723
            540          96.723
            541          96.723
            542          96.723
            543          96.723
            544          96.723
            545          96.723
            546          96.723
            547          96.723
            548          96.723
            549          96.723
            550          96.723
            551          96.723
            552          96.723
            553          95.746
            554          95.746
            555          95.746
            556          95.746
            557          95.746
            558          95.746
            559          95.746
            560          95.746
            561          95.746
            562          95.746
            563          95.746
            564          95.746
            565          95.746
            566          95.746
            567          95.746
            568          95.746
            569          95.746
            570          95.746
            571          95.746
            572          95.746
            573          95.746
            574          95.746
            575          95.746
            576          95.746
            577          95.746
            578          95.746
            579          95.746
            580          94.769
            581          94.769
            582          94.769
            583          94.769
            584          94.769
            585          94.769
            586          94.769
            587          94.769
            588          94.769
            589          94.769
            590          94.769
            591          94.769
            592          94.769
            593          94.769
            594          94.769
            595          94.769
            596          94.769
