TRACENO
              1         276.491
              2         276.491
              3         276.491
              4         276.491
              5         276.491
              6         276.491
              7         276.491
              8         276.491
              9         276.491
             10         276.491
             11         276.491
             12         275.514
             13         275.514
             14         275.514
             15         275.514
             16         275.514
             17         275.514
             18         275.514
             19         275.514
             20         275.514
             21         275.514
             22         275.514
             23         275.514
             24         274.537
             25         274.537
             26         274.537
             27         274.537
             28         274.537
             29         274.537
             30         274.537
             31         274.537
             32         274.537
             33         274.537
             34         274.537
             35         274.537
             36         274.537
             37         274.537
             38         274.537
             39         274.537
             40         274.537
             41         274.537
             42         274.537
             43         274.537
             44         274.537
             45         274.537
             46         274.537
             47         274.537
             48         274.537
             49         274.537
             50         274.537
             51         273.560
             52         273.560
             53         273.560
             54         273.560
             55         273.560
             56         273.560
             57         273.560
             58         273.560
             59         273.560
             60         273.560
             61         273.560
             62         273.560
             63         273.560
             64         273.560
             65         273.560
             66         273.560
             67         273.560
             68         273.560
             69         273.560
             70         273.560
             71         273.560
             72         273.560
             73         273.560
             74         273.560
             75         273.560
             76         273.560
             77         273.560
             78         273.560
             79         273.560
             80         273.560
             81         273.560
             82         273.560
             83         273.560
             84         273.560
             85         273.560
             86         273.560
             87         273.560
             88         273.560
             89         273.560
             90         274.537
             91         274.537
             92         274.537
             93         274.537
             94         274.537
             95         274.537
             96         274.537
             97         274.537
             98         274.537
             99         274.537
            100         274.537
            101         274.537
            102         274.537
            103         274.537
            104         274.537
            105         274.537
            106         274.537
            107         274.537
            108         274.537
            109         274.537
            110         274.537
            111         274.537
            112         274.537
            113         274.537
            114         274.537
            115         274.537
            116         274.537
            117         274.537
            118         274.537
            119         274.537
            120         273.560
            121         273.560
            122         273.560
            123         273.560
            124         273.560
            125         273.560
            126         273.560
            127         273.560
            128         273.560
            129         273.560
            130         273.560
            131         273.560
            132         273.560
            133         273.560
            134         273.560
            135         273.560
            136         273.560
            137         273.560
            138         273.560
            139         273.560
            140         273.560
            141         273.560
            142         273.560
            143         273.560
            144         273.560
            145         273.560
            146         273.560
            147         273.560
            148         273.560
            149         273.560
            150         273.560
            151         273.560
            152         273.560
            153         272.583
            154         272.583
            155         272.583
            156         272.583
            157         272.583
            158         272.583
            159         272.583
            160         272.583
            161         272.583
            162         272.583
            163         272.583
            164         272.583
            165         272.583
            166         272.583
            167         272.583
            168         272.583
            169         272.583
            170         272.583
            171         272.583
            172         272.583
            173         272.583
            174         272.583
            175         272.583
            176         272.583
            177         272.583
            178         271.606
            179         271.606
            180         271.606
            181         271.606
            182         271.606
            183         271.606
            184         271.606
            185         271.606
            186         271.606
            187         271.606
            188         271.606
            189         271.606
            190         271.606
            191         271.606
            192         271.606
            193         271.606
            194         270.629
            195         270.629
            196         270.629
            197         270.629
            198         270.629
            199         270.629
            200         270.629
            201         270.629
            202         270.629
            203         270.629
            204         270.629
            205         270.629
            206         270.629
            207         270.629
            208         270.629
            209         270.629
            210         270.629
            211         270.629
            212         270.629
            213         270.629
            214         270.629
            215         270.629
            216         270.629
            217         270.629
            218         270.629
            219         270.629
            220         270.629
            221         270.629
            222         270.629
            223         270.629
            224         270.629
            225         270.629
            226         270.629
            227         270.629
            228         270.629
            229         270.629
            230         270.629
            231         270.629
            232         270.629
            233         270.629
            234         270.629
            235         270.629
            236         270.629
            237         270.629
            238         270.629
            239         270.629
            240         270.629
            241         270.629
            242         270.629
            243         270.629
            244         270.629
            245         270.629
            246         270.629
            247         270.629
            248         270.629
            249         270.629
            250         270.629
            251         270.629
            252         270.629
            253         270.629
            254         270.629
            255         270.629
            256         270.629
            257         270.629
            258         270.629
            259         270.629
            260         270.629
            261         270.629
            262         270.629
            263         270.629
            264         270.629
            265         270.629
            266         270.629
            267         270.629
            268         270.629
            269         270.629
            270         270.629
            271         270.629
            272         270.629
            273         270.629
            274         270.629
            275         270.629
            276         270.629
            277         270.629
            278         270.629
            279         270.629
            280         270.629
            281         270.629
            282         270.629
            283         270.629
            284         270.629
            285         270.629
            286         270.629
            287         270.629
            288         270.629
            289         270.629
            290         270.629
            291         270.629
            292         270.629
            293         270.629
            294         270.629
            295         270.629
            296         270.629
            297         270.629
            298         270.629
            299         270.629
            300         270.629
            301         270.629
            302         270.629
            303         270.629
            304         270.629
            305         269.652
            306         269.652
            307         269.652
            308         269.652
            309         269.652
            310         269.652
            311         269.652
            312         269.652
            313         269.652
            314         269.652
            315         269.652
            316         269.652
            317         269.652
            318         269.652
            319         269.652
            320         269.652
            321         269.652
            322         269.652
            323         269.652
            324         269.652
            325         269.652
            326         269.652
            327         269.652
            328         268.675
            329         268.675
            330         268.675
            331         268.675
            332         268.675
            333         268.675
            334         268.675
            335         268.675
            336         268.675
            337         268.675
            338         268.675
            339         268.675
            340         268.675
            341         268.675
            342         268.675
            343         268.675
            344         267.698
            345         267.698
            346         267.698
            347         267.698
            348         267.698
            349         267.698
            350         267.698
            351         267.698
            352         267.698
            353         267.698
            354         267.698
            355         267.698
            356         267.698
            357         267.698
            358         267.698
            359         266.721
            360         266.721
            361         266.721
            362         266.721
            363         266.721
            364         266.721
            365         266.721
            366         266.721
            367         266.721
            368         266.721
            369         266.721
            370         266.721
            371         266.721
            372         266.721
            373         265.744
            374         265.744
            375         265.744
            376         265.744
            377         265.744
            378         265.744
            379         265.744
            380         265.744
            381         265.744
            382         265.744
            383         265.744
            384         265.744
            385         265.744
            386         265.744
            387         265.744
            388         265.744
            389         265.744
            390         265.744
            391         265.744
            392         265.744
            393         265.744
            394         264.767
            395         264.767
            396         264.767
            397         264.767
            398         264.767
            399         264.767
            400         264.767
            401         264.767
            402         264.767
            403         264.767
            404         264.767
            405         264.767
            406         264.767
            407         264.767
            408         264.767
            409         264.767
            410         264.767
            411         264.767
            412         264.767
            413         264.767
            414         264.767
            415         264.767
            416         264.767
            417         264.767
            418         264.767
            419         264.767
            420         264.767
            421         264.767
            422         264.767
            423         264.767
            424         264.767
            425         264.767
            426         264.767
            427         264.767
            428         264.767
            429         264.767
            430         264.767
            431         264.767
            432         264.767
            433         264.767
            434         264.767
            435         264.767
            436         264.767
            437         263.790
            438         263.790
            439         263.790
            440         263.790
            441         263.790
            442         263.790
            443         263.790
            444         263.790
            445         263.790
            446         263.790
            447         263.790
            448         263.790
            449         263.790
            450         263.790
            451         263.790
            452         263.790
            453         263.790
            454         263.790
            455         262.813
            456         262.813
            457         262.813
            458         262.813
            459         262.813
            460         262.813
            461         262.813
            462         262.813
            463         262.813
            464         262.813
            465         262.813
            466         262.813
            467         261.836
            468         261.836
            469         261.836
            470         261.836
            471         261.836
            472         261.836
            473         261.836
            474         261.836
            475         261.836
            476         261.836
            477         261.836
            478         261.836
            479         261.836
            480         261.836
            481         261.836
            482         261.836
            483         261.836
            484         261.836
            485         261.836
            486         261.836
            487         261.836
            488         261.836
            489         261.836
            490         260.859
            491         260.859
            492         260.859
            493         260.859
            494         260.859
            495         260.859
            496         260.859
            497         260.859
            498         260.859
            499         259.882
            500         259.882
            501         259.882
            502         259.882
            503         259.882
            504         259.882
            505         259.882
            506         259.882
            507         258.905
            508         258.905
            509         258.905
            510         258.905
            511         258.905
            512         258.905
            513         257.928
            514         257.928
            515         257.928
            516         257.928
            517         257.928
            518         256.951
            519         256.951
            520         256.951
            521         256.951
            522         256.951
            523         256.951
            524         256.951
            525         256.951
            526         257.928
            527         256.951
            528         256.951
            529         256.951
            530         256.951
            531         255.974
            532         255.974
            533         255.974
            534         255.974
            535         254.997
            536         254.997
            537         254.997
            538         254.997
            539         254.997
            540         254.997
            541         254.997
            542         254.020
            543         254.020
            544         254.020
            545         254.020
            546         254.020
            547         254.020
            548         254.020
            549         253.043
            550         253.043
            551         253.043
            552         253.043
            553         253.043
            554         253.043
            555         253.043
            556         253.043
            557         253.043
            558         253.043
            559         253.043
            560         252.066
            561         252.066
            562         252.066
            563         252.066
            564         252.066
            565         252.066
            566         252.066
            567         251.089
            568         251.089
            569         251.089
            570         251.089
            571         251.089
            572         251.089
            573         251.089
            574         251.089
            575         251.089
            576         250.112
            577         250.112
            578         250.112
            579         250.112
            580         250.112
            581         250.112
            582         250.112
            583         250.112
            584         250.112
            585         250.112
            586         250.112
            587         251.089
            588         251.089
            589         251.089
            590         251.089
            591         251.089
            592         251.089
            593         252.066
            594         252.066
            595         252.066
            596         252.066
            597         252.066
            598         252.066
            599         253.043
            600         253.043
            601         253.043
            602         252.066
            603         252.066
            604         252.066
            605         252.066
            606         252.066
            607         252.066
            608         251.089
            609         251.089
            610         251.089
            611         251.089
            612         251.089
            613         251.089
            614         252.066
            615         252.066
            616         252.066
            617         252.066
            618         252.066
            619         252.066
            620         252.066
            621         252.066
            622         252.066
            623         251.089
            624         251.089
            625         251.089
            626         251.089
            627         251.089
            628         251.089
            629         251.089
            630         251.089
            631         252.066
            632         252.066
            633         253.043
            634         253.043
            635         253.043
            636         254.020
            637         254.020
            638         254.997
            639         254.997
            640         254.997
            641         255.974
            642         255.974
            643         255.974
            644         256.951
            645         256.951
            646         256.951
            647         257.928
            648         257.928
            649         257.928
            650         257.928
            651         257.928
            652         257.928
            653         257.928
            654         258.905
            655         258.905
            656         258.905
            657         258.905
            658         258.905
            659         258.905
            660         258.905
            661         258.905
            662         258.905
            663         258.905
            664         258.905
            665         258.905
            666         258.905
            667         258.905
            668         258.905
            669         258.905
            670         258.905
            671         258.905
            672         259.882
            673         259.882
            674         259.882
            675         259.882
            676         259.882
            677         259.882
            678         259.882
            679         259.882
            680         259.882
            681         259.882
            682         259.882
            683         259.882
            684         259.882
            685         259.882
            686         259.882
            687         259.882
            688         259.882
            689         259.882
            690         259.882
            691         259.882
            692         259.882
            693         260.859
            694         260.859
            695         260.859
            696         259.882
            697         259.882
            698         259.882
            699         259.882
            700         259.882
            701         259.882
            702         259.882
            703         259.882
            704         259.882
            705         259.882
            706         259.882
            707         259.882
            708         259.882
            709         259.882
            710         259.882
            711         259.882
            712         259.882
            713         259.882
            714         259.882
            715         259.882
            716         259.882
            717         259.882
            718         259.882
            719         259.882
            720         259.882
            721         258.905
            722         258.905
            723         258.905
            724         258.905
            725         258.905
            726         258.905
            727         258.905
            728         258.905
            729         258.905
            730         257.928
            731         257.928
            732         257.928
            733         257.928
            734         257.928
            735         257.928
            736         257.928
            737         257.928
            738         257.928
            739         257.928
            740         257.928
            741         257.928
            742         256.951
            743         256.951
            744         256.951
            745         256.951
            746         256.951
            747         256.951
            748         256.951
            749         256.951
            750         256.951
            751         255.974
            752         255.974
            753         255.974
            754         255.974
            755         255.974
            756         255.974
            757         255.974
            758         255.974
            759         255.974
            760         254.997
            761         254.997
            762         254.997
            763         254.997
            764         254.020
            765         254.020
            766         254.020
            767         253.043
            768         253.043
            769         253.043
            770         252.066
            771         252.066
            772         252.066
            773         252.066
            774         251.089
            775         251.089
            776         251.089
            777         251.089
            778         251.089
            779         251.089
            780         250.112
            781         250.112
            782         250.112
            783         250.112
            784         250.112
            785         250.112
            786         249.135
            787         249.135
            788         249.135
            789         249.135
            790         249.135
            791         248.158
            792         248.158
            793         248.158
            794         248.158
            795         247.181
            796         247.181
            797         247.181
            798         247.181
            799         246.204
            800         246.204
            801         246.204
            802         246.204
            803         245.227
            804         245.227
            805         245.227
            806         245.227
            807         244.250
            808         244.250
            809         244.250
            810         244.250
            811         244.250
            812         244.250
            813         244.250
            814         243.273
            815         243.273
            816         243.273
            817         243.273
            818         243.273
            819         242.296
            820         242.296
            821         242.296
            822         242.296
            823         242.296
            824         241.319
            825         241.319
            826         241.319
            827         241.319
            828         241.319
            829         241.319
            830         240.342
            831         240.342
            832         240.342
            833         240.342
            834         240.342
            835         240.342
            836         239.365
            837         239.365
            838         239.365
            839         239.365
            840         238.388
            841         238.388
            842         238.388
            843         237.411
            844         237.411
            845         237.411
            846         237.411
            847         237.411
            848         236.434
            849         236.434
            850         236.434
            851         236.434
            852         235.457
            853         235.457
            854         235.457
            855         235.457
            856         234.480
            857         234.480
            858         234.480
            859         233.503
            860         233.503
            861         233.503
            862         232.526
            863         232.526
            864         232.526
            865         232.526
            866         232.526
            867         232.526
            868         232.526
            869         232.526
            870         232.526
            871         231.549
            872         231.549
            873         231.549
            874         231.549
            875         231.549
            876         231.549
            877         230.572
            878         230.572
            879         230.572
            880         229.595
            881         229.595
            882         229.595
            883         229.595
            884         228.618
            885         228.618
            886         228.618
            887         228.618
            888         228.618
            889         228.618
            890         228.618
            891         227.641
            892         227.641
            893         227.641
            894         227.641
            895         226.664
            896         226.664
            897         226.664
            898         226.664
            899         225.687
            900         225.687
            901         225.687
            902         225.687
            903         224.710
            904         224.710
            905         224.710
            906         224.710
            907         224.710
            908         223.733
            909         223.733
            910         223.733
            911         223.733
            912         223.733
            913         223.733
            914         223.733
            915         222.756
            916         222.756
            917         222.756
            918         222.756
            919         222.756
            920         222.756
            921         222.756
            922         221.779
            923         221.779
            924         221.779
            925         221.779
            926         221.779
            927         220.802
            928         220.802
            929         220.802
            930         220.802
            931         220.802
            932         219.825
            933         219.825
            934         219.825
            935         219.825
            936         219.825
            937         218.848
            938         218.848
            939         218.848
            940         218.848
            941         218.848
            942         217.871
            943         217.871
            944         217.871
            945         217.871
            946         217.871
            947         216.894
            948         216.894
            949         216.894
            950         216.894
            951         216.894
            952         215.917
            953         215.917
            954         215.917
            955         215.917
            956         215.917
            957         214.940
            958         214.940
            959         214.940
            960         214.940
            961         214.940
            962         213.963
            963         213.963
            964         213.963
            965         213.963
            966         213.963
            967         213.963
            968         212.986
            969         212.986
            970         212.986
            971         212.986
            972         212.986
            973         212.986
            974         212.986
            975         212.009
            976         212.009
            977         212.009
            978         212.009
            979         212.009
            980         212.009
            981         211.032
            982         211.032
            983         211.032
            984         211.032
            985         211.032
            986         211.032
            987         210.055
            988         210.055
            989         210.055
            990         210.055
            991         210.055
            992         210.055
            993         209.078
            994         209.078
            995         209.078
            996         209.078
            997         209.078
            998         208.101
            999         208.101
           1000         208.101
           1001         208.101
           1002         208.101
           1003         208.101
           1004         208.101
           1005         208.101
           1006         208.101
           1007         208.101
           1008         208.101
           1009         207.124
           1010         207.124
           1011         207.124
           1012         207.124
           1013         207.124
           1014         207.124
           1015         207.124
           1016         207.124
           1017         207.124
           1018         206.147
           1019         206.147
           1020         206.147
           1021         206.147
           1022         206.147
           1023         206.147
           1024         205.170
           1025         205.170
           1026         205.170
           1027         205.170
           1028         205.170
           1029         205.170
           1030         204.193
           1031         204.193
           1032         204.193
           1033         204.193
           1034         204.193
           1035         204.193
           1036         204.193
           1037         204.193
           1038         204.193
           1039         204.193
           1040         204.193
           1041         204.193
           1042         204.193
           1043         204.193
           1044         204.193
           1045         203.216
           1046         203.216
           1047         203.216
           1048         203.216
           1049         203.216
           1050         203.216
           1051         203.216
           1052         203.216
           1053         203.216
           1054         203.216
           1055         202.239
           1056         202.239
           1057         202.239
           1058         202.239
           1059         202.239
           1060         202.239
           1061         202.239
           1062         202.239
           1063         202.239
           1064         202.239
           1065         202.239
           1066         202.239
           1067         202.239
           1068         202.239
           1069         202.239
           1070         202.239
           1071         202.239
           1072         202.239
           1073         202.239
           1074         202.239
           1075         202.239
           1076         202.239
           1077         202.239
           1078         202.239
           1079         202.239
           1080         202.239
           1081         202.239
           1082         203.216
           1083         203.216
           1084         203.216
           1085         203.216
           1086         203.216
           1087         203.216
           1088         203.216
           1089         203.216
           1090         203.216
           1091         203.216
           1092         203.216
           1093         203.216
           1094         203.216
           1095         203.216
           1096         203.216
           1097         203.216
           1098         203.216
           1099         203.216
           1100         203.216
           1101         204.193
           1102         204.193
           1103         204.193
           1104         204.193
           1105         204.193
           1106         204.193
           1107         203.216
           1108         203.216
           1109         203.216
           1110         203.216
           1111         203.216
           1112         203.216
           1113         203.216
           1114         203.216
           1115         203.216
           1116         203.216
           1117         203.216
           1118         203.216
           1119         203.216
           1120         203.216
           1121         203.216
           1122         203.216
           1123         203.216
           1124         203.216
           1125         203.216
           1126         203.216
           1127         203.216
           1128         203.216
           1129         203.216
           1130         203.216
           1131         203.216
           1132         203.216
           1133         204.193
           1134         204.193
           1135         204.193
           1136         204.193
           1137         204.193
           1138         204.193
           1139         204.193
           1140         204.193
           1141         204.193
           1142         204.193
           1143         204.193
           1144         204.193
           1145         204.193
           1146         204.193
           1147         204.193
           1148         204.193
           1149         204.193
           1150         204.193
           1151         204.193
           1152         204.193
           1153         205.170
           1154         205.170
           1155         205.170
           1156         205.170
           1157         205.170
           1158         205.170
           1159         205.170
           1160         205.170
           1161         205.170
           1162         205.170
           1163         205.170
           1164         205.170
           1165         205.170
           1166         205.170
           1167         205.170
           1168         205.170
           1169         205.170
           1170         205.170
           1171         206.147
           1172         206.147
           1173         206.147
           1174         206.147
           1175         206.147
           1176         206.147
           1177         206.147
           1178         206.147
           1179         206.147
           1180         207.124
           1181         207.124
           1182         207.124
           1183         207.124
           1184         207.124
           1185         207.124
           1186         207.124
           1187         207.124
           1188         208.101
           1189         208.101
           1190         208.101
           1191         208.101
           1192         208.101
           1193         208.101
           1194         208.101
           1195         209.078
           1196         209.078
           1197         209.078
           1198         209.078
           1199         209.078
           1200         209.078
           1201         209.078
           1202         210.055
           1203         210.055
           1204         210.055
           1205         210.055
           1206         210.055
           1207         210.055
           1208         211.032
           1209         211.032
           1210         211.032
           1211         211.032
           1212         211.032
           1213         212.009
           1214         212.009
           1215         212.009
           1216         212.009
           1217         212.009
           1218         212.986
           1219         212.986
           1220         212.986
           1221         212.986
           1222         213.963
           1223         213.963
           1224         213.963
           1225         214.940
           1226         214.940
           1227         214.940
           1228         214.940
           1229         214.940
           1230         214.940
           1231         214.940
           1232         215.917
           1233         215.917
           1234         215.917
           1235         215.917
           1236         215.917
           1237         216.894
           1238         216.894
           1239         216.894
           1240         217.871
           1241         217.871
           1242         217.871
           1243         218.848
           1244         218.848
           1245         218.848
           1246         219.825
           1247         219.825
           1248         219.825
           1249         220.802
           1250         220.802
           1251         220.802
           1252         221.779
           1253         221.779
           1254         221.779
           1255         222.756
           1256         222.756
           1257         222.756
           1258         223.733
           1259         223.733
           1260         223.733
           1261         224.710
           1262         224.710
           1263         224.710
           1264         225.687
           1265         225.687
           1266         226.664
           1267         226.664
           1268         226.664
           1269         227.641
           1270         227.641
           1271         227.641
           1272         227.641
           1273         228.618
           1274         228.618
           1275         228.618
           1276         228.618
           1277         229.595
           1278         229.595
           1279         229.595
           1280         229.595
           1281         230.572
           1282         230.572
           1283         231.549
           1284         231.549
           1285         231.549
           1286         232.526
           1287         232.526
           1288         232.526
           1289         232.526
           1290         233.503
           1291         233.503
           1292         233.503
           1293         234.480
           1294         234.480
           1295         235.457
           1296         235.457
           1297         236.434
           1298         236.434
           1299         237.411
           1300         237.411
           1301         237.411
           1302         237.411
           1303         237.411
           1304         237.411
           1305         237.411
           1306         237.411
           1307         237.411
           1308         237.411
           1309         237.411
           1310         238.388
           1311         238.388
           1312         239.365
           1313         239.365
           1314         240.342
           1315         240.342
           1316         241.319
           1317         241.319
           1318         242.296
           1319         242.296
           1320         243.273
           1321         244.250
           1322         244.250
           1323         245.227
           1324         246.204
           1325         246.204
           1326         247.181
           1327         247.181
           1328         248.158
           1329         248.158
           1330         249.135
           1331         249.135
           1332         250.112
           1333         250.112
           1334         250.112
           1335         251.089
           1336         251.089
           1337         252.066
           1338         252.066
           1339         253.043
           1340         253.043
           1341         254.020
           1342         254.020
           1343         254.997
           1344         254.997
           1345         255.974
           1346         255.974
           1347         256.951
           1348         256.951
           1349         257.928
           1350         257.928
           1351         258.905
           1352         258.905
           1353         258.905
           1354         259.882
           1355         259.882
           1356         260.859
           1357         260.859
           1358         261.836
           1359         261.836
           1360         261.836
           1361         262.813
           1362         262.813
           1363         263.790
           1364         263.790
           1365         263.790
           1366         264.767
           1367         264.767
           1368         264.767
           1369         264.767
           1370         265.744
           1371         265.744
           1372         265.744
           1373         265.744
           1374         266.721
           1375         266.721
           1376         267.698
           1377         267.698
           1378         267.698
           1379         268.675
           1380         268.675
           1381         268.675
           1382         269.652
           1383         269.652
           1384         270.629
           1385         270.629
           1386         270.629
           1387         271.606
           1388         271.606
           1389         272.583
           1390         272.583
           1391         272.583
           1392         273.560
           1393         273.560
           1394         273.560
           1395         274.537
           1396         274.537
           1397         274.537
           1398         274.537
           1399         274.537
           1400         274.537
           1401         274.537
           1402         275.514
           1403         275.514
           1404         275.514
           1405         275.514
           1406         275.514
           1407         274.537
           1408         274.537
           1409         273.560
           1410         274.537
           1411         274.537
           1412         274.537
           1413         274.537
           1414         274.537
           1415         274.537
           1416         275.514
           1417         275.514
           1418         275.514
           1419         276.491
           1420         276.491
           1421         276.491
           1422         276.491
           1423         277.468
           1424         277.468
           1425         277.468
           1426         278.445
           1427         278.445
           1428         278.445
           1429         278.445
           1430         278.445
           1431         278.445
           1432         278.445
           1433         278.445
           1434         278.445
           1435         278.445
           1436         278.445
           1437         278.445
           1438         278.445
           1439         279.422
           1440         279.422
           1441         279.422
           1442         279.422
           1443         279.422
           1444         279.422
           1445         279.422
           1446         279.422
           1447         279.422
           1448         280.399
           1449         280.399
           1450         280.399
           1451         280.399
           1452         280.399
           1453         280.399
           1454         280.399
           1455         280.399
           1456         280.399
           1457         280.399
           1458         281.376
           1459         281.376
           1460         281.376
           1461         281.376
           1462         281.376
           1463         281.376
           1464         281.376
           1465         281.376
           1466         281.376
           1467         281.376
           1468         282.353
           1469         282.353
           1470         282.353
           1471         282.353
           1472         282.353
           1473         282.353
           1474         282.353
           1475         282.353
           1476         282.353
           1477         282.353
           1478         283.330
           1479         283.330
           1480         283.330
           1481         283.330
           1482         283.330
           1483         283.330
           1484         283.330
           1485         283.330
           1486         283.330
           1487         283.330
           1488         283.330
           1489         284.307
           1490         284.307
           1491         284.307
           1492         284.307
           1493         284.307
           1494         284.307
           1495         284.307
           1496         284.307
           1497         284.307
           1498         284.307
           1499         284.307
           1500         284.307
           1501         285.284
           1502         285.284
           1503         285.284
           1504         285.284
           1505         285.284
           1506         285.284
           1507         285.284
           1508         285.284
           1509         285.284
           1510         285.284
           1511         285.284
           1512         285.284
           1513         285.284
           1514         285.284
           1515         285.284
           1516         285.284
           1517         285.284
           1518         285.284
           1519         285.284
           1520         285.284
           1521         285.284
           1522         285.284
           1523         285.284
           1524         285.284
           1525         285.284
           1526         285.284
           1527         285.284
           1528         285.284
           1529         285.284
           1530         285.284
           1531         285.284
           1532         285.284
           1533         285.284
           1534         285.284
           1535         285.284
           1536         285.284
           1537         285.284
           1538         285.284
           1539         285.284
           1540         285.284
           1541         285.284
           1542         285.284
           1543         284.307
           1544         284.307
           1545         284.307
           1546         284.307
           1547         284.307
           1548         284.307
           1549         284.307
           1550         284.307
           1551         284.307
           1552         284.307
           1553         284.307
           1554         284.307
           1555         284.307
           1556         284.307
           1557         284.307
           1558         284.307
           1559         284.307
           1560         283.330
           1561         283.330
           1562         283.330
           1563         283.330
           1564         283.330
           1565         283.330
           1566         283.330
           1567         283.330
           1568         283.330
           1569         283.330
           1570         283.330
           1571         283.330
           1572         283.330
           1573         283.330
           1574         283.330
           1575         283.330
           1576         283.330
           1577         283.330
           1578         283.330
           1579         283.330
           1580         282.353
           1581         282.353
           1582         282.353
           1583         282.353
           1584         282.353
           1585         281.376
           1586         281.376
           1587         281.376
           1588         281.376
           1589         281.376
           1590         280.399
           1591         280.399
           1592         280.399
           1593         280.399
           1594         280.399
           1595         279.422
           1596         279.422
           1597         279.422
           1598         279.422
           1599         279.422
           1600         278.445
           1601         278.445
           1602         278.445
           1603         278.445
           1604         277.468
           1605         277.468
           1606         277.468
           1607         277.468
           1608         277.468
           1609         277.468
           1610         277.468
           1611         277.468
           1612         277.468
           1613         277.468
           1614         277.468
           1615         277.468
           1616         276.491
           1617         276.491
           1618         276.491
           1619         276.491
           1620         276.491
           1621         276.491
           1622         275.514
           1623         275.514
           1624         275.514
           1625         275.514
           1626         275.514
           1627         275.514
           1628         275.514
           1629         275.514
           1630         274.537
           1631         274.537
           1632         274.537
           1633         274.537
           1634         274.537
           1635         274.537
           1636         274.537
           1637         274.537
           1638         274.537
           1639         274.537
           1640         274.537
           1641         274.537
           1642         274.537
           1643         273.560
           1644         273.560
           1645         273.560
           1646         273.560
           1647         273.560
           1648         273.560
           1649         273.560
           1650         273.560
           1651         273.560
           1652         273.560
           1653         273.560
           1654         273.560
           1655         273.560
           1656         273.560
           1657         273.560
           1658         273.560
           1659         273.560
           1660         273.560
           1661         272.583
           1662         272.583
           1663         272.583
           1664         272.583
           1665         272.583
           1666         272.583
           1667         272.583
           1668         272.583
           1669         272.583
           1670         272.583
           1671         272.583
           1672         272.583
           1673         272.583
           1674         272.583
           1675         272.583
           1676         272.583
           1677         271.606
           1678         270.629
           1679         270.629
           1680         269.652
           1681         269.652
           1682         269.652
           1683         269.652
           1684         269.652
           1685         269.652
           1686         270.629
           1687         270.629
           1688         271.606
           1689         271.606
           1690         271.606
           1691         271.606
           1692         271.606
           1693         270.629
           1694         270.629
           1695         270.629
           1696         270.629
           1697         270.629
           1698         270.629
           1699         270.629
           1700         269.652
           1701         269.652
           1702         269.652
           1703         269.652
           1704         269.652
           1705         269.652
           1706         269.652
           1707         269.652
           1708         269.652
           1709         269.652
           1710         269.652
           1711         269.652
           1712         269.652
           1713         269.652
           1714         269.652
           1715         269.652
           1716         269.652
           1717         269.652
           1718         269.652
           1719         269.652
           1720         269.652
           1721         268.675
           1722         268.675
           1723         268.675
           1724         268.675
           1725         268.675
           1726         268.675
           1727         268.675
           1728         268.675
           1729         268.675
           1730         268.675
           1731         268.675
           1732         268.675
           1733         267.698
           1734         267.698
           1735         267.698
           1736         267.698
           1737         267.698
           1738         267.698
           1739         267.698
           1740         267.698
           1741         267.698
           1742         267.698
           1743         267.698
           1744         267.698
           1745         267.698
           1746         266.721
           1747         266.721
           1748         266.721
           1749         266.721
           1750         266.721
           1751         266.721
           1752         266.721
           1753         266.721
           1754         266.721
           1755         266.721
           1756         266.721
           1757         266.721
           1758         266.721
           1759         266.721
           1760         265.744
           1761         265.744
           1762         265.744
           1763         265.744
           1764         265.744
           1765         265.744
           1766         265.744
           1767         265.744
           1768         265.744
           1769         265.744
           1770         265.744
           1771         264.767
           1772         264.767
           1773         264.767
           1774         264.767
           1775         264.767
           1776         264.767
           1777         264.767
           1778         264.767
           1779         264.767
           1780         263.790
           1781         263.790
           1782         263.790
           1783         263.790
           1784         263.790
           1785         263.790
           1786         263.790
           1787         263.790
           1788         263.790
           1789         262.813
           1790         262.813
