TRACENO
              1         259.882
              2         259.882
              3         259.882
              4         259.882
              5         259.882
              6         259.882
              7         260.859
              8         260.859
              9         260.859
             10         260.859
             11         260.859
             12         260.859
             13         260.859
             14         260.859
             15         260.859
             16         260.859
             17         260.859
             18         260.859
             19         260.859
             20         260.859
             21         260.859
             22         260.859
             23         260.859
             24         260.859
             25         260.859
             26         260.859
             27         260.859
             28         260.859
             29         260.859
             30         260.859
             31         260.859
             32         260.859
             33         260.859
             34         260.859
             35         260.859
             36         260.859
             37         260.859
             38         259.882
             39         259.882
             40         259.882
             41         258.905
             42         258.905
             43         258.905
             44         257.928
             45         257.928
             46         257.928
             47         256.951
             48         256.951
             49         256.951
             50         256.951
             51         256.951
             52         256.951
             53         256.951
             54         256.951
             55         256.951
             56         256.951
             57         256.951
             58         256.951
             59         256.951
             60         256.951
             61         256.951
             62         256.951
             63         256.951
             64         256.951
             65         256.951
             66         256.951
             67         256.951
             68         256.951
             69         256.951
             70         256.951
             71         256.951
             72         256.951
             73         256.951
             74         256.951
             75         256.951
             76         256.951
             77         256.951
             78         256.951
             79         256.951
             80         256.951
             81         256.951
             82         256.951
             83         256.951
             84         256.951
             85         256.951
             86         256.951
             87         256.951
             88         256.951
             89         256.951
             90         255.974
             91         255.974
             92         255.974
             93         255.974
             94         255.974
             95         255.974
             96         255.974
             97         255.974
             98         255.974
             99         255.974
            100         255.974
            101         255.974
            102         255.974
            103         255.974
            104         254.997
            105         254.997
            106         254.997
            107         254.997
            108         254.997
            109         254.997
            110         254.997
            111         254.997
            112         254.997
            113         254.997
            114         254.997
            115         254.997
            116         254.997
            117         254.997
            118         254.020
            119         254.020
            120         254.020
            121         254.020
            122         254.020
            123         254.020
            124         254.020
            125         254.020
            126         254.020
            127         254.020
            128         254.020
            129         254.020
            130         254.020
            131         254.020
            132         254.020
            133         254.020
            134         253.043
            135         253.043
            136         253.043
            137         253.043
            138         253.043
            139         253.043
            140         253.043
            141         253.043
            142         253.043
            143         253.043
            144         252.066
            145         252.066
            146         252.066
            147         252.066
            148         252.066
            149         252.066
            150         252.066
            151         252.066
            152         252.066
            153         252.066
            154         251.089
            155         251.089
            156         252.066
            157         252.066
            158         252.066
            159         252.066
            160         253.043
            161         253.043
            162         253.043
            163         253.043
            164         254.020
            165         254.020
            166         253.043
            167         253.043
            168         253.043
            169         253.043
            170         253.043
            171         253.043
            172         253.043
            173         252.066
            174         252.066
            175         252.066
            176         252.066
            177         252.066
            178         252.066
            179         252.066
            180         252.066
            181         251.089
            182         251.089
            183         251.089
            184         251.089
            185         251.089
            186         251.089
            187         251.089
            188         251.089
            189         251.089
            190         251.089
            191         251.089
            192         251.089
            193         250.112
            194         250.112
            195         250.112
            196         250.112
            197         250.112
            198         250.112
            199         250.112
            200         250.112
            201         250.112
            202         250.112
            203         250.112
            204         250.112
            205         250.112
            206         250.112
            207         250.112
            208         250.112
            209         250.112
            210         250.112
            211         250.112
            212         250.112
            213         250.112
            214         250.112
            215         250.112
            216         250.112
            217         250.112
            218         250.112
            219         250.112
            220         250.112
            221         250.112
            222         249.135
            223         249.135
            224         249.135
            225         249.135
            226         249.135
            227         249.135
            228         249.135
            229         249.135
            230         249.135
            231         249.135
            232         249.135
            233         249.135
            234         249.135
            235         249.135
            236         249.135
            237         249.135
            238         249.135
            239         249.135
            240         249.135
            241         249.135
            242         249.135
            243         249.135
            244         249.135
            245         249.135
            246         249.135
            247         249.135
            248         249.135
            249         249.135
            250         249.135
            251         249.135
            252         249.135
            253         249.135
            254         249.135
            255         249.135
            256         249.135
            257         249.135
            258         249.135
            259         249.135
            260         249.135
            261         249.135
            262         249.135
            263         250.112
            264         250.112
            265         250.112
            266         250.112
            267         250.112
            268         250.112
            269         250.112
            270         250.112
            271         250.112
            272         250.112
            273         250.112
            274         250.112
            275         250.112
            276         250.112
            277         250.112
            278         250.112
            279         250.112
            280         250.112
            281         250.112
            282         250.112
            283         251.089
            284         251.089
            285         251.089
            286         251.089
            287         251.089
            288         251.089
            289         251.089
            290         251.089
            291         251.089
            292         251.089
            293         251.089
            294         251.089
            295         251.089
            296         251.089
            297         251.089
            298         251.089
            299         251.089
            300         251.089
            301         251.089
            302         251.089
            303         251.089
            304         251.089
            305         251.089
            306         251.089
            307         251.089
            308         251.089
            309         251.089
            310         251.089
            311         251.089
            312         251.089
            313         251.089
            314         250.112
            315         250.112
            316         250.112
            317         250.112
            318         250.112
            319         250.112
            320         250.112
            321         250.112
            322         250.112
            323         250.112
            324         250.112
            325         250.112
            326         250.112
            327         250.112
            328         250.112
            329         250.112
            330         250.112
            331         250.112
            332         250.112
            333         250.112
            334         250.112
            335         250.112
            336         250.112
            337         250.112
            338         250.112
            339         250.112
            340         250.112
            341         249.135
            342         249.135
            343         249.135
            344         249.135
            345         249.135
            346         249.135
            347         249.135
            348         249.135
            349         249.135
            350         249.135
            351         249.135
            352         249.135
            353         249.135
            354         249.135
            355         249.135
            356         249.135
            357         249.135
            358         249.135
            359         249.135
            360         249.135
            361         249.135
            362         248.158
            363         248.158
            364         248.158
            365         248.158
            366         248.158
            367         248.158
            368         248.158
            369         248.158
            370         248.158
            371         248.158
            372         248.158
            373         248.158
            374         248.158
            375         248.158
            376         248.158
            377         248.158
            378         248.158
            379         248.158
            380         248.158
            381         248.158
            382         248.158
            383         248.158
            384         248.158
            385         248.158
            386         248.158
            387         248.158
            388         248.158
            389         248.158
            390         248.158
            391         248.158
            392         248.158
            393         248.158
            394         248.158
            395         247.181
            396         247.181
            397         247.181
            398         247.181
            399         247.181
            400         247.181
            401         247.181
            402         247.181
            403         247.181
            404         247.181
            405         247.181
            406         247.181
            407         247.181
            408         247.181
            409         247.181
            410         247.181
            411         247.181
            412         247.181
            413         247.181
            414         247.181
            415         248.158
            416         248.158
            417         248.158
            418         248.158
            419         248.158
            420         248.158
            421         248.158
            422         248.158
            423         248.158
            424         248.158
            425         248.158
            426         247.181
            427         247.181
            428         247.181
            429         247.181
            430         247.181
            431         247.181
            432         247.181
            433         247.181
            434         247.181
            435         247.181
            436         247.181
            437         247.181
            438         247.181
            439         247.181
            440         247.181
            441         247.181
            442         247.181
            443         247.181
            444         247.181
            445         247.181
            446         247.181
            447         247.181
            448         247.181
            449         247.181
            450         247.181
            451         247.181
            452         247.181
            453         247.181
            454         247.181
            455         247.181
            456         247.181
            457         247.181
            458         247.181
            459         247.181
            460         247.181
            461         247.181
            462         247.181
            463         247.181
            464         247.181
            465         247.181
            466         247.181
            467         247.181
            468         247.181
            469         247.181
            470         247.181
            471         247.181
            472         247.181
            473         247.181
            474         247.181
            475         247.181
            476         247.181
            477         247.181
            478         247.181
            479         247.181
            480         247.181
            481         247.181
            482         247.181
            483         247.181
            484         247.181
            485         247.181
            486         247.181
            487         247.181
            488         247.181
            489         246.204
            490         246.204
            491         246.204
            492         246.204
            493         246.204
            494         246.204
            495         246.204
            496         246.204
            497         246.204
            498         246.204
            499         246.204
            500         246.204
            501         246.204
            502         246.204
            503         246.204
            504         246.204
            505         246.204
            506         246.204
            507         245.227
            508         245.227
            509         245.227
            510         245.227
            511         245.227
            512         245.227
            513         245.227
            514         244.250
            515         244.250
            516         244.250
            517         244.250
            518         244.250
            519         244.250
            520         244.250
            521         244.250
            522         244.250
            523         244.250
            524         244.250
            525         244.250
            526         244.250
            527         244.250
            528         244.250
            529         244.250
            530         244.250
            531         244.250
            532         243.273
            533         243.273
            534         243.273
            535         243.273
            536         243.273
            537         243.273
            538         243.273
            539         243.273
            540         243.273
            541         243.273
            542         243.273
            543         243.273
            544         243.273
            545         243.273
            546         243.273
            547         243.273
            548         243.273
            549         243.273
            550         243.273
            551         243.273
            552         243.273
            553         243.273
            554         243.273
            555         243.273
            556         243.273
            557         243.273
            558         243.273
            559         243.273
            560         243.273
            561         243.273
            562         243.273
            563         243.273
            564         243.273
            565         243.273
            566         243.273
            567         242.296
            568         242.296
            569         242.296
            570         242.296
            571         242.296
            572         242.296
            573         241.319
            574         241.319
            575         241.319
            576         241.319
            577         241.319
            578         241.319
            579         241.319
            580         241.319
            581         241.319
            582         241.319
            583         241.319
            584         241.319
            585         241.319
            586         241.319
            587         241.319
            588         241.319
            589         241.319
            590         241.319
            591         240.342
            592         240.342
            593         240.342
            594         239.365
            595         239.365
            596         238.388
            597         238.388
            598         238.388
            599         237.411
            600         237.411
            601         237.411
            602         237.411
            603         237.411
            604         237.411
            605         237.411
            606         237.411
            607         237.411
            608         237.411
            609         237.411
            610         237.411
            611         237.411
            612         237.411
            613         237.411
            614         237.411
            615         237.411
            616         237.411
            617         237.411
            618         237.411
            619         237.411
            620         237.411
            621         237.411
            622         237.411
            623         237.411
            624         238.388
            625         238.388
            626         238.388
            627         238.388
            628         238.388
            629         238.388
            630         238.388
            631         238.388
            632         238.388
            633         238.388
            634         238.388
            635         239.365
            636         239.365
            637         239.365
            638         239.365
            639         239.365
            640         239.365
            641         239.365
            642         238.388
            643         238.388
            644         238.388
            645         238.388
            646         238.388
            647         239.365
            648         239.365
            649         239.365
            650         239.365
            651         240.342
            652         240.342
            653         240.342
            654         239.365
            655         239.365
            656         239.365
            657         239.365
            658         239.365
            659         239.365
            660         238.388
            661         238.388
            662         238.388
            663         238.388
            664         238.388
            665         238.388
            666         237.411
            667         237.411
            668         237.411
            669         237.411
            670         237.411
            671         237.411
            672         237.411
            673         237.411
            674         237.411
            675         236.434
            676         236.434
            677         236.434
            678         236.434
            679         236.434
            680         236.434
            681         236.434
            682         236.434
            683         235.457
            684         235.457
            685         235.457
            686         235.457
            687         235.457
            688         235.457
            689         235.457
            690         235.457
            691         234.480
            692         234.480
            693         234.480
            694         234.480
            695         234.480
            696         234.480
            697         234.480
            698         233.503
            699         233.503
            700         233.503
            701         233.503
            702         233.503
            703         233.503
            704         233.503
            705         233.503
            706         232.526
            707         232.526
            708         232.526
            709         232.526
            710         232.526
            711         232.526
            712         232.526
            713         232.526
            714         231.549
            715         231.549
            716         231.549
            717         231.549
            718         231.549
            719         231.549
            720         231.549
            721         231.549
            722         230.572
            723         230.572
            724         230.572
            725         230.572
            726         230.572
            727         230.572
            728         230.572
            729         229.595
            730         229.595
            731         229.595
            732         229.595
            733         229.595
            734         229.595
            735         229.595
            736         229.595
            737         228.618
            738         228.618
            739         228.618
            740         228.618
            741         228.618
            742         228.618
            743         228.618
            744         228.618
            745         227.641
            746         227.641
            747         227.641
            748         227.641
            749         227.641
            750         227.641
            751         227.641
            752         227.641
            753         226.664
            754         226.664
            755         226.664
            756         226.664
            757         226.664
            758         226.664
            759         226.664
            760         225.687
            761         225.687
            762         225.687
            763         225.687
            764         225.687
            765         225.687
            766         225.687
            767         225.687
            768         224.710
            769         224.710
            770         224.710
            771         224.710
            772         224.710
            773         224.710
            774         224.710
            775         224.710
            776         223.733
            777         223.733
            778         223.733
            779         223.733
            780         223.733
            781         223.733
            782         223.733
            783         223.733
            784         222.756
            785         222.756
            786         222.756
            787         222.756
            788         222.756
            789         222.756
            790         222.756
            791         222.756
            792         222.756
            793         222.756
            794         221.779
            795         221.779
            796         221.779
            797         221.779
            798         221.779
            799         221.779
            800         221.779
            801         221.779
            802         221.779
            803         221.779
            804         220.802
            805         220.802
            806         220.802
            807         220.802
            808         220.802
            809         220.802
            810         220.802
            811         220.802
            812         220.802
            813         219.825
            814         219.825
            815         219.825
            816         219.825
            817         219.825
            818         219.825
            819         219.825
            820         219.825
            821         218.848
            822         218.848
            823         218.848
            824         218.848
            825         218.848
            826         218.848
            827         218.848
            828         218.848
            829         217.871
            830         217.871
            831         217.871
            832         217.871
            833         217.871
            834         217.871
            835         217.871
            836         217.871
            837         216.894
            838         216.894
            839         216.894
            840         216.894
            841         216.894
            842         216.894
            843         216.894
            844         216.894
            845         215.917
            846         215.917
            847         215.917
            848         215.917
            849         215.917
            850         215.917
            851         215.917
            852         214.940
            853         214.940
            854         214.940
            855         214.940
            856         214.940
            857         214.940
            858         214.940
            859         213.963
            860         213.963
            861         213.963
            862         213.963
            863         213.963
            864         213.963
            865         213.963
            866         212.986
            867         212.986
            868         212.986
            869         212.986
            870         212.986
            871         212.986
            872         212.986
            873         212.009
            874         212.009
            875         212.009
            876         212.009
            877         212.009
            878         212.009
            879         212.009
            880         211.032
            881         211.032
            882         211.032
            883         211.032
            884         211.032
            885         211.032
            886         210.055
            887         210.055
            888         210.055
            889         210.055
            890         210.055
            891         210.055
            892         210.055
            893         209.078
            894         209.078
            895         209.078
            896         209.078
            897         209.078
            898         209.078
            899         208.101
            900         208.101
            901         208.101
            902         208.101
            903         208.101
            904         208.101
            905         207.124
            906         207.124
            907         207.124
            908         207.124
            909         207.124
            910         207.124
            911         206.147
            912         206.147
            913         206.147
            914         206.147
            915         206.147
            916         206.147
            917         205.170
            918         205.170
            919         205.170
            920         205.170
            921         205.170
            922         205.170
            923         204.193
            924         204.193
            925         204.193
            926         204.193
            927         204.193
            928         203.216
            929         203.216
            930         203.216
            931         203.216
            932         203.216
            933         203.216
            934         202.239
            935         202.239
            936         202.239
            937         202.239
            938         202.239
            939         202.239
            940         201.262
            941         201.262
            942         201.262
            943         201.262
            944         201.262
            945         201.262
            946         200.285
            947         200.285
            948         200.285
            949         200.285
            950         200.285
            951         200.285
            952         199.308
            953         199.308
            954         199.308
            955         199.308
            956         199.308
            957         199.308
            958         199.308
            959         199.308
            960         198.331
            961         198.331
            962         198.331
            963         198.331
            964         198.331
            965         198.331
            966         198.331
            967         198.331
            968         197.354
            969         197.354
            970         197.354
            971         197.354
            972         197.354
            973         197.354
            974         197.354
            975         196.377
            976         196.377
            977         196.377
            978         196.377
            979         196.377
            980         196.377
            981         196.377
            982         196.377
            983         195.400
            984         195.400
            985         195.400
            986         195.400
            987         195.400
            988         195.400
            989         195.400
            990         195.400
            991         194.423
            992         194.423
            993         194.423
            994         194.423
            995         194.423
            996         194.423
            997         194.423
            998         194.423
            999         194.423
           1000         193.446
           1001         193.446
           1002         193.446
           1003         193.446
           1004         193.446
           1005         193.446
           1006         193.446
           1007         193.446
           1008         193.446
           1009         192.469
           1010         192.469
           1011         192.469
           1012         192.469
           1013         192.469
           1014         192.469
           1015         192.469
           1016         192.469
           1017         192.469
           1018         192.469
           1019         191.492
           1020         191.492
           1021         191.492
           1022         191.492
           1023         191.492
           1024         191.492
           1025         191.492
           1026         191.492
           1027         191.492
           1028         190.515
           1029         190.515
           1030         190.515
           1031         190.515
           1032         190.515
           1033         190.515
           1034         190.515
           1035         190.515
           1036         190.515
           1037         190.515
           1038         189.538
           1039         189.538
           1040         189.538
           1041         189.538
           1042         189.538
           1043         189.538
           1044         189.538
           1045         189.538
           1046         189.538
           1047         189.538
           1048         189.538
           1049         189.538
           1050         189.538
           1051         189.538
           1052         189.538
           1053         189.538
           1054         189.538
           1055         189.538
           1056         188.561
           1057         188.561
           1058         188.561
           1059         188.561
           1060         188.561
           1061         188.561
           1062         188.561
           1063         188.561
           1064         188.561
           1065         188.561
           1066         188.561
           1067         188.561
           1068         189.538
           1069         189.538
           1070         189.538
           1071         189.538
           1072         189.538
           1073         189.538
           1074         189.538
           1075         189.538
           1076         189.538
           1077         189.538
           1078         189.538
           1079         189.538
           1080         189.538
           1081         189.538
           1082         189.538
           1083         189.538
           1084         189.538
           1085         189.538
           1086         189.538
           1087         189.538
           1088         189.538
           1089         189.538
           1090         189.538
           1091         189.538
           1092         189.538
           1093         189.538
           1094         189.538
           1095         189.538
           1096         189.538
           1097         189.538
           1098         189.538
           1099         189.538
           1100         189.538
           1101         189.538
           1102         189.538
           1103         189.538
           1104         189.538
           1105         189.538
           1106         189.538
           1107         189.538
           1108         189.538
           1109         189.538
           1110         189.538
           1111         189.538
           1112         189.538
           1113         189.538
           1114         189.538
           1115         189.538
           1116         189.538
           1117         189.538
           1118         189.538
           1119         189.538
           1120         189.538
           1121         189.538
           1122         189.538
           1123         189.538
           1124         188.561
           1125         188.561
           1126         188.561
           1127         188.561
           1128         188.561
           1129         188.561
           1130         188.561
           1131         189.538
           1132         189.538
           1133         189.538
           1134         189.538
           1135         189.538
           1136         189.538
           1137         189.538
           1138         189.538
           1139         189.538
           1140         189.538
           1141         189.538
           1142         189.538
           1143         189.538
           1144         189.538
           1145         190.515
           1146         190.515
           1147         190.515
           1148         190.515
           1149         190.515
           1150         190.515
           1151         190.515
           1152         190.515
           1153         190.515
           1154         190.515
           1155         190.515
           1156         190.515
           1157         190.515
           1158         190.515
           1159         191.492
           1160         191.492
           1161         191.492
           1162         191.492
           1163         191.492
           1164         191.492
           1165         191.492
           1166         191.492
           1167         191.492
           1168         191.492
           1169         191.492
           1170         191.492
           1171         191.492
           1172         192.469
           1173         192.469
           1174         192.469
           1175         192.469
           1176         192.469
           1177         192.469
           1178         192.469
           1179         192.469
           1180         193.446
           1181         193.446
           1182         193.446
           1183         193.446
           1184         193.446
           1185         193.446
           1186         193.446
           1187         193.446
           1188         193.446
           1189         194.423
           1190         194.423
           1191         194.423
           1192         194.423
           1193         194.423
           1194         194.423
           1195         194.423
           1196         194.423
           1197         194.423
           1198         195.400
           1199         195.400
           1200         195.400
           1201         195.400
           1202         195.400
           1203         195.400
           1204         196.377
           1205         196.377
           1206         196.377
           1207         196.377
           1208         196.377
           1209         197.354
           1210         197.354
           1211         197.354
           1212         197.354
           1213         197.354
           1214         198.331
           1215         198.331
           1216         198.331
           1217         198.331
           1218         199.308
           1219         199.308
           1220         199.308
           1221         199.308
           1222         200.285
           1223         200.285
           1224         200.285
           1225         200.285
           1226         201.262
           1227         201.262
           1228         201.262
           1229         201.262
           1230         202.239
           1231         202.239
           1232         202.239
           1233         203.216
           1234         203.216
           1235         203.216
           1236         203.216
           1237         204.193
           1238         204.193
           1239         204.193
           1240         204.193
           1241         205.170
           1242         205.170
           1243         205.170
           1244         205.170
           1245         206.147
           1246         206.147
           1247         206.147
           1248         207.124
           1249         207.124
           1250         207.124
           1251         208.101
           1252         208.101
           1253         208.101
           1254         209.078
           1255         209.078
           1256         209.078
           1257         210.055
           1258         210.055
           1259         210.055
           1260         211.032
           1261         211.032
           1262         211.032
           1263         212.009
           1264         212.009
           1265         212.009
           1266         212.986
           1267         212.986
           1268         213.963
           1269         213.963
           1270         213.963
           1271         214.940
           1272         214.940
           1273         215.917
           1274         215.917
           1275         216.894
           1276         216.894
           1277         216.894
           1278         217.871
           1279         217.871
           1280         218.848
           1281         218.848
           1282         219.825
           1283         219.825
           1284         219.825
           1285         220.802
           1286         220.802
           1287         221.779
           1288         221.779
           1289         222.756
           1290         222.756
           1291         222.756
           1292         223.733
           1293         223.733
           1294         223.733
           1295         224.710
           1296         224.710
           1297         224.710
           1298         225.687
           1299         225.687
           1300         225.687
           1301         226.664
           1302         226.664
           1303         227.641
           1304         227.641
           1305         228.618
           1306         228.618
           1307         228.618
           1308         229.595
           1309         229.595
           1310         230.572
           1311         230.572
           1312         230.572
           1313         231.549
           1314         231.549
           1315         232.526
           1316         232.526
           1317         232.526
           1318         233.503
           1319         233.503
           1320         234.480
           1321         234.480
           1322         235.457
           1323         235.457
           1324         235.457
           1325         236.434
           1326         236.434
           1327         237.411
           1328         237.411
           1329         238.388
           1330         238.388
           1331         239.365
           1332         239.365
           1333         239.365
           1334         240.342
           1335         240.342
           1336         241.319
           1337         241.319
           1338         242.296
           1339         242.296
           1340         242.296
           1341         243.273
           1342         243.273
           1343         244.250
           1344         244.250
           1345         245.227
           1346         245.227
           1347         246.204
           1348         246.204
           1349         247.181
           1350         247.181
           1351         248.158
           1352         248.158
           1353         249.135
           1354         249.135
           1355         249.135
           1356         250.112
           1357         250.112
           1358         251.089
           1359         251.089
           1360         252.066
           1361         252.066
           1362         252.066
           1363         253.043
           1364         253.043
           1365         253.043
           1366         254.020
           1367         254.020
           1368         254.020
           1369         254.020
           1370         254.020
           1371         254.020
           1372         254.020
           1373         254.997
           1374         254.997
           1375         254.997
           1376         255.974
           1377         255.974
           1378         256.951
           1379         256.951
           1380         256.951
           1381         257.928
           1382         257.928
           1383         258.905
           1384         258.905
           1385         258.905
           1386         259.882
           1387         259.882
           1388         259.882
           1389         259.882
           1390         260.859
           1391         260.859
           1392         260.859
           1393         260.859
           1394         261.836
           1395         261.836
           1396         261.836
           1397         261.836
           1398         261.836
           1399         262.813
           1400         262.813
           1401         262.813
           1402         262.813
           1403         262.813
           1404         262.813
           1405         262.813
           1406         262.813
           1407         262.813
           1408         263.790
           1409         263.790
           1410         263.790
           1411         263.790
           1412         263.790
           1413         263.790
           1414         263.790
           1415         263.790
           1416         263.790
           1417         263.790
           1418         263.790
           1419         263.790
           1420         263.790
           1421         263.790
           1422         263.790
           1423         263.790
           1424         263.790
           1425         263.790
           1426         263.790
           1427         263.790
           1428         263.790
           1429         263.790
           1430         263.790
           1431         263.790
           1432         263.790
           1433         263.790
           1434         263.790
           1435         263.790
           1436         263.790
           1437         263.790
           1438         263.790
           1439         263.790
           1440         263.790
           1441         263.790
           1442         263.790
           1443         263.790
           1444         263.790
           1445         263.790
           1446         263.790
           1447         263.790
           1448         263.790
           1449         263.790
           1450         264.767
           1451         264.767
           1452         264.767
           1453         264.767
           1454         264.767
           1455         264.767
           1456         264.767
           1457         264.767
           1458         264.767
           1459         264.767
           1460         264.767
           1461         264.767
           1462         264.767
           1463         264.767
           1464         265.744
           1465         265.744
           1466         265.744
           1467         265.744
           1468         265.744
           1469         265.744
           1470         265.744
           1471         265.744
           1472         265.744
           1473         265.744
           1474         265.744
           1475         265.744
           1476         265.744
           1477         265.744
           1478         266.721
           1479         266.721
           1480         266.721
           1481         266.721
           1482         266.721
           1483         266.721
           1484         266.721
           1485         266.721
           1486         266.721
           1487         266.721
           1488         266.721
           1489         266.721
           1490         266.721
           1491         266.721
           1492         266.721
           1493         266.721
           1494         267.698
           1495         267.698
           1496         267.698
           1497         267.698
           1498         267.698
           1499         267.698
           1500         267.698
           1501         267.698
           1502         267.698
           1503         267.698
           1504         267.698
           1505         267.698
           1506         267.698
           1507         267.698
           1508         267.698
           1509         267.698
           1510         267.698
           1511         267.698
           1512         267.698
           1513         267.698
           1514         267.698
           1515         267.698
           1516         267.698
           1517         267.698
           1518         267.698
           1519         267.698
           1520         267.698
           1521         267.698
           1522         267.698
           1523         267.698
           1524         267.698
           1525         267.698
           1526         267.698
           1527         266.721
           1528         266.721
           1529         266.721
           1530         266.721
           1531         266.721
           1532         266.721
           1533         266.721
           1534         266.721
           1535         266.721
           1536         266.721
           1537         266.721
           1538         265.744
           1539         265.744
           1540         265.744
           1541         265.744
           1542         265.744
           1543         265.744
           1544         265.744
           1545         265.744
           1546         265.744
           1547         265.744
           1548         265.744
           1549         265.744
           1550         264.767
           1551         264.767
           1552         264.767
           1553         264.767
           1554         264.767
           1555         263.790
           1556         263.790
           1557         263.790
           1558         263.790
           1559         263.790
           1560         263.790
           1561         262.813
           1562         262.813
           1563         262.813
           1564         262.813
           1565         262.813
           1566         262.813
           1567         261.836
           1568         261.836
           1569         261.836
           1570         261.836
           1571         261.836
           1572         261.836
           1573         260.859
           1574         260.859
           1575         260.859
           1576         260.859
           1577         260.859
           1578         259.882
           1579         259.882
           1580         259.882
           1581         259.882
           1582         259.882
           1583         259.882
           1584         259.882
           1585         258.905
           1586         258.905
           1587         258.905
           1588         258.905
           1589         258.905
           1590         258.905
           1591         258.905
           1592         258.905
           1593         258.905
           1594         258.905
           1595         257.928
           1596         257.928
           1597         257.928
           1598         257.928
           1599         257.928
           1600         257.928
           1601         257.928
           1602         257.928
           1603         257.928
           1604         257.928
           1605         256.951
           1606         256.951
           1607         256.951
           1608         256.951
           1609         256.951
           1610         256.951
           1611         256.951
           1612         255.974
           1613         255.974
           1614         255.974
           1615         255.974
           1616         255.974
           1617         255.974
           1618         254.997
           1619         254.997
           1620         254.997
           1621         254.997
           1622         254.997
           1623         254.997
           1624         254.997
           1625         254.020
           1626         254.020
           1627         254.020
           1628         254.020
           1629         254.020
           1630         254.020
           1631         253.043
           1632         253.043
           1633         253.043
           1634         253.043
           1635         253.043
           1636         253.043
           1637         253.043
           1638         253.043
           1639         252.066
           1640         252.066
           1641         252.066
           1642         252.066
           1643         252.066
           1644         252.066
           1645         252.066
           1646         252.066
           1647         251.089
           1648         251.089
           1649         251.089
           1650         251.089
           1651         251.089
           1652         251.089
           1653         251.089
           1654         251.089
           1655         251.089
           1656         250.112
           1657         250.112
           1658         250.112
           1659         250.112
           1660         250.112
           1661         250.112
           1662         250.112
           1663         250.112
           1664         250.112
           1665         250.112
           1666         250.112
           1667         250.112
           1668         250.112
           1669         250.112
           1670         250.112
           1671         250.112
           1672         249.135
           1673         249.135
           1674         249.135
           1675         249.135
           1676         249.135
           1677         249.135
           1678         249.135
           1679         249.135
           1680         249.135
           1681         249.135
           1682         249.135
           1683         249.135
           1684         249.135
           1685         249.135
           1686         249.135
           1687         249.135
           1688         249.135
           1689         249.135
           1690         248.158
           1691         248.158
           1692         248.158
           1693         248.158
           1694         248.158
           1695         248.158
           1696         248.158
           1697         248.158
           1698         248.158
           1699         248.158
           1700         248.158
           1701         248.158
           1702         248.158
           1703         248.158
           1704         248.158
           1705         248.158
           1706         247.181
           1707         247.181
           1708         247.181
           1709         247.181
           1710         247.181
           1711         247.181
           1712         247.181
           1713         247.181
           1714         247.181
           1715         247.181
           1716         247.181
           1717         247.181
           1718         247.181
           1719         246.204
           1720         246.204
           1721         246.204
           1722         246.204
           1723         246.204
           1724         246.204
           1725         245.227
           1726         245.227
           1727         245.227
           1728         245.227
           1729         245.227
           1730         245.227
           1731         245.227
           1732         244.250
           1733         244.250
           1734         244.250
           1735         244.250
           1736         244.250
           1737         244.250
           1738         244.250
           1739         244.250
           1740         244.250
           1741         244.250
           1742         244.250
           1743         244.250
           1744         244.250
           1745         244.250
           1746         244.250
           1747         244.250
           1748         244.250
           1749         244.250
           1750         244.250
           1751         244.250
           1752         244.250
           1753         244.250
           1754         244.250
           1755         244.250
           1756         243.273
           1757         243.273
           1758         243.273
           1759         243.273
           1760         243.273
           1761         243.273
           1762         243.273
           1763         243.273
           1764         243.273
           1765         243.273
           1766         243.273
           1767         243.273
           1768         243.273
           1769         243.273
           1770         243.273
           1771         243.273
           1772         243.273
           1773         243.273
           1774         243.273
           1775         243.273
           1776         243.273
           1777         243.273
           1778         243.273
           1779         243.273
           1780         243.273
           1781         243.273
           1782         242.296
           1783         242.296
           1784         242.296
           1785         242.296
           1786         242.296
           1787         241.319
           1788         241.319
           1789         241.319
