TRACENO
              1         160.228
              2         160.228
              3         160.228
              4         160.228
              5         160.228
              6         160.228
              7         160.228
              8         160.228
              9         160.228
             10         160.228
             11         160.228
             12         160.228
             13         160.228
             14         160.228
             15         160.228
             16         160.228
             17         160.228
             18         160.228
             19         160.228
             20         160.228
             21         160.228
             22         160.228
             23         160.228
             24         160.228
             25         160.228
             26         160.228
             27         160.228
             28         160.228
             29         160.228
             30         160.228
             31         160.228
             32         160.228
             33         160.228
             34         160.228
             35         160.228
             36         160.228
             37         160.228
             38         160.228
             39         160.228
             40         160.228
             41         160.228
             42         160.228
             43         160.228
             44         160.228
             45         160.228
             46         160.228
             47         160.228
             48         160.228
             49         160.228
             50         160.228
             51         160.228
             52         160.228
             53         160.228
             54         160.228
             55         160.228
             56         160.228
             57         160.228
             58         160.228
             59         160.228
             60         160.228
             61         160.228
             62         160.228
             63         160.228
             64         160.228
             65         160.228
             66         160.228
             67         160.228
             68         161.205
             69         161.205
             70         161.205
             71         161.205
             72         161.205
             73         161.205
             74         161.205
             75         161.205
             76         161.205
             77         161.205
             78         161.205
             79         161.205
             80         161.205
             81         161.205
             82         161.205
             83         161.205
             84         161.205
             85         161.205
             86         161.205
             87         161.205
             88         161.205
             89         161.205
             90         161.205
             91         161.205
             92         161.205
             93         161.205
             94         161.205
             95         162.182
             96         162.182
             97         162.182
             98         162.182
             99         162.182
            100         162.182
            101         162.182
            102         162.182
            103         162.182
            104         162.182
            105         162.182
            106         162.182
            107         162.182
            108         162.182
            109         162.182
            110         162.182
            111         162.182
            112         162.182
            113         162.182
            114         162.182
            115         162.182
            116         162.182
            117         162.182
            118         162.182
            119         162.182
            120         162.182
            121         162.182
            122         162.182
            123         162.182
            124         162.182
            125         162.182
            126         162.182
            127         162.182
            128         162.182
            129         163.159
            130         163.159
            131         163.159
            132         163.159
            133         163.159
            134         163.159
            135         163.159
            136         163.159
            137         163.159
            138         163.159
            139         163.159
            140         163.159
            141         163.159
            142         163.159
            143         163.159
            144         163.159
            145         164.136
            146         164.136
            147         164.136
            148         164.136
            149         164.136
            150         164.136
            151         164.136
            152         164.136
            153         164.136
            154         164.136
            155         164.136
            156         164.136
            157         164.136
            158         164.136
            159         164.136
            160         164.136
            161         164.136
            162         164.136
            163         164.136
            164         164.136
            165         164.136
            166         164.136
            167         164.136
            168         165.113
            169         165.113
            170         165.113
            171         165.113
            172         166.090
            173         166.090
            174         166.090
            175         166.090
            176         166.090
            177         166.090
            178         166.090
            179         166.090
            180         166.090
            181         165.113
            182         166.090
            183         166.090
            184         166.090
            185         166.090
            186         166.090
            187         166.090
            188         166.090
            189         166.090
            190         166.090
            191         166.090
            192         166.090
            193         166.090
            194         166.090
            195         166.090
            196         166.090
            197         166.090
            198         166.090
            199         166.090
            200         166.090
            201         166.090
            202         166.090
            203         166.090
            204         166.090
            205         166.090
            206         166.090
            207         167.067
            208         167.067
            209         167.067
            210         167.067
            211         167.067
            212         167.067
            213         167.067
            214         167.067
            215         167.067
            216         167.067
            217         167.067
            218         167.067
            219         167.067
            220         167.067
            221         167.067
            222         167.067
            223         168.044
            224         168.044
            225         168.044
            226         168.044
            227         168.044
            228         168.044
            229         168.044
            230         168.044
            231         168.044
            232         168.044
            233         168.044
            234         168.044
            235         168.044
            236         168.044
            237         168.044
            238         168.044
            239         169.021
            240         169.021
            241         169.021
            242         169.021
            243         169.021
            244         169.021
            245         169.021
            246         169.021
            247         169.021
            248         169.021
            249         169.021
            250         169.021
            251         169.021
            252         169.021
            253         169.998
            254         169.998
            255         169.998
            256         169.998
            257         169.998
            258         169.998
            259         169.998
            260         169.998
            261         169.998
            262         169.998
            263         169.998
            264         169.998
            265         169.998
            266         169.998
            267         170.975
            268         170.975
            269         170.975
            270         170.975
            271         170.975
            272         170.975
            273         170.975
            274         170.975
            275         170.975
            276         170.975
            277         170.975
            278         170.975
            279         171.952
            280         171.952
            281         171.952
            282         171.952
            283         171.952
            284         171.952
            285         171.952
            286         171.952
            287         171.952
            288         171.952
            289         171.952
            290         171.952
            291         172.929
            292         172.929
            293         172.929
            294         172.929
            295         172.929
            296         172.929
            297         172.929
            298         172.929
            299         172.929
            300         172.929
            301         172.929
            302         172.929
            303         173.906
            304         173.906
            305         173.906
            306         173.906
            307         173.906
            308         173.906
            309         173.906
            310         173.906
            311         173.906
            312         173.906
            313         173.906
            314         173.906
            315         173.906
            316         173.906
            317         174.883
            318         174.883
            319         174.883
            320         174.883
            321         174.883
            322         174.883
            323         174.883
            324         174.883
            325         174.883
            326         174.883
            327         174.883
            328         174.883
            329         174.883
            330         174.883
            331         175.860
            332         175.860
            333         175.860
            334         175.860
            335         175.860
            336         175.860
            337         175.860
            338         176.837
            339         176.837
            340         176.837
            341         176.837
            342         176.837
            343         176.837
            344         176.837
            345         176.837
            346         177.814
            347         177.814
            348         177.814
            349         177.814
            350         177.814
            351         177.814
            352         177.814
            353         177.814
            354         177.814
            355         177.814
            356         177.814
            357         177.814
            358         177.814
            359         177.814
            360         177.814
            361         177.814
            362         177.814
            363         177.814
            364         177.814
            365         178.791
            366         178.791
            367         178.791
            368         178.791
            369         178.791
            370         178.791
            371         179.768
            372         179.768
            373         179.768
            374         179.768
            375         179.768
            376         179.768
            377         179.768
            378         179.768
            379         179.768
            380         179.768
            381         179.768
            382         179.768
            383         178.791
            384         178.791
            385         178.791
            386         178.791
            387         178.791
            388         178.791
            389         179.768
            390         179.768
            391         179.768
            392         179.768
            393         179.768
            394         179.768
            395         179.768
            396         179.768
            397         179.768
            398         179.768
            399         179.768
            400         179.768
            401         179.768
            402         179.768
            403         179.768
            404         179.768
            405         179.768
            406         180.745
            407         180.745
            408         180.745
            409         180.745
            410         180.745
            411         180.745
            412         180.745
            413         180.745
            414         180.745
            415         180.745
            416         180.745
            417         180.745
            418         180.745
            419         180.745
            420         181.722
            421         181.722
            422         181.722
            423         181.722
            424         181.722
            425         181.722
            426         181.722
            427         181.722
            428         181.722
            429         181.722
            430         181.722
            431         181.722
            432         181.722
            433         181.722
            434         181.722
            435         181.722
            436         182.699
            437         182.699
            438         182.699
            439         182.699
            440         182.699
            441         182.699
            442         182.699
            443         182.699
            444         182.699
            445         182.699
            446         182.699
            447         182.699
            448         182.699
            449         182.699
            450         182.699
            451         182.699
            452         182.699
            453         183.676
            454         183.676
            455         183.676
            456         183.676
            457         183.676
            458         183.676
            459         183.676
            460         183.676
            461         183.676
            462         183.676
            463         183.676
            464         183.676
            465         183.676
            466         183.676
            467         183.676
            468         184.653
            469         184.653
            470         184.653
            471         184.653
            472         184.653
            473         184.653
            474         184.653
            475         184.653
            476         184.653
            477         184.653
            478         184.653
            479         184.653
            480         184.653
            481         184.653
            482         184.653
            483         184.653
            484         184.653
            485         184.653
            486         184.653
            487         184.653
            488         184.653
            489         184.653
            490         185.630
            491         185.630
            492         185.630
            493         185.630
            494         185.630
            495         185.630
            496         185.630
            497         185.630
            498         185.630
            499         185.630
            500         185.630
            501         185.630
            502         185.630
            503         185.630
            504         186.607
            505         186.607
            506         186.607
            507         186.607
            508         186.607
            509         186.607
            510         186.607
            511         186.607
            512         186.607
            513         186.607
            514         186.607
            515         186.607
            516         186.607
            517         186.607
            518         186.607
            519         186.607
            520         187.584
            521         187.584
            522         187.584
            523         187.584
            524         187.584
            525         187.584
            526         187.584
            527         187.584
            528         187.584
            529         187.584
            530         187.584
            531         187.584
            532         187.584
            533         187.584
            534         187.584
            535         187.584
            536         187.584
            537         187.584
            538         187.584
            539         187.584
            540         188.561
            541         188.561
            542         188.561
            543         188.561
            544         188.561
            545         188.561
            546         188.561
            547         188.561
            548         188.561
            549         188.561
            550         188.561
            551         188.561
            552         188.561
            553         188.561
            554         188.561
            555         188.561
            556         188.561
            557         188.561
            558         188.561
            559         188.561
            560         188.561
            561         188.561
            562         189.538
            563         189.538
            564         189.538
            565         189.538
            566         189.538
            567         189.538
            568         189.538
            569         189.538
            570         189.538
            571         189.538
            572         189.538
            573         189.538
            574         189.538
            575         189.538
            576         189.538
            577         189.538
            578         189.538
            579         189.538
            580         189.538
            581         189.538
            582         189.538
            583         189.538
            584         189.538
            585         189.538
            586         189.538
            587         189.538
            588         189.538
            589         189.538
            590         189.538
            591         189.538
            592         189.538
            593         189.538
            594         189.538
            595         190.515
            596         190.515
            597         190.515
            598         190.515
            599         190.515
            600         190.515
            601         190.515
            602         190.515
            603         190.515
            604         190.515
            605         190.515
            606         190.515
            607         190.515
            608         190.515
            609         190.515
            610         190.515
            611         190.515
            612         190.515
            613         190.515
            614         190.515
            615         190.515
            616         190.515
            617         190.515
            618         190.515
            619         190.515
            620         191.492
            621         191.492
            622         191.492
            623         191.492
            624         191.492
            625         191.492
            626         191.492
            627         191.492
            628         191.492
            629         191.492
            630         191.492
            631         191.492
            632         191.492
            633         191.492
            634         191.492
            635         191.492
            636         191.492
            637         191.492
            638         191.492
            639         191.492
            640         191.492
            641         191.492
            642         191.492
            643         192.469
            644         192.469
            645         192.469
            646         192.469
            647         192.469
            648         192.469
            649         192.469
            650         192.469
            651         192.469
            652         192.469
            653         192.469
            654         192.469
            655         192.469
            656         192.469
            657         192.469
            658         192.469
            659         192.469
            660         192.469
            661         192.469
            662         192.469
            663         192.469
            664         192.469
            665         192.469
            666         192.469
            667         192.469
            668         192.469
            669         192.469
            670         192.469
            671         192.469
            672         192.469
            673         192.469
            674         192.469
            675         192.469
            676         192.469
            677         192.469
            678         192.469
            679         192.469
            680         192.469
            681         192.469
            682         192.469
            683         193.446
            684         193.446
            685         193.446
            686         193.446
            687         193.446
            688         193.446
            689         193.446
            690         193.446
            691         193.446
            692         193.446
            693         193.446
            694         193.446
            695         193.446
            696         193.446
            697         193.446
            698         193.446
            699         193.446
            700         193.446
            701         193.446
            702         193.446
            703         193.446
            704         193.446
            705         193.446
            706         193.446
            707         194.423
            708         194.423
            709         194.423
            710         194.423
            711         194.423
            712         194.423
            713         194.423
            714         194.423
            715         194.423
            716         194.423
            717         194.423
            718         194.423
            719         194.423
            720         194.423
            721         194.423
            722         194.423
            723         194.423
            724         194.423
            725         194.423
            726         194.423
            727         194.423
            728         194.423
            729         194.423
            730         194.423
            731         194.423
            732         194.423
            733         194.423
            734         194.423
            735         194.423
            736         194.423
            737         194.423
            738         194.423
            739         194.423
            740         194.423
            741         194.423
            742         194.423
            743         194.423
            744         194.423
            745         194.423
            746         194.423
            747         194.423
            748         194.423
            749         194.423
            750         194.423
            751         194.423
            752         194.423
            753         194.423
            754         194.423
            755         194.423
            756         194.423
            757         194.423
            758         194.423
            759         194.423
            760         194.423
            761         194.423
            762         194.423
            763         194.423
            764         194.423
            765         194.423
            766         194.423
            767         194.423
            768         194.423
            769         194.423
            770         194.423
            771         194.423
            772         194.423
            773         194.423
            774         195.400
            775         195.400
            776         195.400
            777         195.400
            778         195.400
            779         195.400
            780         195.400
            781         195.400
            782         195.400
            783         195.400
            784         195.400
            785         195.400
            786         195.400
            787         195.400
            788         195.400
            789         195.400
            790         195.400
            791         195.400
            792         195.400
            793         195.400
            794         195.400
            795         195.400
            796         195.400
            797         195.400
            798         195.400
            799         195.400
            800         195.400
            801         195.400
            802         195.400
            803         195.400
            804         195.400
            805         195.400
            806         195.400
            807         195.400
            808         195.400
            809         195.400
            810         195.400
            811         195.400
            812         195.400
            813         195.400
            814         195.400
            815         195.400
            816         195.400
            817         195.400
            818         195.400
            819         195.400
            820         195.400
            821         195.400
            822         195.400
            823         195.400
            824         195.400
            825         195.400
            826         195.400
            827         195.400
            828         195.400
            829         195.400
            830         195.400
            831         195.400
            832         195.400
            833         195.400
            834         195.400
            835         195.400
            836         195.400
            837         195.400
            838         195.400
            839         195.400
            840         195.400
            841         195.400
            842         195.400
            843         195.400
            844         195.400
            845         195.400
            846         195.400
            847         195.400
            848         196.377
            849         196.377
            850         196.377
            851         196.377
            852         196.377
            853         196.377
            854         196.377
            855         196.377
            856         196.377
            857         196.377
            858         196.377
            859         196.377
            860         196.377
            861         196.377
            862         196.377
            863         196.377
            864         196.377
            865         196.377
            866         196.377
            867         196.377
            868         196.377
            869         196.377
            870         196.377
            871         196.377
            872         196.377
            873         196.377
            874         196.377
            875         196.377
            876         196.377
            877         196.377
            878         196.377
            879         196.377
            880         196.377
            881         196.377
            882         196.377
            883         196.377
            884         196.377
            885         196.377
            886         196.377
            887         196.377
            888         196.377
            889         196.377
            890         196.377
            891         196.377
            892         196.377
            893         196.377
            894         196.377
            895         196.377
            896         196.377
            897         196.377
            898         196.377
            899         196.377
            900         196.377
            901         196.377
            902         196.377
            903         196.377
            904         196.377
            905         196.377
            906         196.377
            907         196.377
            908         196.377
            909         196.377
            910         196.377
            911         196.377
            912         196.377
            913         196.377
            914         196.377
            915         196.377
            916         196.377
            917         196.377
            918         196.377
            919         196.377
            920         196.377
            921         196.377
            922         196.377
            923         196.377
            924         196.377
            925         196.377
            926         196.377
            927         196.377
            928         196.377
            929         196.377
            930         196.377
            931         196.377
            932         196.377
            933         196.377
            934         196.377
            935         196.377
            936         196.377
            937         196.377
            938         196.377
            939         196.377
            940         196.377
            941         196.377
            942         196.377
            943         196.377
            944         196.377
            945         196.377
            946         196.377
            947         196.377
            948         196.377
            949         196.377
            950         196.377
            951         196.377
            952         196.377
            953         196.377
            954         196.377
            955         196.377
            956         196.377
            957         196.377
            958         196.377
            959         196.377
            960         196.377
            961         196.377
            962         196.377
            963         196.377
            964         196.377
            965         196.377
            966         196.377
            967         196.377
            968         196.377
            969         196.377
            970         196.377
            971         196.377
            972         196.377
            973         196.377
            974         196.377
            975         196.377
            976         196.377
            977         196.377
            978         196.377
            979         196.377
            980         196.377
            981         196.377
            982         196.377
            983         196.377
            984         196.377
            985         196.377
            986         196.377
            987         196.377
            988         196.377
            989         196.377
            990         196.377
            991         196.377
            992         196.377
            993         196.377
            994         196.377
            995         196.377
            996         196.377
            997         196.377
            998         196.377
            999         196.377
           1000         196.377
           1001         196.377
           1002         196.377
           1003         197.354
           1004         197.354
           1005         197.354
           1006         197.354
           1007         197.354
           1008         197.354
           1009         197.354
           1010         197.354
           1011         197.354
           1012         197.354
           1013         197.354
           1014         197.354
           1015         196.377
           1016         196.377
           1017         196.377
           1018         196.377
           1019         196.377
           1020         196.377
           1021         196.377
           1022         196.377
           1023         196.377
           1024         196.377
           1025         196.377
           1026         196.377
           1027         196.377
           1028         196.377
           1029         196.377
           1030         196.377
           1031         196.377
           1032         196.377
           1033         196.377
           1034         196.377
           1035         196.377
           1036         196.377
           1037         196.377
           1038         196.377
           1039         196.377
           1040         196.377
           1041         196.377
           1042         197.354
           1043         197.354
           1044         197.354
           1045         197.354
           1046         197.354
           1047         197.354
           1048         197.354
           1049         197.354
           1050         197.354
           1051         197.354
           1052         197.354
           1053         197.354
           1054         197.354
           1055         197.354
           1056         197.354
           1057         197.354
           1058         197.354
           1059         197.354
           1060         197.354
           1061         197.354
           1062         197.354
           1063         197.354
           1064         198.331
           1065         198.331
           1066         198.331
           1067         198.331
           1068         198.331
           1069         198.331
           1070         198.331
           1071         198.331
           1072         198.331
           1073         198.331
           1074         198.331
