TRACENO
              1         177.814
              2         177.814
              3         177.814
              4         177.814
              5         177.814
              6         177.814
              7         177.814
              8         177.814
              9         177.814
             10         177.814
             11         177.814
             12         177.814
             13         177.814
             14         177.814
             15         177.814
             16         177.814
             17         177.814
             18         177.814
             19         177.814
             20         177.814
             21         177.814
             22         177.814
             23         177.814
             24         177.814
             25         177.814
             26         177.814
             27         177.814
             28         177.814
             29         177.814
             30         177.814
             31         177.814
             32         177.814
             33         177.814
             34         177.814
             35         177.814
             36         177.814
             37         177.814
             38         177.814
             39         177.814
             40         177.814
             41         177.814
             42         177.814
             43         177.814
             44         178.791
             45         178.791
             46         178.791
             47         178.791
             48         178.791
             49         178.791
             50         178.791
             51         178.791
             52         178.791
             53         178.791
             54         178.791
             55         178.791
             56         178.791
             57         178.791
             58         178.791
             59         178.791
             60         178.791
             61         178.791
             62         178.791
             63         178.791
             64         178.791
             65         178.791
             66         178.791
             67         178.791
             68         178.791
             69         178.791
             70         178.791
             71         178.791
             72         178.791
             73         178.791
             74         178.791
             75         178.791
             76         178.791
             77         179.768
             78         179.768
             79         179.768
             80         179.768
             81         179.768
             82         179.768
             83         179.768
             84         179.768
             85         179.768
             86         179.768
             87         179.768
             88         179.768
             89         179.768
             90         179.768
             91         179.768
             92         179.768
             93         179.768
             94         179.768
             95         179.768
             96         179.768
             97         179.768
             98         179.768
             99         179.768
            100         179.768
            101         179.768
            102         179.768
            103         179.768
            104         179.768
            105         179.768
            106         179.768
            107         179.768
            108         179.768
            109         179.768
            110         179.768
            111         179.768
            112         179.768
            113         179.768
            114         179.768
            115         179.768
            116         179.768
            117         179.768
            118         179.768
            119         179.768
            120         179.768
            121         179.768
            122         179.768
            123         179.768
            124         179.768
            125         179.768
            126         179.768
            127         179.768
            128         179.768
            129         179.768
            130         179.768
            131         179.768
            132         179.768
            133         179.768
            134         180.745
            135         180.745
            136         180.745
            137         180.745
            138         180.745
            139         180.745
            140         180.745
            141         180.745
            142         180.745
            143         180.745
            144         180.745
            145         180.745
            146         180.745
            147         180.745
            148         180.745
            149         180.745
            150         180.745
            151         180.745
            152         180.745
            153         180.745
            154         180.745
            155         180.745
            156         180.745
            157         180.745
            158         180.745
            159         180.745
            160         180.745
            161         180.745
            162         180.745
            163         180.745
            164         180.745
            165         180.745
            166         180.745
            167         180.745
            168         180.745
            169         180.745
            170         180.745
            171         180.745
            172         180.745
            173         180.745
            174         180.745
            175         180.745
            176         180.745
            177         180.745
            178         180.745
            179         181.722
            180         181.722
            181         181.722
            182         181.722
            183         181.722
            184         181.722
            185         181.722
            186         181.722
            187         181.722
            188         181.722
            189         181.722
            190         181.722
            191         181.722
            192         181.722
            193         181.722
            194         181.722
            195         181.722
            196         181.722
            197         181.722
            198         181.722
            199         181.722
            200         181.722
            201         181.722
            202         181.722
            203         181.722
            204         181.722
            205         181.722
            206         181.722
            207         181.722
            208         181.722
            209         181.722
            210         181.722
            211         181.722
            212         181.722
            213         181.722
            214         181.722
            215         181.722
            216         181.722
            217         181.722
            218         181.722
            219         181.722
            220         181.722
            221         181.722
            222         181.722
            223         181.722
            224         181.722
            225         181.722
            226         181.722
            227         181.722
            228         181.722
            229         181.722
            230         181.722
            231         181.722
            232         181.722
            233         181.722
            234         181.722
            235         181.722
            236         181.722
            237         181.722
            238         181.722
            239         181.722
            240         181.722
            241         181.722
            242         181.722
            243         181.722
            244         181.722
            245         181.722
            246         181.722
            247         181.722
            248         181.722
            249         181.722
            250         181.722
            251         181.722
            252         181.722
            253         181.722
            254         181.722
            255         181.722
            256         182.699
            257         182.699
            258         182.699
            259         182.699
            260         182.699
            261         182.699
            262         182.699
            263         182.699
            264         182.699
            265         182.699
            266         182.699
            267         182.699
            268         182.699
            269         182.699
            270         182.699
            271         182.699
            272         182.699
            273         182.699
            274         182.699
            275         182.699
            276         182.699
            277         182.699
            278         182.699
            279         182.699
            280         182.699
            281         182.699
            282         182.699
            283         182.699
            284         182.699
            285         182.699
            286         182.699
            287         182.699
            288         182.699
            289         182.699
            290         182.699
            291         182.699
            292         182.699
            293         182.699
            294         182.699
            295         182.699
            296         182.699
            297         182.699
            298         182.699
            299         182.699
            300         182.699
            301         182.699
            302         182.699
            303         182.699
            304         183.676
            305         183.676
            306         183.676
            307         183.676
            308         183.676
            309         183.676
            310         183.676
            311         183.676
            312         183.676
            313         183.676
            314         183.676
            315         183.676
            316         183.676
            317         183.676
            318         183.676
            319         183.676
            320         183.676
            321         183.676
            322         183.676
            323         183.676
            324         183.676
            325         183.676
            326         183.676
            327         183.676
            328         183.676
            329         183.676
            330         183.676
            331         183.676
            332         183.676
            333         183.676
            334         183.676
            335         183.676
            336         183.676
            337         183.676
            338         183.676
            339         183.676
            340         183.676
            341         183.676
            342         183.676
            343         183.676
            344         183.676
            345         183.676
            346         183.676
            347         184.653
            348         184.653
            349         184.653
            350         184.653
            351         184.653
            352         184.653
            353         184.653
            354         184.653
            355         184.653
            356         184.653
            357         184.653
            358         184.653
            359         184.653
            360         184.653
            361         184.653
            362         184.653
            363         184.653
            364         184.653
            365         184.653
            366         184.653
            367         184.653
            368         184.653
            369         184.653
            370         184.653
            371         184.653
            372         184.653
            373         184.653
            374         184.653
            375         184.653
            376         184.653
            377         184.653
            378         184.653
            379         184.653
            380         184.653
            381         184.653
            382         184.653
            383         184.653
            384         184.653
            385         184.653
            386         184.653
            387         184.653
            388         184.653
            389         184.653
            390         184.653
            391         184.653
            392         184.653
            393         184.653
            394         185.630
            395         185.630
            396         185.630
            397         185.630
            398         185.630
            399         185.630
            400         185.630
            401         185.630
            402         185.630
            403         185.630
            404         185.630
            405         185.630
            406         185.630
            407         185.630
            408         185.630
            409         185.630
            410         185.630
            411         185.630
            412         185.630
            413         185.630
            414         185.630
            415         185.630
            416         185.630
            417         185.630
            418         185.630
            419         185.630
            420         185.630
            421         185.630
            422         185.630
            423         185.630
            424         185.630
            425         185.630
            426         185.630
            427         185.630
            428         185.630
            429         185.630
            430         185.630
            431         185.630
            432         185.630
            433         185.630
            434         185.630
            435         185.630
            436         185.630
            437         185.630
            438         185.630
            439         185.630
            440         185.630
            441         185.630
            442         185.630
            443         185.630
            444         185.630
            445         185.630
            446         185.630
            447         185.630
            448         186.607
            449         186.607
            450         186.607
            451         186.607
            452         186.607
            453         186.607
            454         186.607
            455         186.607
            456         186.607
            457         186.607
            458         186.607
            459         186.607
            460         186.607
            461         186.607
            462         186.607
            463         186.607
            464         186.607
            465         186.607
            466         186.607
            467         186.607
            468         186.607
            469         186.607
            470         186.607
            471         186.607
            472         186.607
            473         186.607
            474         186.607
            475         186.607
            476         186.607
            477         186.607
            478         186.607
            479         186.607
            480         186.607
            481         186.607
            482         186.607
            483         186.607
            484         186.607
            485         187.584
            486         187.584
            487         187.584
            488         187.584
            489         187.584
            490         187.584
            491         187.584
            492         187.584
            493         187.584
            494         187.584
            495         187.584
            496         187.584
            497         187.584
            498         187.584
            499         187.584
            500         187.584
            501         187.584
            502         187.584
            503         187.584
            504         187.584
            505         187.584
            506         187.584
            507         187.584
            508         187.584
            509         187.584
            510         187.584
            511         187.584
            512         187.584
            513         187.584
            514         187.584
            515         187.584
            516         187.584
            517         188.561
            518         188.561
            519         188.561
            520         188.561
            521         188.561
            522         188.561
            523         188.561
            524         188.561
            525         188.561
            526         188.561
            527         188.561
            528         188.561
            529         188.561
            530         188.561
            531         188.561
            532         188.561
            533         188.561
            534         188.561
            535         188.561
            536         188.561
            537         188.561
            538         188.561
            539         188.561
            540         188.561
            541         188.561
            542         188.561
            543         189.538
            544         189.538
            545         189.538
            546         189.538
            547         189.538
            548         189.538
            549         189.538
            550         189.538
            551         189.538
            552         189.538
            553         189.538
            554         189.538
            555         189.538
            556         189.538
            557         189.538
            558         189.538
            559         189.538
            560         189.538
            561         189.538
            562         189.538
            563         189.538
            564         189.538
            565         189.538
            566         189.538
            567         189.538
            568         190.515
            569         190.515
            570         190.515
            571         190.515
            572         190.515
            573         190.515
            574         190.515
            575         190.515
            576         190.515
            577         191.492
            578         191.492
            579         191.492
            580         191.492
            581         191.492
            582         191.492
            583         191.492
            584         191.492
            585         191.492
            586         191.492
            587         191.492
            588         191.492
            589         191.492
            590         191.492
            591         191.492
            592         191.492
            593         191.492
            594         191.492
            595         191.492
            596         191.492
            597         191.492
            598         191.492
            599         191.492
            600         191.492
            601         191.492
            602         191.492
            603         191.492
            604         191.492
            605         191.492
            606         191.492
            607         191.492
            608         191.492
            609         191.492
            610         191.492
            611         191.492
            612         191.492
            613         191.492
            614         191.492
            615         191.492
            616         191.492
            617         191.492
            618         191.492
            619         191.492
            620         191.492
            621         191.492
            622         191.492
            623         191.492
            624         192.469
            625         192.469
            626         192.469
            627         192.469
            628         192.469
            629         192.469
            630         192.469
            631         192.469
            632         192.469
            633         192.469
            634         192.469
            635         192.469
            636         192.469
            637         192.469
            638         192.469
            639         192.469
            640         192.469
            641         192.469
            642         192.469
            643         192.469
            644         192.469
            645         193.446
            646         193.446
            647         193.446
            648         193.446
            649         193.446
            650         193.446
            651         193.446
            652         193.446
            653         193.446
            654         193.446
            655         193.446
            656         193.446
            657         193.446
            658         193.446
            659         193.446
            660         193.446
            661         194.423
            662         194.423
            663         194.423
            664         194.423
            665         194.423
            666         194.423
            667         194.423
            668         194.423
            669         194.423
            670         194.423
            671         194.423
            672         194.423
            673         194.423
            674         194.423
            675         194.423
            676         194.423
            677         194.423
            678         194.423
            679         194.423
            680         194.423
            681         194.423
            682         194.423
            683         194.423
            684         194.423
            685         195.400
            686         195.400
            687         195.400
            688         195.400
            689         195.400
            690         195.400
            691         195.400
            692         195.400
            693         195.400
            694         195.400
            695         195.400
            696         195.400
            697         195.400
            698         195.400
            699         195.400
            700         195.400
            701         195.400
            702         195.400
            703         195.400
            704         196.377
            705         196.377
            706         196.377
            707         196.377
            708         196.377
            709         196.377
            710         196.377
            711         196.377
            712         196.377
            713         196.377
            714         196.377
            715         196.377
            716         196.377
            717         196.377
            718         196.377
            719         196.377
            720         196.377
            721         196.377
            722         196.377
            723         196.377
            724         196.377
            725         196.377
            726         196.377
            727         197.354
            728         197.354
            729         197.354
            730         197.354
            731         197.354
            732         197.354
            733         197.354
            734         197.354
            735         197.354
            736         197.354
            737         197.354
            738         197.354
            739         197.354
            740         197.354
            741         197.354
            742         197.354
            743         197.354
            744         197.354
            745         197.354
            746         197.354
            747         197.354
            748         198.331
            749         198.331
            750         198.331
            751         198.331
            752         198.331
            753         198.331
            754         198.331
            755         198.331
            756         198.331
            757         198.331
            758         198.331
            759         198.331
            760         198.331
            761         198.331
            762         198.331
            763         198.331
            764         198.331
            765         198.331
            766         198.331
            767         199.308
            768         199.308
            769         199.308
            770         199.308
            771         199.308
            772         199.308
            773         199.308
            774         199.308
            775         199.308
            776         199.308
            777         199.308
            778         199.308
            779         199.308
            780         199.308
            781         199.308
            782         199.308
            783         199.308
            784         199.308
            785         199.308
            786         199.308
            787         200.285
            788         200.285
            789         200.285
            790         200.285
            791         200.285
            792         200.285
            793         200.285
            794         200.285
            795         200.285
            796         200.285
            797         200.285
            798         200.285
            799         200.285
            800         200.285
            801         201.262
            802         201.262
            803         201.262
            804         201.262
            805         201.262
            806         201.262
            807         201.262
            808         201.262
            809         201.262
            810         201.262
            811         201.262
            812         201.262
            813         202.239
            814         202.239
            815         202.239
            816         202.239
            817         202.239
            818         202.239
            819         202.239
            820         202.239
            821         202.239
            822         202.239
            823         202.239
            824         202.239
            825         202.239
            826         202.239
            827         202.239
            828         203.216
            829         203.216
            830         203.216
            831         203.216
            832         203.216
            833         203.216
            834         203.216
            835         203.216
            836         203.216
            837         203.216
            838         203.216
            839         203.216
            840         203.216
            841         203.216
            842         203.216
            843         203.216
            844         203.216
            845         203.216
            846         204.193
            847         204.193
            848         204.193
            849         204.193
            850         204.193
            851         204.193
            852         204.193
            853         204.193
            854         204.193
            855         204.193
            856         204.193
            857         204.193
            858         204.193
            859         204.193
            860         204.193
            861         204.193
            862         204.193
            863         204.193
            864         204.193
            865         205.170
            866         205.170
            867         205.170
            868         205.170
            869         205.170
            870         205.170
            871         205.170
            872         205.170
            873         205.170
            874         205.170
            875         205.170
            876         205.170
            877         205.170
            878         205.170
            879         206.147
            880         206.147
            881         206.147
            882         206.147
            883         206.147
            884         206.147
            885         206.147
            886         206.147
            887         206.147
            888         206.147
            889         206.147
            890         206.147
            891         206.147
            892         206.147
            893         207.124
            894         207.124
            895         207.124
            896         207.124
            897         207.124
            898         207.124
            899         207.124
            900         207.124
            901         207.124
            902         207.124
            903         207.124
            904         207.124
            905         207.124
            906         207.124
            907         207.124
            908         207.124
            909         208.101
            910         208.101
            911         208.101
            912         208.101
            913         208.101
            914         208.101
            915         208.101
            916         208.101
            917         208.101
            918         208.101
            919         208.101
            920         208.101
            921         208.101
            922         208.101
            923         208.101
            924         208.101
            925         209.078
            926         209.078
            927         209.078
            928         209.078
            929         209.078
            930         209.078
            931         209.078
            932         209.078
            933         209.078
            934         209.078
            935         209.078
            936         209.078
            937         209.078
            938         210.055
            939         210.055
            940         210.055
            941         210.055
            942         210.055
            943         210.055
            944         210.055
            945         210.055
            946         210.055
            947         210.055
            948         210.055
            949         211.032
            950         211.032
            951         211.032
            952         211.032
            953         211.032
            954         211.032
            955         211.032
            956         211.032
            957         211.032
            958         211.032
            959         211.032
            960         211.032
            961         212.009
            962         212.009
            963         212.009
            964         212.009
            965         212.009
            966         212.009
            967         212.009
            968         212.009
            969         212.009
            970         212.009
            971         212.009
            972         212.009
            973         212.009
            974         212.986
            975         212.986
            976         212.986
            977         212.986
            978         212.986
            979         212.986
            980         212.986
            981         212.986
            982         212.986
            983         212.986
            984         212.986
            985         212.986
            986         212.986
            987         212.986
            988         213.963
            989         213.963
            990         213.963
            991         213.963
            992         213.963
            993         213.963
            994         213.963
            995         213.963
            996         213.963
            997         213.963
            998         213.963
            999         213.963
           1000         213.963
           1001         214.940
           1002         214.940
           1003         214.940
           1004         214.940
           1005         214.940
           1006         214.940
           1007         214.940
           1008         214.940
           1009         214.940
           1010         214.940
           1011         214.940
           1012         214.940
           1013         214.940
           1014         215.917
           1015         215.917
           1016         215.917
           1017         215.917
           1018         215.917
           1019         215.917
           1020         215.917
           1021         215.917
           1022         215.917
           1023         215.917
           1024         215.917
           1025         215.917
           1026         215.917
           1027         216.894
           1028         216.894
           1029         216.894
           1030         216.894
           1031         216.894
           1032         216.894
           1033         216.894
           1034         216.894
           1035         216.894
           1036         216.894
           1037         216.894
           1038         216.894
           1039         216.894
           1040         217.871
           1041         217.871
           1042         217.871
           1043         217.871
           1044         217.871
           1045         217.871
           1046         217.871
           1047         217.871
           1048         217.871
           1049         217.871
           1050         217.871
           1051         217.871
           1052         217.871
           1053         217.871
           1054         217.871
           1055         217.871
           1056         217.871
           1057         217.871
           1058         218.848
           1059         218.848
           1060         218.848
           1061         218.848
           1062         218.848
           1063         218.848
           1064         218.848
           1065         218.848
           1066         218.848
           1067         218.848
           1068         218.848
           1069         218.848
           1070         218.848
           1071         218.848
           1072         218.848
           1073         218.848
           1074         219.825
           1075         219.825
           1076         219.825
           1077         219.825
           1078         219.825
           1079         219.825
           1080         219.825
           1081         219.825
           1082         219.825
           1083         219.825
           1084         219.825
           1085         219.825
           1086         219.825
           1087         219.825
           1088         219.825
           1089         220.802
           1090         220.802
           1091         220.802
           1092         220.802
           1093         220.802
           1094         220.802
           1095         220.802
           1096         220.802
           1097         220.802
           1098         220.802
           1099         220.802
           1100         220.802
           1101         220.802
           1102         220.802
           1103         221.779
           1104         221.779
           1105         221.779
           1106         221.779
           1107         221.779
           1108         221.779
           1109         221.779
           1110         221.779
           1111         221.779
           1112         221.779
           1113         221.779
           1114         221.779
           1115         221.779
           1116         221.779
           1117         221.779
           1118         222.756
           1119         222.756
           1120         222.756
           1121         222.756
           1122         222.756
           1123         222.756
           1124         222.756
           1125         222.756
           1126         222.756
           1127         222.756
           1128         222.756
           1129         222.756
           1130         222.756
           1131         222.756
           1132         222.756
           1133         223.733
           1134         223.733
           1135         223.733
           1136         223.733
           1137         223.733
           1138         223.733
           1139         223.733
           1140         223.733
           1141         223.733
           1142         223.733
           1143         223.733
           1144         223.733
           1145         223.733
           1146         223.733
           1147         223.733
           1148         224.710
           1149         224.710
           1150         224.710
           1151         224.710
           1152         224.710
           1153         224.710
           1154         224.710
           1155         224.710
           1156         224.710
           1157         224.710
           1158         224.710
           1159         224.710
           1160         224.710
           1161         224.710
           1162         224.710
           1163         224.710
           1164         225.687
           1165         225.687
           1166         225.687
           1167         225.687
           1168         225.687
           1169         225.687
           1170         225.687
           1171         225.687
           1172         225.687
           1173         225.687
           1174         225.687
           1175         225.687
           1176         225.687
           1177         225.687
           1178         225.687
           1179         226.664
           1180         226.664
           1181         226.664
           1182         226.664
           1183         226.664
           1184         226.664
           1185         226.664
           1186         226.664
           1187         226.664
           1188         226.664
           1189         226.664
           1190         226.664
           1191         226.664
           1192         226.664
           1193         226.664
           1194         226.664
           1195         227.641
           1196         227.641
           1197         227.641
           1198         227.641
           1199         227.641
           1200         227.641
           1201         227.641
           1202         227.641
           1203         227.641
           1204         227.641
           1205         227.641
           1206         227.641
           1207         227.641
           1208         228.618
           1209         228.618
           1210         228.618
           1211         228.618
           1212         228.618
           1213         228.618
           1214         228.618
           1215         228.618
           1216         228.618
           1217         228.618
           1218         228.618
           1219         228.618
           1220         228.618
           1221         229.595
           1222         229.595
           1223         229.595
           1224         229.595
           1225         229.595
           1226         229.595
           1227         229.595
           1228         229.595
           1229         229.595
           1230         229.595
           1231         229.595
           1232         229.595
           1233         229.595
           1234         230.572
           1235         230.572
           1236         230.572
           1237         230.572
           1238         230.572
           1239         230.572
           1240         230.572
           1241         230.572
           1242         230.572
           1243         230.572
           1244         230.572
           1245         230.572
           1246         230.572
           1247         231.549
           1248         231.549
           1249         231.549
           1250         231.549
           1251         231.549
           1252         231.549
           1253         231.549
           1254         231.549
           1255         231.549
           1256         231.549
           1257         231.549
           1258         231.549
           1259         231.549
           1260         231.549
           1261         231.549
           1262         231.549
           1263         231.549
           1264         231.549
           1265         232.526
           1266         232.526
           1267         232.526
           1268         232.526
           1269         232.526
           1270         232.526
           1271         232.526
           1272         232.526
           1273         232.526
           1274         232.526
           1275         232.526
           1276         232.526
           1277         232.526
           1278         232.526
           1279         232.526
           1280         232.526
           1281         232.526
           1282         232.526
           1283         232.526
           1284         233.503
           1285         233.503
           1286         233.503
           1287         233.503
           1288         233.503
           1289         233.503
           1290         233.503
           1291         233.503
           1292         233.503
           1293         233.503
           1294         233.503
           1295         233.503
           1296         233.503
           1297         233.503
           1298         233.503
           1299         233.503
           1300         233.503
           1301         233.503
           1302         233.503
           1303         233.503
           1304         233.503
           1305         233.503
           1306         233.503
           1307         233.503
           1308         234.480
           1309         234.480
           1310         234.480
           1311         234.480
           1312         234.480
           1313         234.480
           1314         234.480
           1315         234.480
           1316         234.480
           1317         234.480
           1318         234.480
           1319         234.480
           1320         234.480
           1321         234.480
           1322         234.480
           1323         234.480
           1324         234.480
           1325         234.480
           1326         234.480
           1327         234.480
           1328         234.480
           1329         234.480
           1330         234.480
           1331         234.480
           1332         235.457
           1333         235.457
           1334         235.457
           1335         235.457
           1336         235.457
           1337         235.457
           1338         235.457
           1339         235.457
           1340         235.457
           1341         235.457
           1342         235.457
           1343         235.457
           1344         235.457
           1345         235.457
           1346         235.457
           1347         235.457
           1348         235.457
           1349         235.457
           1350         235.457
           1351         235.457
           1352         235.457
           1353         235.457
           1354         235.457
           1355         235.457
           1356         235.457
           1357         235.457
           1358         235.457
           1359         235.457
           1360         235.457
           1361         235.457
           1362         235.457
           1363         235.457
           1364         235.457
           1365         235.457
           1366         235.457
           1367         235.457
           1368         236.434
           1369         236.434
           1370         236.434
           1371         236.434
           1372         236.434
           1373         236.434
           1374         236.434
           1375         236.434
           1376         236.434
           1377         236.434
           1378         236.434
           1379         236.434
           1380         236.434
           1381         236.434
           1382         236.434
           1383         236.434
           1384         236.434
           1385         236.434
           1386         236.434
           1387         236.434
           1388         236.434
           1389         236.434
           1390         236.434
           1391         236.434
           1392         236.434
           1393         236.434
           1394         236.434
           1395         236.434
           1396         236.434
           1397         236.434
           1398         236.434
           1399         236.434
           1400         236.434
           1401         236.434
           1402         236.434
           1403         236.434
           1404         236.434
           1405         236.434
           1406         236.434
           1407         236.434
           1408         236.434
           1409         236.434
           1410         236.434
           1411         236.434
           1412         236.434
           1413         236.434
           1414         236.434
           1415         236.434
           1416         236.434
           1417         236.434
           1418         236.434
           1419         236.434
           1420         236.434
           1421         236.434
           1422         236.434
           1423         237.411
           1424         237.411
           1425         237.411
           1426         237.411
           1427         237.411
           1428         237.411
           1429         237.411
           1430         237.411
           1431         237.411
           1432         237.411
           1433         237.411
           1434         237.411
           1435         237.411
           1436         237.411
           1437         237.411
           1438         237.411
           1439         237.411
           1440         237.411
           1441         237.411
           1442         236.434
           1443         236.434
           1444         236.434
           1445         236.434
           1446         237.411
           1447         237.411
           1448         237.411
           1449         237.411
           1450         237.411
           1451         237.411
           1452         237.411
           1453         237.411
           1454         237.411
           1455         237.411
           1456         237.411
           1457         237.411
           1458         237.411
           1459         237.411
           1460         237.411
           1461         237.411
           1462         237.411
           1463         236.434
           1464         236.434
           1465         236.434
           1466         236.434
           1467         236.434
           1468         236.434
           1469         236.434
           1470         236.434
           1471         236.434
           1472         236.434
           1473         236.434
           1474         236.434
           1475         236.434
           1476         236.434
           1477         236.434
           1478         236.434
           1479         236.434
           1480         236.434
           1481         236.434
           1482         236.434
           1483         236.434
           1484         235.457
           1485         235.457
           1486         235.457
           1487         235.457
           1488         235.457
           1489         235.457
           1490         235.457
           1491         235.457
           1492         235.457
           1493         235.457
           1494         235.457
           1495         235.457
           1496         235.457
           1497         235.457
           1498         235.457
           1499         235.457
           1500         235.457
           1501         235.457
           1502         235.457
           1503         235.457
           1504         235.457
           1505         235.457
           1506         235.457
           1507         235.457
           1508         235.457
           1509         235.457
           1510         235.457
           1511         235.457
           1512         235.457
           1513         235.457
           1514         235.457
           1515         235.457
           1516         235.457
           1517         235.457
           1518         235.457
           1519         235.457
           1520         235.457
           1521         235.457
           1522         235.457
           1523         235.457
           1524         235.457
           1525         234.480
           1526         234.480
           1527         234.480
           1528         234.480
           1529         234.480
           1530         234.480
           1531         234.480
           1532         234.480
           1533         234.480
           1534         234.480
           1535         234.480
           1536         234.480
           1537         234.480
           1538         234.480
           1539         233.503
           1540         233.503
           1541         233.503
           1542         233.503
           1543         233.503
           1544         233.503
           1545         233.503
           1546         233.503
           1547         232.526
           1548         232.526
           1549         232.526
           1550         232.526
           1551         232.526
           1552         232.526
           1553         232.526
           1554         232.526
           1555         231.549
           1556         231.549
           1557         231.549
           1558         231.549
           1559         231.549
           1560         231.549
           1561         231.549
           1562         231.549
           1563         231.549
           1564         230.572
           1565         230.572
           1566         230.572
           1567         230.572
           1568         230.572
           1569         230.572
           1570         230.572
           1571         230.572
           1572         230.572
           1573         230.572
           1574         229.595
           1575         229.595
           1576         229.595
           1577         229.595
           1578         229.595
           1579         229.595
           1580         228.618
           1581         228.618
           1582         228.618
           1583         228.618
           1584         228.618
           1585         228.618
           1586         227.641
           1587         227.641
           1588         227.641
           1589         227.641
           1590         227.641
           1591         227.641
           1592         226.664
           1593         226.664
           1594         226.664
           1595         226.664
           1596         226.664
           1597         225.687
           1598         225.687
           1599         225.687
           1600         225.687
           1601         225.687
           1602         225.687
           1603         224.710
           1604         224.710
           1605         224.710
           1606         224.710
           1607         224.710
           1608         224.710
           1609         223.733
           1610         223.733
           1611         223.733
           1612         223.733
           1613         223.733
           1614         223.733
           1615         222.756
           1616         222.756
           1617         222.756
           1618         222.756
           1619         222.756
           1620         222.756
           1621         222.756
           1622         221.779
           1623         221.779
           1624         221.779
           1625         221.779
           1626         221.779
           1627         221.779
           1628         220.802
           1629         220.802
           1630         220.802
           1631         220.802
           1632         220.802
           1633         220.802
           1634         220.802
           1635         219.825
           1636         219.825
           1637         219.825
           1638         219.825
           1639         219.825
           1640         219.825
           1641         219.825
           1642         218.848
           1643         218.848
           1644         218.848
           1645         218.848
           1646         218.848
           1647         218.848
           1648         218.848
           1649         218.848
           1650         218.848
           1651         217.871
           1652         217.871
           1653         217.871
           1654         217.871
           1655         217.871
           1656         217.871
           1657         217.871
           1658         217.871
           1659         217.871
           1660         216.894
           1661         216.894
           1662         216.894
           1663         216.894
           1664         216.894
           1665         216.894
           1666         216.894
           1667         216.894
           1668         216.894
           1669         216.894
           1670         216.894
           1671         215.917
           1672         215.917
           1673         215.917
           1674         215.917
           1675         215.917
           1676         215.917
           1677         215.917
           1678         215.917
           1679         215.917
           1680         215.917
           1681         215.917
           1682         215.917
           1683         215.917
           1684         215.917
           1685         215.917
           1686         215.917
           1687         215.917
           1688         215.917
           1689         215.917
           1690         215.917
           1691         215.917
           1692         215.917
           1693         215.917
           1694         215.917
           1695         215.917
           1696         215.917
           1697         214.940
           1698         214.940
           1699         214.940
           1700         214.940
           1701         214.940
           1702         214.940
           1703         214.940
           1704         214.940
           1705         214.940
           1706         214.940
           1707         214.940
           1708         214.940
           1709         214.940
           1710         213.963
           1711         213.963
           1712         213.963
           1713         213.963
           1714         213.963
           1715         213.963
           1716         213.963
           1717         213.963
           1718         213.963
           1719         213.963
           1720         213.963
           1721         213.963
           1722         212.986
           1723         212.986
           1724         212.986
           1725         212.986
           1726         212.986
           1727         212.986
           1728         212.986
           1729         212.986
           1730         212.986
           1731         212.986
           1732         212.986
           1733         212.986
           1734         212.986
           1735         212.986
           1736         212.986
           1737         212.986
           1738         212.986
           1739         212.986
           1740         212.986
           1741         212.986
           1742         212.986
           1743         212.986
           1744         212.986
           1745         212.986
           1746         212.986
           1747         212.986
           1748         212.986
           1749         212.009
           1750         212.009
           1751         212.009
           1752         212.009
           1753         212.009
           1754         212.009
           1755         212.009
           1756         212.009
           1757         212.009
           1758         212.009
           1759         212.009
           1760         212.009
           1761         212.009
           1762         212.009
           1763         212.009
           1764         212.009
           1765         211.032
           1766         211.032
           1767         211.032
           1768         211.032
           1769         211.032
           1770         211.032
           1771         211.032
           1772         211.032
           1773         210.055
           1774         210.055
           1775         210.055
           1776         210.055
           1777         210.055
           1778         210.055
           1779         210.055
           1780         210.055
           1781         210.055
           1782         210.055
           1783         210.055
           1784         210.055
           1785         210.055
           1786         210.055
           1787         210.055
           1788         210.055
           1789         210.055
           1790         210.055
           1791         210.055
           1792         210.055
           1793         210.055
           1794         210.055
           1795         210.055
           1796         210.055
           1797         210.055
           1798         210.055
           1799         209.078
           1800         209.078
           1801         209.078
           1802         209.078
           1803         209.078
           1804         209.078
           1805         209.078
           1806         209.078
           1807         209.078
           1808         209.078
           1809         209.078
           1810         209.078
           1811         209.078
           1812         209.078
           1813         209.078
           1814         209.078
           1815         209.078
           1816         209.078
           1817         209.078
           1818         209.078
           1819         209.078
           1820         209.078
           1821         209.078
           1822         209.078
           1823         209.078
           1824         209.078
           1825         209.078
           1826         209.078
           1827         209.078
           1828         209.078
           1829         209.078
           1830         209.078
           1831         209.078
           1832         209.078
           1833         209.078
           1834         209.078
           1835         209.078
           1836         209.078
           1837         209.078
           1838         209.078
           1839         209.078
           1840         209.078
           1841         209.078
           1842         209.078
           1843         209.078
           1844         209.078
           1845         208.101
           1846         208.101
           1847         208.101
           1848         207.124
           1849         207.124
           1850         208.101
           1851         208.101
           1852         208.101
           1853         208.101
           1854         208.101
           1855         208.101
           1856         208.101
           1857         208.101
           1858         208.101
           1859         208.101
           1860         208.101
           1861         208.101
           1862         208.101
           1863         208.101
           1864         208.101
           1865         208.101
           1866         208.101
           1867         208.101
           1868         208.101
           1869         208.101
           1870         208.101
           1871         208.101
           1872         208.101
           1873         208.101
           1874         208.101
           1875         208.101
           1876         208.101
           1877         208.101
           1878         208.101
           1879         208.101
           1880         209.078
           1881         209.078
           1882         209.078
           1883         209.078
           1884         209.078
           1885         209.078
           1886         209.078
           1887         210.055
           1888         210.055
           1889         210.055
           1890         210.055
           1891         211.032
           1892         211.032
           1893         211.032
           1894         211.032
           1895         212.009
           1896         212.009
           1897         212.009
           1898         212.009
           1899         212.009
