TRACENO
              1         128.964
              2         128.964
              3         128.964
              4         128.964
              5         128.964
              6         128.964
              7         128.964
              8         128.964
              9         128.964
             10         128.964
             11         128.964
             12         128.964
             13         128.964
             14         128.964
             15         128.964
             16         128.964
             17         128.964
             18         128.964
             19         128.964
             20         128.964
             21         128.964
             22         128.964
             23         128.964
             24         128.964
             25         128.964
             26         128.964
             27         127.987
             28         127.987
             29         127.987
             30         127.987
             31         127.987
             32         127.987
             33         127.987
             34         127.987
             35         127.987
             36         127.987
             37         127.987
             38         127.987
             39         127.987
             40         127.987
             41         127.987
             42         127.987
             43         127.987
             44         127.987
             45         127.987
             46         127.987
             47         127.987
             48         127.987
             49         127.987
             50         127.987
             51         127.987
             52         127.987
             53         127.987
             54         127.987
             55         127.987
             56         127.987
             57         127.987
             58         127.987
             59         127.987
             60         127.987
             61         127.987
             62         127.987
             63         127.987
             64         127.987
             65         127.987
             66         127.987
             67         127.987
             68         127.987
             69         127.987
             70         127.010
             71         127.010
             72         127.010
             73         127.010
             74         127.010
             75         126.033
             76         126.033
             77         126.033
             78         126.033
             79         126.033
             80         126.033
             81         126.033
             82         126.033
             83         126.033
             84         126.033
             85         126.033
             86         126.033
             87         126.033
             88         126.033
             89         126.033
             90         126.033
             91         126.033
             92         126.033
             93         126.033
             94         126.033
             95         126.033
             96         126.033
             97         126.033
             98         126.033
             99         126.033
            100         126.033
            101         125.056
            102         126.033
            103         126.033
            104         126.033
            105         126.033
            106         126.033
            107         126.033
            108         126.033
            109         126.033
            110         126.033
            111         126.033
            112         126.033
            113         126.033
            114         126.033
            115         126.033
            116         126.033
            117         126.033
            118         126.033
            119         126.033
            120         126.033
            121         126.033
            122         126.033
            123         126.033
            124         126.033
            125         126.033
            126         127.010
            127         127.010
            128         127.010
            129         127.010
            130         127.010
            131         127.010
            132         127.010
            133         127.010
            134         127.010
            135         127.010
            136         127.010
            137         127.010
            138         127.010
            139         127.010
            140         127.010
            141         127.010
            142         127.987
            143         127.987
            144         127.987
            145         127.987
            146         127.987
            147         127.987
            148         127.987
            149         127.987
            150         127.987
            151         127.987
            152         127.987
            153         127.987
            154         127.987
            155         128.964
            156         128.964
            157         128.964
            158         128.964
            159         128.964
            160         128.964
            161         128.964
            162         128.964
            163         128.964
            164         128.964
            165         128.964
            166         128.964
            167         128.964
            168         128.964
            169         128.964
            170         129.941
            171         129.941
            172         129.941
            173         129.941
            174         129.941
            175         129.941
            176         129.941
            177         129.941
            178         129.941
            179         129.941
            180         129.941
            181         129.941
            182         129.941
            183         129.941
            184         129.941
            185         129.941
            186         129.941
            187         129.941
            188         128.964
            189         128.964
            190         128.964
            191         128.964
            192         128.964
            193         128.964
            194         128.964
            195         128.964
            196         128.964
            197         128.964
            198         128.964
            199         128.964
            200         128.964
            201         128.964
            202         128.964
            203         128.964
            204         128.964
            205         128.964
            206         128.964
            207         128.964
            208         128.964
            209         128.964
            210         128.964
            211         128.964
            212         128.964
            213         128.964
            214         128.964
            215         128.964
            216         128.964
            217         128.964
            218         128.964
            219         129.941
            220         129.941
            221         129.941
            222         129.941
            223         129.941
            224         129.941
            225         129.941
            226         129.941
            227         129.941
            228         129.941
            229         129.941
            230         129.941
            231         128.964
            232         128.964
            233         128.964
            234         128.964
            235         128.964
            236         128.964
            237         128.964
            238         128.964
            239         128.964
            240         128.964
            241         128.964
            242         128.964
            243         128.964
            244         128.964
            245         127.987
            246         127.987
            247         127.987
            248         127.987
            249         127.987
            250         127.987
            251         127.987
            252         127.987
            253         127.987
            254         127.987
            255         127.987
            256         127.987
            257         127.987
            258         127.987
            259         127.987
            260         127.987
            261         127.987
            262         127.987
            263         127.987
            264         127.987
            265         127.987
            266         127.987
            267         127.987
            268         127.987
            269         127.987
            270         127.987
            271         127.987
            272         127.987
            273         127.987
            274         127.987
            275         127.987
            276         127.987
            277         127.987
            278         127.987
            279         127.987
            280         127.987
            281         127.987
            282         127.987
            283         127.987
            284         127.987
            285         127.987
            286         127.987
            287         127.987
            288         127.987
            289         127.987
            290         127.987
            291         127.987
            292         127.987
            293         127.987
            294         127.987
            295         127.987
            296         127.987
            297         127.987
            298         127.987
            299         127.987
            300         127.987
            301         127.987
            302         127.987
            303         127.987
            304         127.987
            305         127.987
            306         127.987
            307         127.987
            308         127.987
            309         127.987
            310         127.987
            311         127.987
            312         127.987
            313         127.987
            314         127.987
            315         127.987
            316         127.987
            317         127.987
            318         127.987
            319         127.987
            320         127.987
            321         127.987
            322         127.987
            323         127.987
            324         127.987
            325         127.987
            326         127.987
            327         127.987
            328         127.987
            329         127.987
            330         127.987
            331         127.987
            332         127.987
            333         127.987
            334         127.987
            335         127.987
            336         127.987
            337         127.987
            338         127.987
            339         127.987
            340         127.987
            341         127.987
            342         127.987
            343         127.987
            344         127.987
            345         127.987
            346         127.987
            347         127.987
            348         127.987
            349         127.987
            350         127.987
            351         127.987
            352         127.987
            353         127.987
            354         127.987
            355         127.987
            356         127.987
            357         127.987
            358         127.010
            359         127.010
            360         127.010
            361         127.010
            362         127.010
            363         127.010
            364         127.010
            365         127.010
            366         127.010
            367         127.010
            368         127.010
            369         127.010
            370         127.010
            371         127.010
            372         127.010
            373         127.010
            374         127.010
            375         127.010
            376         127.010
            377         127.010
            378         127.010
            379         127.010
            380         127.010
            381         127.010
            382         127.010
            383         127.010
            384         127.010
            385         127.010
            386         127.010
            387         127.010
            388         127.010
            389         127.010
            390         127.010
            391         127.010
            392         127.010
            393         127.010
            394         127.010
            395         127.010
            396         127.010
            397         127.010
            398         127.010
            399         127.010
            400         127.010
            401         127.010
            402         127.010
            403         127.010
            404         127.010
            405         127.010
            406         127.010
            407         127.010
            408         127.010
            409         127.010
            410         127.010
            411         127.010
            412         127.010
            413         127.010
            414         127.010
            415         127.010
            416         127.010
            417         127.010
            418         127.010
            419         127.010
            420         127.010
            421         127.010
            422         127.010
            423         127.010
            424         127.010
            425         127.010
            426         127.010
            427         127.010
            428         127.010
            429         127.010
            430         127.010
            431         127.010
            432         127.010
            433         127.010
            434         126.033
            435         126.033
            436         126.033
            437         126.033
            438         126.033
            439         126.033
            440         126.033
            441         126.033
            442         126.033
            443         126.033
            444         126.033
            445         126.033
            446         126.033
            447         126.033
            448         126.033
            449         126.033
            450         126.033
            451         126.033
            452         126.033
            453         125.056
            454         125.056
            455         125.056
            456         125.056
            457         125.056
            458         125.056
            459         125.056
            460         125.056
            461         125.056
            462         125.056
            463         125.056
            464         125.056
            465         125.056
            466         125.056
            467         125.056
            468         125.056
            469         125.056
            470         125.056
            471         125.056
            472         125.056
            473         125.056
            474         125.056
            475         125.056
            476         125.056
            477         125.056
            478         125.056
            479         125.056
            480         125.056
            481         125.056
            482         125.056
            483         125.056
            484         125.056
            485         125.056
            486         125.056
            487         125.056
            488         125.056
            489         125.056
            490         124.079
            491         124.079
            492         124.079
            493         124.079
            494         124.079
            495         124.079
            496         124.079
            497         124.079
            498         124.079
            499         124.079
            500         124.079
            501         124.079
            502         124.079
            503         124.079
            504         124.079
            505         124.079
            506         124.079
            507         124.079
            508         123.102
            509         123.102
            510         123.102
