TRACENO
             48         187.584
             49         187.584
             50         187.584
             51         187.584
             52         187.584
             53         187.584
             54         187.584
             55         187.584
             56         187.584
             57         187.584
             58         187.584
             59         187.584
             60         187.584
             61         186.607
             62         186.607
             63         186.607
             64         186.607
             65         186.607
             66         186.607
             67         185.630
             68         185.630
             69         185.630
             70         185.630
             71         185.630
             72         185.630
             73         185.630
             74         185.630
             75         185.630
             76         185.630
             77         185.630
             78         185.630
             79         185.630
             80         185.630
             81         185.630
             82         185.630
             83         185.630
             84         185.630
             85         185.630
             86         185.630
             87         185.630
             88         185.630
             89         185.630
             90         185.630
             91         186.607
             92         186.607
             93         186.607
             94         186.607
             95         186.607
             96         185.630
             97         185.630
             98         185.630
             99         185.630
            100         185.630
            101         185.630
            102         185.630
            103         185.630
            104         185.630
            105         185.630
            106         185.630
            107         185.630
            108         185.630
            109         185.630
            110         185.630
            111         185.630
            112         185.630
            113         185.630
            114         185.630
            115         185.630
            116         185.630
            117         185.630
            118         185.630
            119         185.630
            120         185.630
            121         185.630
            122         185.630
            123         185.630
            124         185.630
            125         185.630
            126         186.607
            127         186.607
            128         186.607
            129         186.607
            130         186.607
            131         186.607
            132         186.607
            133         186.607
            134         186.607
            135         186.607
            136         186.607
            137         186.607
            138         186.607
            139         186.607
            140         186.607
            141         186.607
            142         186.607
            143         186.607
            144         186.607
            145         186.607
            146         186.607
            147         185.630
            148         185.630
            149         185.630
            150         185.630
            151         185.630
            152         185.630
            153         185.630
            154         185.630
            155         185.630
            156         186.607
            157         186.607
            158         186.607
            159         186.607
            160         186.607
            161         185.630
            162         185.630
            163         185.630
            164         185.630
            165         185.630
            166         185.630
            167         185.630
            168         185.630
            169         185.630
            170         185.630
            171         185.630
            172         185.630
            173         185.630
            174         185.630
            175         185.630
            176         185.630
            177         185.630
            178         185.630
            179         185.630
            180         185.630
            181         185.630
            182         185.630
            183         185.630
            184         185.630
            185         185.630
            186         185.630
            187         185.630
            188         185.630
            189         185.630
            190         185.630
            191         185.630
            192         185.630
            193         185.630
            194         185.630
            195         185.630
            196         186.607
            197         186.607
            198         186.607
            199         186.607
            200         186.607
            201         186.607
            202         186.607
            203         186.607
            204         186.607
            205         186.607
            206         186.607
            207         186.607
            208         186.607
            209         186.607
            210         186.607
            211         186.607
            212         186.607
            213         186.607
            214         186.607
            215         186.607
            216         186.607
            217         186.607
            218         186.607
            219         186.607
            220         186.607
            221         186.607
            222         186.607
            223         186.607
            224         186.607
            225         186.607
            226         186.607
            227         186.607
            228         186.607
            229         186.607
            230         186.607
            231         186.607
            232         186.607
            233         186.607
            234         186.607
            235         186.607
            236         186.607
            237         186.607
            238         186.607
            239         186.607
            240         186.607
            241         186.607
            242         186.607
            243         187.584
            244         187.584
            245         187.584
            246         187.584
            247         187.584
            248         187.584
            249         187.584
            250         187.584
            251         187.584
            252         187.584
            253         187.584
            254         187.584
            255         187.584
            256         187.584
            257         187.584
            258         187.584
            259         187.584
            260         187.584
            261         187.584
            262         187.584
            263         187.584
            264         187.584
            265         187.584
            266         186.607
            267         186.607
            268         186.607
            269         186.607
            270         187.584
            271         187.584
            272         187.584
            273         187.584
            274         187.584
            275         187.584
            276         187.584
            277         187.584
            278         187.584
            279         187.584
            280         187.584
            281         187.584
            282         187.584
            283         187.584
            284         187.584
            285         187.584
            286         187.584
            287         187.584
            288         187.584
            289         187.584
            290         187.584
            291         187.584
            292         187.584
            293         187.584
            294         188.561
            295         188.561
            296         188.561
            297         188.561
            298         188.561
            299         188.561
            300         188.561
            301         188.561
            302         188.561
            303         188.561
            304         188.561
            305         188.561
            306         188.561
            307         188.561
            308         188.561
            309         188.561
            310         188.561
            311         188.561
            312         188.561
            313         188.561
            314         188.561
            315         188.561
            316         188.561
            317         189.538
            318         189.538
            319         189.538
            320         189.538
            321         189.538
            322         189.538
            323         189.538
            324         189.538
            325         189.538
            326         189.538
            327         189.538
            328         189.538
            329         189.538
            330         188.561
            331         188.561
            332         188.561
            333         188.561
            334         189.538
            335         189.538
            336         189.538
            337         189.538
            338         189.538
            339         189.538
            340         189.538
            341         189.538
            342         189.538
            343         189.538
            344         189.538
            345         189.538
            346         189.538
            347         189.538
            348         189.538
            349         189.538
            350         189.538
            351         189.538
            352         189.538
            353         189.538
            354         189.538
            355         189.538
            356         189.538
            357         189.538
            358         189.538
            359         189.538
            360         189.538
            361         189.538
            362         189.538
            363         189.538
            364         189.538
            365         189.538
            366         189.538
            367         189.538
            368         189.538
            369         189.538
            370         189.538
            371         189.538
            372         189.538
            373         189.538
            374         189.538
            375         189.538
            376         190.515
            377         190.515
            378         190.515
            379         190.515
            380         190.515
            381         190.515
            382         190.515
            383         190.515
            384         190.515
            385         190.515
            386         190.515
            387         190.515
            388         190.515
            389         190.515
            390         190.515
            391         190.515
            392         190.515
            393         190.515
            394         190.515
            395         190.515
            396         190.515
            397         190.515
            398         190.515
            399         190.515
            400         190.515
            401         190.515
            402         190.515
            403         190.515
            404         190.515
            405         190.515
            406         190.515
            407         190.515
            408         190.515
            409         190.515
            410         190.515
            411         190.515
            412         190.515
            413         190.515
            414         190.515
            415         190.515
            416         190.515
            417         190.515
            418         190.515
            419         190.515
            420         190.515
            421         190.515
            422         190.515
            423         190.515
            424         191.492
            425         191.492
            426         191.492
            427         191.492
            428         191.492
            429         191.492
            430         191.492
            431         191.492
            432         191.492
            433         191.492
            434         191.492
            435         191.492
            436         191.492
            437         191.492
            438         191.492
            439         191.492
            440         191.492
            441         191.492
            442         191.492
            443         191.492
            444         191.492
            445         191.492
            446         191.492
            447         191.492
            448         191.492
            449         191.492
            450         191.492
            451         191.492
            452         191.492
            453         191.492
            454         191.492
            455         191.492
            456         191.492
            457         191.492
            458         191.492
            459         191.492
            460         191.492
            461         191.492
            462         191.492
            463         191.492
            464         191.492
            465         191.492
            466         191.492
            467         191.492
            468         191.492
            469         191.492
            470         191.492
            471         191.492
            472         191.492
            473         191.492
            474         191.492
            475         191.492
            476         191.492
            477         191.492
            478         191.492
            479         191.492
            480         191.492
            481         191.492
            482         191.492
            483         191.492
            484         191.492
            485         191.492
            486         191.492
            487         191.492
            488         191.492
            489         191.492
            490         191.492
            491         191.492
            492         191.492
            493         191.492
            494         191.492
            495         192.469
            496         192.469
            497         192.469
            498         192.469
            499         192.469
            500         192.469
            501         192.469
            502         192.469
            503         192.469
            504         192.469
            505         192.469
            506         192.469
            507         192.469
            508         192.469
            509         192.469
            510         192.469
            511         193.446
            512         193.446
            513         193.446
            514         193.446
            515         193.446
            516         193.446
            517         193.446
            518         193.446
            519         193.446
            520         193.446
            521         193.446
            522         193.446
            523         193.446
            524         193.446
            525         193.446
            526         193.446
            527         193.446
            528         193.446
            529         193.446
            530         193.446
            531         193.446
            532         193.446
            533         193.446
            534         193.446
            535         193.446
            536         193.446
            537         193.446
            538         193.446
            539         193.446
            540         193.446
            541         193.446
            542         193.446
            543         193.446
            544         193.446
            545         193.446
            546         193.446
            547         193.446
            548         193.446
            549         193.446
            550         193.446
            551         193.446
            552         193.446
            553         193.446
            554         193.446
            555         193.446
            556         193.446
            557         193.446
            558         193.446
            559         193.446
            560         193.446
            561         193.446
            562         193.446
            563         193.446
            564         193.446
            565         193.446
            566         193.446
            567         193.446
            568         193.446
            569         193.446
            570         193.446
            571         193.446
            572         193.446
            573         193.446
            574         193.446
            575         193.446
            576         193.446
            577         193.446
            578         193.446
            579         193.446
            580         193.446
            581         193.446
            582         193.446
            583         193.446
            584         193.446
            585         193.446
            586         194.423
            587         194.423
            588         194.423
            589         194.423
            590         194.423
            591         194.423
            592         194.423
            593         194.423
            594         194.423
            595         194.423
            596         194.423
            597         194.423
            598         194.423
            599         194.423
            600         193.446
            601         193.446
            602         193.446
            603         193.446
            604         193.446
            605         193.446
            606         193.446
            607         193.446
            608         193.446
            609         193.446
            610         193.446
            611         193.446
            612         193.446
            613         193.446
            614         193.446
            615         193.446
            616         193.446
            617         194.423
            618         194.423
            619         194.423
            620         194.423
            621         194.423
            622         194.423
            623         194.423
            624         194.423
            625         194.423
            626         194.423
            627         194.423
            628         194.423
            629         194.423
            630         194.423
            631         194.423
            632         194.423
            633         194.423
            634         194.423
            635         194.423
            636         194.423
            637         194.423
            638         194.423
            639         194.423
            640         194.423
            641         194.423
            642         194.423
            643         194.423
            644         193.446
            645         193.446
            646         193.446
            647         193.446
            648         193.446
            649         193.446
            650         193.446
            651         193.446
            652         193.446
            653         193.446
            654         193.446
            655         193.446
            656         193.446
            657         193.446
            658         193.446
            659         193.446
            660         193.446
            661         193.446
            662         193.446
            663         193.446
            664         193.446
            665         193.446
            666         193.446
            667         193.446
            668         193.446
            669         193.446
            670         193.446
            671         193.446
            672         193.446
            673         193.446
            674         193.446
            675         193.446
            676         193.446
            677         193.446
            678         193.446
            679         193.446
            680         193.446
            681         192.469
            682         192.469
            683         192.469
            684         192.469
            685         192.469
            686         192.469
            687         192.469
            688         192.469
            689         192.469
            690         192.469
            691         192.469
            692         192.469
            693         192.469
            694         192.469
            695         192.469
            696         192.469
            697         192.469
            698         192.469
            699         192.469
            700         191.492
            701         191.492
            702         191.492
            703         191.492
            704         191.492
            705         191.492
            706         191.492
            707         191.492
            708         191.492
            709         191.492
            710         191.492
            711         191.492
            712         191.492
            713         191.492
            714         191.492
            715         191.492
            716         191.492
            717         191.492
            718         191.492
            719         191.492
            720         191.492
            721         190.515
            722         190.515
            723         190.515
            724         190.515
            725         190.515
            726         190.515
            727         190.515
            728         190.515
            729         190.515
            730         190.515
            731         190.515
            732         190.515
            733         190.515
            734         190.515
            735         190.515
            736         190.515
            737         190.515
            738         190.515
            739         190.515
            740         189.538
            741         189.538
            742         189.538
            743         189.538
            744         189.538
            745         188.561
            746         188.561
            747         188.561
            748         188.561
            749         188.561
            750         188.561
            751         188.561
            752         188.561
            753         188.561
            754         187.584
            755         187.584
            756         187.584
            757         187.584
            758         187.584
            759         187.584
            760         187.584
            761         187.584
            762         187.584
            763         187.584
            764         187.584
            765         187.584
            766         187.584
            767         187.584
            768         187.584
            769         187.584
            770         187.584
            771         187.584
            772         187.584
            773         187.584
            774         186.607
            775         186.607
            776         186.607
            777         186.607
            778         186.607
            779         186.607
            780         186.607
            781         186.607
            782         186.607
            783         186.607
            784         185.630
            785         185.630
            786         185.630
            787         185.630
            788         185.630
            789         185.630
            790         184.653
            791         184.653
            792         184.653
            793         184.653
            794         184.653
            795         184.653
            796         183.676
            797         183.676
            798         183.676
            799         183.676
            800         183.676
            801         182.699
            802         182.699
            803         182.699
            804         182.699
            805         182.699
            806         182.699
            807         182.699
            808         182.699
            809         182.699
            810         183.676
            811         182.699
            812         182.699
            813         181.722
            814         181.722
            815         181.722
            816         181.722
            817         181.722
            818         181.722
            819         181.722
            820         181.722
            821         180.745
            822         180.745
            823         180.745
            824         180.745
            825         180.745
            826         180.745
            827         180.745
            828         179.768
            829         179.768
            830         179.768
            831         179.768
            832         179.768
            833         179.768
            834         179.768
            835         179.768
            836         179.768
            837         179.768
            838         179.768
            839         179.768
            840         179.768
            841         179.768
            842         179.768
            843         179.768
            844         179.768
            845         179.768
            846         179.768
            847         179.768
            848         178.791
            849         178.791
            850         178.791
            851         177.814
            852         177.814
            853         177.814
            854         177.814
            855         177.814
            856         177.814
            857         177.814
            858         177.814
            859         177.814
            860         177.814
            861         177.814
            862         177.814
            863         177.814
            864         177.814
            865         177.814
            866         177.814
            867         177.814
            868         177.814
            869         177.814
            870         177.814
            871         176.837
            872         176.837
            873         176.837
            874         176.837
            875         176.837
            876         176.837
            877         176.837
            878         176.837
            879         175.860
            880         175.860
            881         175.860
            882         175.860
            883         175.860
            884         175.860
            885         175.860
            886         175.860
            887         175.860
            888         175.860
            889         175.860
            890         175.860
            891         175.860
            892         175.860
            893         175.860
            894         174.883
            895         174.883
            896         174.883
            897         174.883
            898         174.883
            899         174.883
            900         174.883
            901         174.883
            902         174.883
            903         174.883
            904         173.906
            905         173.906
            906         173.906
            907         173.906
            908         173.906
            909         173.906
            910         173.906
            911         173.906
            912         173.906
            913         173.906
            914         173.906
            915         173.906
            916         173.906
            917         173.906
            918         173.906
            919         173.906
            920         173.906
            921         173.906
            922         173.906
            923         173.906
            924         173.906
            925         173.906
            926         173.906
            927         173.906
            928         173.906
            929         173.906
            930         173.906
            931         173.906
            932         173.906
            933         173.906
            934         173.906
            935         173.906
            936         173.906
            937         173.906
            938         173.906
            939         173.906
            940         173.906
            941         172.929
            942         172.929
            943         171.952
            944         171.952
            945         170.975
            946         170.975
            947         170.975
            948         170.975
            949         170.975
            950         170.975
            951         170.975
            952         170.975
            953         170.975
            954         170.975
            955         170.975
            956         170.975
            957         170.975
            958         170.975
            959         170.975
            960         170.975
            961         170.975
            962         170.975
            963         170.975
            964         170.975
            965         169.998
            966         169.998
            967         169.998
            968         169.998
            969         169.998
            970         169.998
            971         169.998
            972         169.998
            973         169.998
            974         169.998
            975         169.998
            976         169.998
            977         169.998
            978         169.998
            979         169.998
            980         169.998
            981         169.998
            982         169.998
            983         169.998
            984         169.998
            985         169.998
            986         169.998
            987         169.998
            988         169.998
            989         169.998
            990         169.998
            991         169.998
            992         169.998
            993         169.998
            994         169.998
            995         169.998
            996         169.998
            997         169.998
            998         169.998
            999         169.998
           1000         169.998
           1001         169.021
           1002         169.021
           1003         169.021
           1004         169.998
           1005         169.998
           1006         169.998
           1007         169.998
           1008         169.998
           1009         169.998
           1010         169.998
           1011         169.998
           1012         169.998
           1013         169.998
           1014         169.998
           1015         169.998
           1016         169.998
           1017         169.998
           1018         169.998
           1019         169.998
