TRACENO
              1         135.803
              2         135.803
              3         135.803
              4         135.803
              5         135.803
              6         135.803
              7         135.803
              8         135.803
              9         135.803
             10         135.803
             11         135.803
             12         135.803
             13         135.803
             14         135.803
             15         135.803
             16         135.803
             17         135.803
             18         135.803
             19         135.803
             20         135.803
             21         135.803
             22         135.803
             23         135.803
             24         135.803
             25         135.803
             26         135.803
             27         135.803
             28         135.803
             29         135.803
             30         135.803
             31         135.803
             32         135.803
             33         135.803
             34         135.803
             35         135.803
             36         135.803
             37         135.803
             38         135.803
             39         135.803
             40         135.803
             41         135.803
             42         135.803
             43         135.803
             44         135.803
             45         135.803
             46         135.803
             47         135.803
             48         135.803
             49         135.803
             50         135.803
             51         135.803
             52         135.803
             53         135.803
             54         135.803
             55         135.803
             56         135.803
             57         135.803
             58         135.803
             59         135.803
             60         135.803
             61         135.803
             62         135.803
             63         135.803
             64         135.803
             65         135.803
             66         135.803
             67         135.803
             68         135.803
             69         135.803
             70         135.803
             71         135.803
             72         135.803
             73         135.803
             74         135.803
             75         135.803
             76         135.803
             77         135.803
             78         135.803
             79         135.803
             80         135.803
             81         135.803
             82         135.803
             83         136.780
             84         136.780
             85         136.780
             86         136.780
             87         136.780
             88         136.780
             89         136.780
             90         136.780
             91         136.780
             92         136.780
             93         136.780
             94         136.780
             95         136.780
             96         136.780
             97         136.780
             98         136.780
             99         136.780
            100         136.780
            101         136.780
            102         136.780
            103         136.780
            104         136.780
            105         136.780
            106         136.780
            107         136.780
            108         136.780
            109         136.780
            110         136.780
            111         136.780
            112         136.780
            113         136.780
            114         136.780
            115         136.780
            116         136.780
            117         136.780
            118         136.780
            119         136.780
            120         136.780
            121         137.757
            122         137.757
            123         137.757
            124         137.757
            125         137.757
            126         137.757
            127         137.757
            128         137.757
            129         137.757
            130         137.757
            131         137.757
            132         137.757
            133         137.757
            134         137.757
            135         137.757
            136         137.757
            137         137.757
            138         137.757
            139         137.757
            140         137.757
            141         137.757
            142         138.734
            143         138.734
            144         138.734
            145         138.734
            146         138.734
            147         138.734
            148         138.734
            149         138.734
            150         138.734
            151         138.734
            152         138.734
            153         138.734
            154         139.711
            155         139.711
            156         139.711
            157         139.711
            158         139.711
            159         139.711
            160         139.711
            161         139.711
            162         139.711
            163         139.711
            164         139.711
            165         139.711
            166         139.711
            167         139.711
            168         139.711
            169         140.688
            170         140.688
            171         140.688
            172         140.688
            173         140.688
            174         139.711
            175         139.711
            176         139.711
            177         139.711
            178         139.711
            179         140.688
            180         140.688
            181         140.688
            182         140.688
            183         140.688
            184         140.688
            185         140.688
            186         140.688
            187         140.688
            188         140.688
            189         140.688
            190         140.688
            191         140.688
            192         139.711
            193         139.711
            194         140.688
            195         140.688
            196         140.688
            197         140.688
            198         140.688
            199         140.688
            200         140.688
            201         140.688
            202         140.688
            203         140.688
            204         140.688
            205         140.688
            206         140.688
            207         140.688
            208         140.688
            209         140.688
            210         140.688
            211         140.688
            212         140.688
            213         140.688
            214         140.688
            215         140.688
            216         140.688
            217         141.665
            218         141.665
            219         141.665
            220         141.665
            221         141.665
            222         141.665
            223         141.665
            224         141.665
            225         141.665
            226         141.665
            227         141.665
            228         141.665
            229         141.665
            230         141.665
            231         141.665
            232         141.665
            233         141.665
            234         141.665
            235         141.665
            236         141.665
            237         141.665
            238         141.665
            239         141.665
            240         142.642
            241         142.642
            242         142.642
            243         142.642
            244         142.642
            245         142.642
            246         142.642
            247         142.642
            248         142.642
            249         142.642
            250         142.642
            251         142.642
            252         142.642
            253         142.642
            254         142.642
            255         142.642
            256         142.642
            257         143.619
            258         143.619
            259         143.619
            260         143.619
            261         143.619
            262         143.619
            263         143.619
            264         143.619
            265         143.619
            266         143.619
            267         143.619
            268         143.619
            269         143.619
            270         143.619
            271         143.619
            272         143.619
            273         143.619
            274         143.619
            275         144.596
            276         144.596
            277         144.596
            278         144.596
            279         144.596
            280         144.596
            281         144.596
            282         144.596
            283         144.596
            284         144.596
            285         144.596
            286         144.596
            287         144.596
            288         144.596
            289         144.596
            290         144.596
            291         144.596
            292         144.596
            293         144.596
            294         144.596
            295         144.596
            296         144.596
            297         144.596
            298         144.596
            299         144.596
            300         144.596
            301         144.596
            302         144.596
            303         145.573
            304         145.573
            305         145.573
            306         145.573
            307         145.573
            308         145.573
            309         145.573
            310         145.573
            311         145.573
            312         145.573
            313         145.573
            314         145.573
            315         145.573
            316         146.550
            317         146.550
            318         146.550
            319         146.550
            320         146.550
            321         146.550
            322         146.550
            323         146.550
            324         146.550
            325         146.550
            326         146.550
            327         146.550
            328         147.527
            329         147.527
            330         147.527
            331         147.527
            332         147.527
            333         147.527
            334         147.527
            335         147.527
            336         147.527
            337         147.527
            338         147.527
            339         147.527
            340         147.527
            341         147.527
            342         147.527
            343         148.504
            344         148.504
            345         148.504
            346         149.481
            347         149.481
            348         149.481
            349         149.481
            350         149.481
            351         149.481
            352         149.481
            353         149.481
            354         149.481
            355         149.481
            356         149.481
            357         149.481
            358         149.481
            359         149.481
            360         149.481
            361         149.481
            362         149.481
            363         149.481
            364         149.481
            365         149.481
            366         149.481
            367         149.481
            368         149.481
            369         149.481
            370         149.481
            371         149.481
            372         149.481
            373         149.481
            374         149.481
            375         150.458
            376         150.458
            377         150.458
            378         150.458
            379         150.458
            380         150.458
            381         150.458
            382         150.458
            383         150.458
            384         149.481
            385         150.458
            386         150.458
            387         150.458
            388         150.458
            389         150.458
            390         150.458
            391         150.458
            392         150.458
            393         150.458
            394         150.458
            395         150.458
            396         151.435
            397         151.435
            398         151.435
            399         151.435
            400         151.435
            401         151.435
            402         151.435
            403         151.435
            404         151.435
            405         151.435
            406         151.435
            407         151.435
            408         151.435
            409         151.435
            410         151.435
            411         151.435
            412         151.435
            413         151.435
            414         151.435
            415         151.435
            416         151.435
            417         151.435
            418         152.412
            419         152.412
            420         152.412
            421         152.412
            422         152.412
            423         152.412
            424         152.412
            425         152.412
            426         152.412
            427         152.412
            428         152.412
            429         152.412
            430         152.412
            431         152.412
            432         152.412
            433         152.412
            434         152.412
            435         152.412
            436         153.389
            437         153.389
            438         153.389
            439         153.389
            440         153.389
            441         153.389
            442         153.389
            443         153.389
            444         153.389
            445         153.389
            446         153.389
            447         153.389
            448         154.366
            449         154.366
            450         154.366
            451         154.366
            452         154.366
            453         154.366
            454         154.366
            455         154.366
            456         154.366
            457         154.366
            458         154.366
            459         154.366
            460         154.366
            461         154.366
            462         154.366
            463         154.366
            464         154.366
            465         154.366
            466         154.366
            467         154.366
            468         155.343
            469         155.343
            470         155.343
            471         155.343
            472         155.343
            473         155.343
            474         155.343
            475         155.343
            476         155.343
            477         155.343
            478         155.343
            479         155.343
            480         155.343
            481         155.343
            482         155.343
            483         155.343
            484         155.343
            485         155.343
            486         155.343
            487         155.343
            488         155.343
            489         155.343
            490         155.343
            491         155.343
            492         155.343
            493         155.343
            494         155.343
            495         155.343
            496         155.343
            497         156.320
            498         156.320
            499         156.320
            500         156.320
            501         156.320
            502         156.320
            503         156.320
            504         156.320
            505         156.320
            506         156.320
            507         156.320
            508         156.320
            509         156.320
            510         156.320
            511         156.320
            512         156.320
            513         156.320
            514         156.320
            515         156.320
            516         156.320
            517         156.320
            518         156.320
            519         157.297
            520         157.297
            521         157.297
            522         157.297
            523         157.297
            524         157.297
            525         157.297
            526         157.297
            527         157.297
            528         157.297
            529         157.297
            530         157.297
            531         157.297
            532         157.297
            533         158.274
            534         158.274
            535         158.274
            536         158.274
            537         158.274
            538         158.274
            539         158.274
            540         158.274
            541         158.274
            542         158.274
            543         158.274
            544         158.274
            545         158.274
            546         158.274
            547         158.274
            548         158.274
            549         158.274
            550         158.274
            551         158.274
            552         158.274
            553         159.251
            554         159.251
            555         159.251
            556         159.251
            557         159.251
            558         159.251
            559         159.251
            560         159.251
            561         159.251
            562         159.251
            563         159.251
            564         159.251
            565         159.251
            566         159.251
            567         159.251
            568         159.251
            569         159.251
            570         159.251
            571         159.251
            572         159.251
            573         160.228
            574         160.228
            575         160.228
            576         160.228
            577         160.228
            578         160.228
            579         160.228
            580         160.228
            581         160.228
            582         160.228
            583         160.228
            584         160.228
            585         160.228
            586         160.228
            587         160.228
            588         160.228
            589         160.228
            590         160.228
            591         160.228
            592         160.228
            593         160.228
            594         160.228
            595         160.228
            596         160.228
            597         160.228
            598         161.205
            599         161.205
            600         161.205
            601         161.205
            602         161.205
            603         161.205
            604         161.205
            605         161.205
            606         161.205
            607         161.205
            608         161.205
            609         161.205
            610         161.205
            611         161.205
            612         161.205
            613         161.205
            614         161.205
            615         161.205
            616         161.205
            617         161.205
            618         161.205
            619         161.205
            620         161.205
            621         161.205
            622         161.205
            623         161.205
            624         161.205
            625         161.205
            626         161.205
            627         161.205
            628         161.205
            629         162.182
            630         162.182
            631         162.182
            632         162.182
            633         162.182
            634         162.182
            635         162.182
            636         162.182
            637         162.182
            638         162.182
            639         162.182
            640         162.182
            641         162.182
            642         162.182
            643         162.182
            644         162.182
            645         162.182
            646         162.182
            647         162.182
            648         162.182
            649         162.182
            650         162.182
            651         162.182
            652         162.182
            653         162.182
            654         162.182
            655         162.182
            656         162.182
            657         162.182
            658         162.182
            659         162.182
            660         162.182
            661         162.182
            662         162.182
            663         162.182
            664         162.182
            665         163.159
            666         163.159
            667         163.159
            668         163.159
            669         163.159
            670         163.159
            671         163.159
            672         163.159
            673         163.159
            674         163.159
            675         163.159
            676         163.159
            677         163.159
            678         163.159
            679         163.159
            680         163.159
            681         163.159
            682         163.159
            683         163.159
            684         163.159
            685         164.136
            686         164.136
            687         164.136
            688         164.136
            689         164.136
            690         164.136
            691         164.136
            692         164.136
            693         164.136
            694         164.136
            695         164.136
            696         164.136
            697         164.136
            698         164.136
            699         164.136
            700         164.136
            701         164.136
            702         164.136
            703         164.136
            704         164.136
            705         164.136
            706         164.136
            707         164.136
            708         164.136
            709         164.136
            710         164.136
            711         164.136
            712         164.136
            713         164.136
            714         164.136
            715         164.136
            716         164.136
            717         164.136
            718         164.136
            719         164.136
            720         164.136
            721         164.136
            722         163.159
            723         163.159
            724         163.159
            725         164.136
            726         164.136
            727         164.136
            728         164.136
            729         164.136
            730         164.136
            731         164.136
            732         164.136
            733         164.136
            734         164.136
            735         164.136
            736         164.136
            737         164.136
            738         164.136
            739         164.136
            740         164.136
            741         164.136
            742         164.136
            743         165.113
            744         165.113
            745         165.113
            746         165.113
            747         165.113
            748         165.113
            749         165.113
            750         165.113
            751         165.113
            752         165.113
            753         165.113
            754         165.113
            755         165.113
            756         165.113
            757         165.113
            758         165.113
            759         165.113
            760         165.113
            761         165.113
            762         165.113
            763         165.113
            764         165.113
            765         165.113
            766         165.113
            767         165.113
            768         165.113
            769         165.113
            770         165.113
            771         165.113
            772         165.113
            773         165.113
            774         165.113
            775         165.113
            776         165.113
            777         165.113
            778         165.113
            779         165.113
            780         165.113
            781         165.113
            782         165.113
            783         165.113
            784         165.113
            785         165.113
            786         165.113
            787         165.113
            788         165.113
            789         165.113
            790         165.113
            791         165.113
            792         165.113
            793         165.113
            794         165.113
            795         165.113
            796         165.113
            797         165.113
            798         165.113
            799         165.113
            800         165.113
            801         165.113
            802         165.113
            803         165.113
            804         165.113
            805         165.113
            806         165.113
            807         165.113
            808         165.113
            809         166.090
            810         166.090
            811         166.090
            812         166.090
            813         166.090
            814         166.090
            815         166.090
            816         166.090
            817         166.090
            818         166.090
            819         166.090
            820         166.090
            821         166.090
            822         166.090
            823         166.090
            824         166.090
            825         166.090
            826         166.090
            827         166.090
            828         166.090
            829         166.090
            830         166.090
            831         166.090
            832         166.090
            833         166.090
            834         166.090
            835         166.090
            836         166.090
            837         166.090
            838         166.090
            839         166.090
            840         166.090
            841         166.090
            842         166.090
            843         166.090
            844         166.090
            845         166.090
            846         166.090
            847         166.090
            848         166.090
            849         166.090
            850         166.090
            851         166.090
            852         166.090
            853         166.090
            854         166.090
            855         166.090
            856         166.090
            857         166.090
            858         166.090
            859         166.090
            860         166.090
            861         166.090
            862         166.090
            863         166.090
            864         166.090
            865         166.090
            866         166.090
            867         166.090
            868         166.090
            869         166.090
            870         166.090
            871         166.090
            872         166.090
            873         166.090
            874         166.090
            875         166.090
            876         166.090
            877         166.090
            878         167.067
            879         167.067
            880         167.067
            881         167.067
            882         167.067
            883         167.067
            884         167.067
            885         167.067
            886         167.067
            887         167.067
            888         167.067
            889         167.067
            890         167.067
            891         167.067
            892         167.067
            893         167.067
            894         167.067
            895         167.067
            896         167.067
            897         167.067
            898         167.067
            899         167.067
            900         167.067
            901         167.067
            902         167.067
            903         167.067
            904         167.067
            905         167.067
            906         167.067
            907         167.067
            908         167.067
            909         167.067
            910         167.067
            911         167.067
            912         167.067
            913         167.067
            914         167.067
            915         167.067
            916         167.067
            917         167.067
            918         167.067
            919         166.090
            920         166.090
            921         166.090
            922         166.090
            923         166.090
            924         166.090
            925         166.090
            926         166.090
            927         166.090
            928         166.090
            929         166.090
            930         166.090
            931         166.090
            932         166.090
            933         166.090
            934         166.090
            935         166.090
            936         166.090
            937         166.090
            938         166.090
            939         166.090
            940         166.090
            941         166.090
            942         166.090
            943         166.090
            944         166.090
            945         166.090
            946         166.090
            947         166.090
            948         166.090
            949         166.090
            950         166.090
            951         166.090
            952         166.090
            953         166.090
            954         166.090
            955         166.090
            956         166.090
            957         166.090
            958         166.090
            959         166.090
            960         166.090
            961         166.090
            962         166.090
            963         166.090
            964         166.090
            965         166.090
            966         166.090
            967         166.090
            968         166.090
            969         166.090
            970         166.090
            971         166.090
            972         166.090
            973         166.090
            974         166.090
            975         166.090
            976         166.090
            977         166.090
            978         166.090
            979         166.090
            980         166.090
            981         166.090
            982         166.090
            983         166.090
            984         166.090
            985         166.090
            986         166.090
            987         166.090
            988         166.090
            989         166.090
            990         166.090
            991         166.090
            992         166.090
            993         166.090
            994         166.090
            995         166.090
            996         166.090
            997         166.090
            998         166.090
            999         166.090
           1000         166.090
           1001         166.090
           1002         166.090
           1003         166.090
           1004         166.090
           1005         166.090
           1006         166.090
           1007         166.090
           1008         166.090
           1009         166.090
           1010         166.090
           1011         166.090
           1012         166.090
           1013         166.090
           1014         166.090
           1015         166.090
           1016         166.090
           1017         166.090
           1018         166.090
           1019         166.090
           1020         166.090
           1021         166.090
           1022         166.090
           1023         166.090
           1024         166.090
           1025         166.090
           1026         166.090
           1027         166.090
           1028         166.090
           1029         166.090
           1030         167.067
           1031         167.067
           1032         167.067
           1033         167.067
           1034         167.067
           1035         167.067
           1036         167.067
           1037         167.067
           1038         167.067
           1039         167.067
           1040         167.067
           1041         167.067
           1042         167.067
           1043         167.067
           1044         168.044
           1045         168.044
           1046         168.044
           1047         168.044
           1048         168.044
           1049         168.044
           1050         168.044
           1051         168.044
           1052         168.044
           1053         168.044
           1054         168.044
           1055         168.044
           1056         168.044
           1057         168.044
           1058         168.044
           1059         168.044
           1060         168.044
           1061         168.044
           1062         168.044
           1063         168.044
           1064         168.044
           1065         168.044
           1066         168.044
           1067         168.044
           1068         168.044
           1069         168.044
           1070         168.044
           1071         168.044
           1072         168.044
           1073         168.044
           1074         168.044
