TRACENO
              1         173.906
              2         173.906
              3         173.906
              4         173.906
              5         173.906
              6         173.906
              7         173.906
              8         173.906
              9         173.906
             10         173.906
             11         173.906
             12         173.906
             13         173.906
             14         173.906
             15         173.906
             16         173.906
             17         173.906
             18         173.906
             19         173.906
             20         173.906
             21         173.906
             22         173.906
             23         173.906
             24         173.906
             25         173.906
             26         173.906
             27         173.906
             28         173.906
             29         173.906
             30         173.906
             31         173.906
             32         173.906
             33         173.906
             34         173.906
             35         173.906
             36         173.906
             37         173.906
             38         173.906
             39         173.906
             40         173.906
             41         173.906
             42         173.906
             43         173.906
             44         173.906
             45         173.906
             46         174.883
             47         174.883
             48         174.883
             49         174.883
             50         173.906
             51         172.929
             52         172.929
             53         172.929
             54         172.929
             55         172.929
             56         172.929
             57         172.929
             58         172.929
             59         172.929
             60         172.929
             61         172.929
             62         171.952
             63         171.952
             64         171.952
             65         171.952
             66         171.952
             67         171.952
             68         171.952
             69         171.952
             70         171.952
             71         171.952
             72         171.952
             73         171.952
             74         171.952
             75         171.952
             76         171.952
             77         171.952
             78         171.952
             79         171.952
             80         171.952
             81         171.952
             82         171.952
             83         171.952
             84         171.952
             85         171.952
             86         171.952
             87         171.952
             88         171.952
             89         171.952
             90         171.952
             91         171.952
             92         171.952
             93         171.952
             94         170.975
             95         170.975
             96         170.975
             97         170.975
             98         170.975
             99         170.975
            100         170.975
            101         170.975
            102         170.975
            103         170.975
            104         170.975
            105         170.975
            106         170.975
            107         170.975
            108         171.952
            109         171.952
            110         171.952
            111         171.952
            112         171.952
            113         171.952
            114         171.952
            115         171.952
            116         170.975
            117         170.975
            118         170.975
            119         170.975
            120         169.998
            121         169.998
            122         169.998
            123         169.998
            124         169.021
            125         169.021
            126         169.021
            127         169.021
            128         168.044
            129         167.067
            130         167.067
            131         167.067
            132         166.090
            133         166.090
            134         166.090
            135         166.090
            136         166.090
            137         166.090
            138         166.090
            139         166.090
            140         167.067
            141         167.067
            142         167.067
            143         167.067
            144         167.067
            145         167.067
            146         167.067
            147         167.067
            148         167.067
            149         167.067
            150         167.067
            151         167.067
            152         167.067
            153         167.067
            154         167.067
            155         167.067
            156         167.067
            157         167.067
            158         167.067
            159         167.067
            160         168.044
            161         168.044
            162         168.044
            163         168.044
            164         169.021
            165         168.044
            166         168.044
            167         168.044
            168         168.044
            169         168.044
            170         167.067
            171         167.067
            172         167.067
            173         167.067
            174         167.067
            175         167.067
            176         167.067
            177         167.067
            178         167.067
            179         167.067
            180         167.067
            181         167.067
            182         167.067
            183         166.090
            184         166.090
            185         166.090
            186         166.090
            187         166.090
            188         166.090
            189         166.090
            190         166.090
            191         166.090
            192         166.090
            193         166.090
            194         165.113
            195         165.113
            196         165.113
            197         165.113
            198         165.113
            199         166.090
            200         166.090
            201         166.090
            202         166.090
            203         166.090
            204         166.090
            205         166.090
            206         166.090
            207         166.090
            208         167.067
            209         167.067
            210         167.067
            211         167.067
            212         167.067
            213         167.067
            214         167.067
            215         166.090
            216         166.090
            217         166.090
            218         166.090
            219         166.090
            220         166.090
            221         166.090
            222         166.090
            223         166.090
            224         166.090
            225         166.090
            226         166.090
            227         166.090
            228         166.090
            229         166.090
            230         166.090
            231         166.090
            232         166.090
            233         166.090
            234         166.090
            235         166.090
            236         166.090
            237         166.090
            238         166.090
            239         165.113
            240         165.113
            241         165.113
            242         165.113
            243         165.113
            244         165.113
            245         164.136
            246         164.136
            247         164.136
            248         164.136
            249         164.136
            250         163.159
            251         163.159
            252         163.159
            253         163.159
            254         163.159
            255         163.159
            256         163.159
            257         163.159
            258         163.159
            259         163.159
            260         164.136
            261         164.136
            262         164.136
            263         164.136
            264         164.136
            265         164.136
            266         164.136
            267         164.136
            268         164.136
            269         164.136
            270         164.136
            271         164.136
            272         164.136
            273         163.159
            274         163.159
            275         163.159
            276         163.159
            277         163.159
            278         163.159
            279         162.182
            280         162.182
            281         162.182
            282         162.182
            283         162.182
            284         162.182
            285         162.182
            286         162.182
            287         162.182
            288         162.182
            289         162.182
            290         162.182
            291         162.182
            292         162.182
            293         162.182
            294         162.182
            295         162.182
            296         162.182
            297         163.159
            298         163.159
            299         164.136
            300         164.136
            301         164.136
            302         164.136
            303         164.136
            304         164.136
            305         164.136
            306         164.136
            307         163.159
            308         163.159
            309         162.182
            310         161.205
            311         161.205
            312         161.205
            313         161.205
            314         161.205
            315         161.205
            316         161.205
            317         161.205
            318         161.205
            319         161.205
            320         161.205
            321         161.205
            322         161.205
            323         161.205
            324         160.228
            325         160.228
            326         159.251
            327         158.274
            328         158.274
            329         158.274
            330         159.251
            331         159.251
            332         159.251
            333         159.251
            334         159.251
            335         159.251
            336         159.251
            337         160.228
            338         161.205
            339         161.205
            340         161.205
            341         161.205
            342         160.228
            343         160.228
            344         160.228
            345         160.228
            346         160.228
            347         160.228
            348         160.228
            349         161.205
            350         161.205
            351         161.205
            352         161.205
            353         162.182
            354         162.182
            355         162.182
            356         162.182
            357         162.182
            358         162.182
            359         161.205
            360         161.205
            361         160.228
            362         160.228
            363         160.228
            364         159.251
            365         159.251
            366         159.251
            367         159.251
            368         160.228
            369         160.228
            370         161.205
            371         162.182
            372         161.205
            373         161.205
            374         161.205
            375         161.205
            376         160.228
            377         160.228
            378         160.228
            379         159.251
            380         159.251
            381         159.251
            382         159.251
            383         159.251
            384         159.251
            385         160.228
            386         160.228
            387         160.228
            388         161.205
            389         161.205
            390         161.205
            391         162.182
            392         162.182
            393         162.182
            394         163.159
            395         163.159
            396         163.159
            397         163.159
            398         164.136
            399         164.136
            400         164.136
            401         163.159
            402         163.159
            403         162.182
            404         162.182
            405         161.205
            406         161.205
            407         161.205
            408         161.205
            409         160.228
            410         160.228
            411         160.228
            412         160.228
            413         159.251
            414         159.251
            415         159.251
            416         159.251
            417         159.251
            418         159.251
            419         159.251
            420         159.251
            421         159.251
            422         159.251
            423         159.251
            424         159.251
            425         159.251
            426         159.251
            427         159.251
            428         159.251
            429         159.251
            430         159.251
            431         159.251
            432         159.251
            433         159.251
            434         159.251
            435         158.274
            436         158.274
            437         158.274
            438         158.274
            439         158.274
            440         158.274
            441         158.274
            442         158.274
            443         158.274
            444         158.274
            445         158.274
            446         158.274
            447         158.274
            448         158.274
            449         158.274
            450         158.274
            451         157.297
            452         157.297
            453         157.297
            454         157.297
            455         157.297
            456         157.297
            457         157.297
            458         157.297
            459         157.297
            460         157.297
            461         157.297
            462         156.320
            463         156.320
            464         156.320
            465         156.320
            466         156.320
            467         156.320
            468         156.320
            469         156.320
            470         156.320
            471         156.320
            472         156.320
            473         155.343
            474         155.343
            475         155.343
            476         155.343
            477         155.343
            478         155.343
            479         155.343
            480         155.343
            481         155.343
            482         155.343
            483         155.343
            484         155.343
            485         155.343
            486         154.366
            487         154.366
            488         154.366
            489         154.366
            490         154.366
            491         154.366
            492         153.389
            493         153.389
            494         153.389
            495         153.389
            496         153.389
            497         153.389
            498         153.389
            499         153.389
            500         153.389
            501         153.389
            502         153.389
            503         153.389
            504         153.389
            505         153.389
            506         153.389
            507         153.389
            508         153.389
            509         153.389
